0 34.0304 23.3333
1 33.4165 60.2524
2 33.9824 34.8905
3 34.0272 39.4024
4 33.393 44.6643
5 34.611 32.969
6 34.7796 46.2095
7 34.4257 45.5429
8 34.2922 48.3631
9 34.5336 38.5
10 35.0477 27.3071
11 34.9052 34.9881
12 35.3994 43.8476
13 35.0538 28.6845
14 35.8796 36.5512
15 35.7981 34.6226
16 35.4425 32.2881
17 35.4494 29.6036
18 34.5919 27.1167
19 35.371 52.8952
20 36.0675 68.7905
21 35.2155 61.5881
22 34.9773 57.5571
23 35.5924 22.7821
24 36.5694 51.0405
25 35.6205 23.7179
26 36.149 43.2
27 36.5743 58.5214
28 37.2577 40.3548
29 36.2818 48.6869
30 36.6858 48.0857
31 35.6883 28.8012
32 35.9977 -37.7738
33 35.9178 -22.6643
34 37.0514 -28.7214
35 35.4324 -48.0893
36 36.1882 -5.10357
37 36.0975 -25.3774
38 37.2728 1.05833
39 37.6994 -10.5393
40 34.7379 -26.2048
41 35.4893 -52.306
42 35.6447 -11.1143
43 35.2972 -31.05
44 33.4661 -39.1619
45 34.5554 -13.4512
46 35.0791 -42.3595
47 35.9794 -3.50833
48 34.4847 -38.419
49 33.5318 -42.3571
50 35.2796 -28.1214
51 33.9913 -15.3167
52 34.2608 -26.6214
53 33.6947 -22.3464
54 33.7602 -40.9405
55 34.9916 -6.68095
56 31.5387 -27.9131
57 33.4424 -38.0071
58 34.0606 -20.3571
59 32.9438 -18.4167
60 33.1581 -24.2738
61 31.8226 -10.5988
62 32.2749 -21.3214
63 32.8152 -15.3298
