0 33.8376 31.6518
1 34.8097 16.9744
2 34.8048 -2.41131
3 34.6784 29.0393
4 34.4708 10.0643
5 35.6222 4.21131
6 35.9126 27.2738
7 36.1261 9.6994
8 35.1155 32.9577
9 35.0721 34.1452
10 35.9755 17.375
11 35.521 18.3399
12 34.1086 32.8304
13 34.1778 -7.4125
14 35.6622 10.0446
15 35.7138 -0.368452
16 34.3465 29.1429
17 35.2423 20.0982
18 34.6538 38.2232
19 35.0571 55.997
20 33.6348 40.5435
21 34.1827 40.4137
22 34.4712 16.6524
23 34.589 23.2994
24 33.9877 48.2
25 34.4463 18.5893
26 35.399 25.1042
27 34.5922 33.3673
28 32.3234 5.76429
29 35.5432 19.8649
30 33.8959 64.9107
31 35.1157 20.4226
32 33.9529 -4.99107
33 33.9175 -15.1726
34 33.8524 -24.1262
35 33.2999 -14.344
36 33.2106 -15.7321
37 32.2872 -34.5048
38 32.7313 -21.4036
39 33.7427 -10.0613
40 32.4141 -25.3929
41 34.5275 -4.16726
42 34.3862 -10.7625
43 34.5892 -27.4667
44 33.8139 -16.2536
45 35.3879 -22.0179
46 34.4911 -25.6661
47 34.2885 -40.1
48 33.4804 -14.6464
49 33.2365 11.9595
50 32.8252 -15.1179
51 34.071 3.50238
52 33.3705 -7.86905
53 34.7709 -2.24702
54 32.1207 -41.2024
55 32.9389 8.60714
56 32.5007 -41.5155
57 33.1892 -28.894
58 32.9691 4.44286
59 32.4363 -1.75
60 32.78 -3.39524
61 34.1362 -17.0649
62 33.2502 -35.3119
63 35.3987 -18.4369
64 33.3257 66.9429
65 34.6445 43.5744
66 33.2996 45.5929
67 34.2618 53.3155
68 32.6159 51.4905
69 34.0394 57.247
70 33.4963 59.6054
71 33.4563 53.8018
72 32.6287 68.1595
73 32.9466 59.353
74 32.9307 30.65
75 32.1318 64.7857
76 32.1946 39.9387
77 34.3039 43.8125
78 32.5793 81.969
79 32.5588 67.1286
80 32.5303 45.75
81 32.7044 80.3476
82 33.1445 96.1298
83 31.7947 49.644
84 31.6622 48.4857
85 33.6549 57.2911
86 31.1645 72.2881
87 32.8228 43.0583
88 32.4431 60.606
89 33.5353 56.1012
90 33.0897 66.1952
91 30.7978 94.694
92 29.9357 46.6648
93 31.2808 66.431
94 32.6402 60.625
