0 34.0545 -23.0595
1 33.88 20.375
2 33.6823 -4.38452
3 34.4389 -16.806
4 33.9496 -6.375
5 34.8978 3.10476
6 34.6179 -12.9667
7 35.23 29.7738
8 33.5794 1.15
9 34.3125 -2.88571
10 33.7902 -20.125
11 34.5715 -8.24167
12 33.333 -6.1
13 34.164 44.8
14 33.7505 8.23333
15 34.1759 18.1798
16 33.2009 11.775
17 34.6529 25.3595
18 32.767 8.39643
19 33.181 25.85
20 33.6933 -11.3881
21 32.9488 16.35
22 30.9421 -15.5131
23 33.665 -0.442857
24 32.7997 -7.875
25 32.8634 15.025
26 33.7725 16.6107
27 34.4985 15.8738
28 32.1338 24.4
29 32.7725 -17.3
30 33.9447 10.731
31 33.4609 19.85
32 33.7433 -9.425
33 33.9263 -4.075
34 34.2421 -22.25
35 34.1087 -10.3738
36 32.8998 -4.125
37 34.2346 -36.8869
38 34.5988 -3.97143
39 34.6586 -21.7845
40 32.029 -35.7
41 33.3013 -13
42 33.0845 -9.66905
43 34.0317 -20.725
44 32.8414 6.85
45 32.6619 -10.4988
46 32.347 -3.68095
47 32.9692 -7
48 31.093 7.85
49 33.342 5.00238
50 32.6981 -11.2507
51 33.453 -18.9512
52 33.0804 -0.3
53 33.2815 -34.125
54 32.4636 2.975
55 32.761 18.15
56 33.4957 3.2869
57 33.5659 -16.2214
58 32.1313 -7.1
59 31.6683 14.55
60 31.7477 -1.7
61 32.7164 -9.975
62 33.3791 20.4571
63 32.5252 13.9
64 34.3862 17.525
65 34.471 6.5
66 34.3924 -0.0964286
67 34.3762 -2.2
68 34.5723 20.15
69 26.1516 5.72381
70 35.3246 -1.5131
71 35.3915 44.6179
72 34.5196 11.4405
73 34.3561 -3.175
74 35.1955 6.65
75 34.584 1.325
76 34.0173 4
77 33.5647 2.20238
78 33.678 32.4
79 34.7508 10.45
80 33.8998 11
81 34.5008 16.1107
82 35.8965 8.725
83 34.3774 14.2512
84 33.395 1.525
85 33.1915 -23.7667
86 32.5381 9
87 35.4126 -2.86071
88 33.6044 -1.36548
89 34.3162 5.625
90 33.7151 6.575
91 33.6236 -62.5762
92 33.0505 23.65
93 34.4612 18.7226
94 33.4595 25.85
