0 34.1937 -14.7738
1 35.5464 36.175
2 35.3138 13.4774
3 35.8339 1.45
4 35.5083 20.5702
5 35.4645 28.7
6 34.7369 6.2619
7 35.5093 -4.50595
8 35.2229 -5.775
9 35.3969 -5.8
10 35.4425 -9.65
11 35.5881 24.619
12 34.5284 17.8
13 35.3399 5.75595
14 34.5388 -4.6
15 35.2559 -0.169048
16 34.6569 14.7333
17 35.0131 14.2833
18 34.8164 -5.675
19 36.1027 29.9393
20 34.8344 -5.75476
21 35.3065 -15.7
22 34.7877 11.2952
23 34.6467 5.6
24 35.5051 -2.01071
25 33.3841 11.7631
26 33.2504 19.0762
27 33.9373 16.3929
28 34.2346 15.744
29 33.7455 8.48929
30 33.1462 -19.95
31 34.3716 16.375
32 33.6794 20.075
33 36.1335 9.65
34 34.2639 23.9
35 34.7749 12.5
36 33.34 3.05
37 34.0184 48.575
38 34.6937 30.7857
39 35.2136 13.9214
40 34.196 37.9143
41 35.3891 -2.8119
42 35.1991 24.225
43 35.3894 17.3571
44 34.3064 18.6857
45 34.7549 44.3833
46 34.1591 46.7107
47 34.2505 8.975
48 35.0671 9.43333
49 34.4903 42.7
50 33.7784 21.025
51 34.585 20.7071
52 33.0259 25.375
53 33.6108 19.6452
54 34.476 3.20238
55 34.5327 27.65
56 32.5921 13.6
57 33.4316 37.05
58 34.031 48.75
59 33.3208 23.15
60 32.5938 28.625
61 32.548 36.3
62 33.3833 32.925
63 33.9433 19.3667
64 35.2741 -16.8024
65 34.523 -27.25
66 34.3393 -9.625
67 35.2669 -45.8952
68 35.5512 -31.9107
69 34.6522 -15.6
70 33.3944 -1.65
71 34.3918 -32.6619
72 33.5223 -11.5833
73 33.1308 -11.325
74 34.5451 -6.04167
75 34.4548 -17.325
76 33.9177 9.2
77 34.0054 -13.7
78 33.6743 -0.7
79 33.7123 -17.5762
80 33.3984 -27.9
81 28.0475 -9.75933
82 32.4851 -7.925
83 32.7683 -18.175
84 32.1093 -18.35
85 32.7618 -8.025
86 31.7517 -53.3
87 32.355 -3.65
88 31.9458 -30.6
89 33.6999 -11.0821
90 32.1307 -10.825
91 32.8246 -19.525
92 32.3232 -17.7952
93 31.2307 -46.45
94 32.822 8.575
