0 34.8306 34.7
1 35.2326 37.8173
2 34.4633 12.0786
3 33.9504 14.2286
4 34.8469 27.4619
5 34.1285 29.3583
6 34.1411 37.0333
7 34.6943 34.8417
8 34.599 42.15
9 34.552 48.1976
10 34.6833 52.275
11 35.4098 51.5381
12 33.977 30.5869
13 33.7961 35.7464
14 33.3026 53.2571
15 32.7486 12.7155
16 33.2899 53.0464
17 33.6476 49.3661
18 33.8599 35.525
19 34.0929 46.1524
20 33.1223 50.5952
21 33.3854 56.781
22 32.7639 30.4667
23 33.9987 26.7571
24 32.9652 70.7214
25 31.7803 39.375
26 32.7682 22.4869
27 33.0881 48.0012
28 33.2213 24.3881
29 33.4779 49.044
30 32.1943 26.2964
31 33.403 27.4982
32 33.1471 26.6702
33 31.8287 31.675
34 32.831 34.15
35 32.7365 15.725
36 32.8888 -2.82857
37 33.5251 -7.56071
38 33.7816 31.7119
39 32.2646 4.18095
40 33.1277 14.0464
41 33.3738 15.069
42 34.7098 27.4411
43 33.3083 55.7952
44 32.9432 13.119
45 31.9347 8.07143
46 33.0074 17.375
47 32.1083 -2.49524
48 31.681 -0.2
49 32.2442 10.1798
50 32.1524 42.9298
51 32.858 27.5857
52 32.3204 28.2
53 32.1247 44.4155
54 31.5429 16.3548
55 31.3131 6.09405
56 30.5685 7.925
57 31.347 19.3417
58 31.6006 19.194
59 31.3485 40.6
60 30.8116 37.85
61 29.9489 39.875
62 30.6195 38.675
63 30.6722 38.55
64 32.6581 3.85
65 32.7208 3.025
66 33.1569 -6.825
67 33.1052 -17.85
68 32.889 9.1
69 32.6583 -16.025
70 32.6486 -32.175
71 32.1892 -2.475
72 32.793 -13.475
73 31.9441 -29.05
74 31.9782 -17.05
75 32.018 -14.975
76 32.2017 -33.35
77 32.3755 -18.975
78 33.4729 -20.55
79 32.4502 -20.4179
80 33.7868 -17.6893
81 32.641 2.525
82 31.3531 -27.8
83 32.056 -13.6
84 31.6509 1.975
85 30.5023 -13.175
86 31.4757 -65.85
87 31.2738 -16.575
88 30.8583 -18.625
89 31.1434 -0.7
90 32.714 3.14762
91 32.132 5.25
92 32.2611 -25.125
93 31.1096 -29.475
94 31.4223 -10.8083
