0 34.7833 47.294
1 35.7052 29.2429
2 36.0425 40.4012
3 36.9139 44.3786
4 37.0212 20.9405
5 37.4352 52.4369
6 36.5762 33.7488
7 37.5844 46.7024
8 36.787 63.8821
9 36.0097 63.3881
10 36.3714 32.281
11 37.7187 35.2071
12 36.0403 52.331
13 37.1104 67.7143
14 35.9896 54
15 36.6195 61.1821
16 37.1532 88.0381
17 36.2319 67.6881
18 36.3591 53.0833
19 37.8293 42.2405
20 36.654 25.7958
21 35.3363 35.7679
22 35.8136 63.8226
23 35.2757 49.8167
24 35.0103 75.2226
25 36.3877 33.569
26 36.5873 65.6679
27 37.0502 15.3452
28 36.2531 44.9298
29 35.5784 28.694
30 35.2839 55.5798
31 36.4755 63.3845
32 37.0571 22.9012
33 37.475 27.325
34 36.6794 20.2238
35 36.598 15.525
36 36.8624 17.8095
37 34.9138 9.92024
38 38.3574 10.8667
39 36.558 29.6893
40 36.3868 20.369
41 37.4343 2.70476
42 37.3498 12.4679
43 36.479 -6.72976
44 36.4326 28.1976
45 37.3686 22.2036
46 35.9682 12.9821
47 36.7847 26.569
48 35.1014 -9.7869
49 36.5963 16.4357
50 36.9375 29.4488
51 35.9857 -4.26667
52 35.8232 45.1202
53 36.5873 15.7917
54 35.5559 11.181
55 37.1727 12.9857
56 34.8749 16.4452
57 35.6926 11.1048
58 35.3359 14.8964
59 35.3095 9.99524
60 34.9732 7.625
61 35.3498 -6.9369
62 33.6255 31.575
63 35.3598 19.369
64 35.3026 22.7405
65 34.3042 30.2548
66 35.6505 52.6042
67 35.7771 5.3131
68 35.3983 45.5
69 36.6218 25.8119
70 35.4265 39.05
71 35.0589 33.0131
72 34.592 15.5012
73 36.778 24.969
74 34.1864 21.3286
75 35.7889 27.0881
76 35.0399 31.0301
77 35.8146 39.6167
78 34.5129 40.3024
79 30.3585 11.4452
80 34.8842 29.6167
81 34.694 25.1982
82 34.7929 14.275
83 34.2426 13.0917
84 34.5733 36.9643
85 35.1733 34.1857
86 34.8036 32.2024
87 36.1673 33.4905
88 34.4578 15.45
89 33.8164 19.7238
90 34.3065 34.2762
91 34.4119 28.131
92 34.8049 19.9024
93 33.6097 38.8
94 33.5639 43.0929
