0 35.0098 122.836
1 33.5351 111.798
2 34.9005 95.3179
3 35.0867 88.6238
4 35.2337 91.4571
5 35.0405 107.698
6 34.5374 108.814
7 34.1382 126.194
8 34.6484 128.52
9 34.4595 90.9643
10 33.3411 100.945
11 34.9636 132.606
12 35.046 102.205
13 34.1657 86.2607
14 35.6313 110.95
15 35.5448 105.954
16 33.7052 98.2786
17 34.1241 96.181
18 34.6301 89.9345
19 34.2593 97.7107
20 34.1163 124.356
21 35.159 115.731
22 35.7312 100.671
23 34.3004 130.421
24 32.3236 107.968
25 32.9426 115.942
26 33.0373 105.605
27 33.9293 106.625
28 33.8946 113.256
29 33.3668 102.933
30 34.069 115.101
31 33.8621 122.13
32 35.5233 6.25714
33 35.8435 -0.525
34 35.487 -20.5667
35 35.5741 -1.09286
36 34.1973 -15.6857
37 34.8128 -34.319
38 34.6624 -25.025
39 35.0158 -39.15
40 34.3097 10.3369
41 34.8872 -32.2262
42 34.0745 -0.461905
43 33.8639 -15.4083
44 33.845 -19.0226
45 33.75 -14.85
46 34.0976 -31.906
47 34.5489 -11.0155
48 33.0387 -19.15
49 33.7303 -37.0381
50 33.7639 25.0274
51 33.0257 -29.05
52 33.6542 -12.95
53 33.2885 26.75
54 33.5335 -33.2
55 33.6407 4.625
56 33.1713 1.05
57 33.4838 -2.23571
58 33.0993 -23.0738
59 33.238 -10.425
60 33.0656 -3.1
61 33.928 2.70238
62 33.0336 -43.35
63 33.4583 -10.8071
64 34.1801 34.75
65 34.9856 60.1762
66 34.8558 39.375
67 36.2465 15.4595
68 35.0597 34.956
69 35.6331 48.2988
70 35.9056 32.1619
71 35.3643 27.6381
72 34.2338 27.775
73 34.728 45.375
74 35.7617 46.8548
75 34.3604 5.82381
76 32.8621 35.7345
77 34.22 32.9452
78 34.7352 14.1
79 34.5751 24.775
80 34.3798 12.95
81 33.904 34.719
82 35.3688 49.2917
83 33.876 27.725
84 33.5844 -13.975
85 34.8007 58.4619
86 33.0497 39.7357
87 33.9762 52.3726
88 34.2112 17.2
89 34.592 52.1774
90 34.0571 32.1583
91 33.7715 35.7631
92 34.4499 22.5833
93 34.7536 19.2119
94 33.2025 22.369
