0 35.0089 34.7226
1 35.9372 38.1226
2 34.6137 -0.6
3 34.8717 3.39286
4 35.2558 45.0048
5 34.4041 1.975
6 33.3051 9.825
7 34.6878 47.7
8 34.6188 53.2
9 34.4722 31.075
10 34.1771 6.58452
11 34.8718 45.6202
12 33.8156 18.5
13 32.6457 33.9
14 33.7013 8.23929
15 32.8122 37.425
16 34.6024 51.256
17 33.4471 41.6595
18 33.5784 73.4071
19 34.0073 36.975
20 34.424 -1.53571
21 33.5271 19.3
22 32.7112 -3.5
23 33.9967 43.65
24 34.0303 27.1845
25 32.3101 45.575
26 33.6635 18.4369
27 31.2342 -13.6917
28 33.1199 33.6
29 32.8634 -5.35
30 33.0679 30.6
31 31.7267 16.7
32 34.9518 -12.225
33 34.8237 -39.2821
34 35.8135 -21.4
35 34.8342 -45.275
36 34.6038 -40.4488
37 34.1878 -29.4
38 34.8696 -10.7226
39 35.5799 5.38214
40 34.6463 -20.4083
41 34.546 -19.425
42 34.2497 -32.175
43 34.2682 -50.35
44 33.9103 -29.2917
45 33.7779 -33.05
46 34.3395 -27.325
47 33.2988 -5.2
48 33.5596 -22.375
49 33.8678 -18.475
50 33.2576 -32.45
51 34.3085 -13.275
52 34.1152 -23.069
53 32.7819 -23.175
54 33.288 -40.575
55 32.4459 -43.1
56 32.7162 -36.375
57 32.585 -40.975
58 32.2714 -19.75
59 32.289 -20.4
60 33.1419 -39.7393
61 31.7662 -44.65
62 32.4287 -17.1
63 32.5611 -22.525
64 34.2007 43.0298
65 33.2703 57.95
66 33.4619 32.325
67 33.7347 57.375
68 32.485 38.55
69 32.7073 71.325
70 34.0964 42.556
71 32.7104 38.475
72 33.6064 59.425
73 33.7257 -0.75
74 32.0082 13.575
75 32.1492 18.025
76 32.9698 48.7
77 31.9051 36.775
78 32.0193 55.45
79 31.8713 50.275
80 31.8608 31.05
81 31.7418 40.075
82 32.328 60.05
83 31.8487 30.4
84 31.1718 35.975
85 32.0613 39.95
86 31.7943 -16.125
87 31.6228 28.225
88 31.6888 45.4
89 32.2879 29.35
90 31.4429 28.6
91 32.8296 52.1798
92 30.627 31.05
93 30.3639 26.2
94 31.1678 40.2
