0 34.1109 86.556
1 34.7138 71.1869
2 32.8157 66.4667
3 34.2379 71.2726
4 34.3195 96.4881
5 32.202 79.8679
6 33.6132 71.4417
7 35.0212 74.55
8 32.036 109.129
9 33.5457 58.2476
10 34.5557 77.6488
11 33.8785 92.5357
12 34.5632 73.0524
13 34.6871 84.6119
14 34.9579 97.7964
15 35.6998 93.3018
16 34.6937 82.6071
17 33.5322 88.006
18 33.9643 67.681
19 34.4318 73.8607
20 32.4912 72.244
21 33.9161 100.615
22 34.4567 97.2012
23 33.7236 103.783
24 34.0565 82.9
25 34.1238 105.402
26 32.291 108.194
27 33.1568 109.646
28 32.8807 93.4405
29 34.3667 58.1821
30 34.1088 69.2036
31 33.1317 89.6738
32 33.9786 115.07
33 34.9805 87.3661
34 35.9162 91.3881
35 36.4479 116.802
36 35.8797 105.198
37 35.7712 79.3839
38 36.5341 108.11
39 34.7003 116.795
40 34.5586 95.9554
41 35.4759 125.402
42 33.8667 111.993
43 34.8567 80.8929
44 34.6619 106.722
45 36.1868 131.892
46 35.2241 114.571
47 33.88 99.0446
48 33.2502 122.274
49 35.0434 119.884
50 35.5928 99.8929
51 34.3012 109.964
52 34.876 105.741
53 34.714 113.438
54 32.8182 107.689
55 35.5262 101.315
56 35.1138 118.398
57 34.3683 126.821
58 34.6128 110.954
59 34.3095 122.391
60 34.8693 112.982
61 33.6253 115.964
62 35.07 130.705
63 33.3333 103.17
64 35.6576 4.57857
65 35.0583 5.36429
66 35.0381 1.00238
67 36.371 1.49107
68 35.5985 8.75357
69 36.0702 -37.8679
70 35.3909 17.2595
71 35.2949 -13.4917
72 35.7886 -1.75
73 35.1766 -7.58095
74 34.3187 -1.29881
75 35.2544 21.8619
76 35.7034 -1.07976
77 34.3847 16.1071
78 35.6329 29.6155
79 34.1959 3.56429
80 34.5004 13.3321
81 34.71 -23.9131
82 35.047 26.8524
83 35.8702 -5.14286
84 33.6096 -1.35714
85 33.9825 13.3429
86 34.7364 1.88095
87 34.8896 23.944
88 34.2515 -7.67381
89 35.3912 -15.2857
90 33.6762 12.0905
91 34.6556 10.306
92 34.475 8.05476
93 35.7527 -2.86667
94 35.1683 -1.40833
