0 33.4115 10.5929
1 34.3128 4.77619
2 33.9622 6.2369
3 34.5669 14.3405
4 33.6279 -11.3798
5 34.4801 4.10476
6 33.1565 29.1774
7 27.3161 28.6068
8 33.2328 14.0476
9 34.9176 6.14524
10 33.1241 22.4036
11 34.0111 2.32143
12 34.0754 11.5333
13 33.7952 -9.28571
14 34.0537 -2.00952
15 33.9719 7.56786
16 33.2402 16.2036
17 34.8766 18.231
18 33.1472 0.44881
19 35.3047 -3.94643
20 34.212 20.5012
21 34.0083 5.72738
22 33.2482 24.0083
23 33.2848 5.37143
24 32.5476 -17.5905
25 33.0699 -13.006
26 32.5844 18.7643
27 33.7833 11.2798
28 32.7131 18.3119
29 34.0787 -2.6869
30 33.2728 -21.5381
31 33.6726 4.18571
32 36.1085 -0.907143
33 36.2909 1.925
34 35.3355 26.125
35 34.6615 -9.69762
36 34.7455 28.2452
37 34.2865 14.3857
38 35.3343 7.15238
39 34.8872 5.475
40 34.8357 7.55357
41 35.7784 26.5488
42 34.6069 21.244
43 35.2939 2.87857
44 34.9478 14.7083
45 35.5766 12.1357
46 34.2718 0.808333
47 28.8099 -20.9956
48 33.9288 15.4619
49 34.5916 -4.025
50 32.6584 10.2214
51 33.7615 3.31905
52 32.9985 12.9905
53 33.6642 37.6857
54 34.0648 37.3583
55 34.4158 23.2381
56 33.4967 33.2226
57 33.8387 12.775
58 35.1955 42.6429
59 33.4162 24.481
60 34.3846 46.4655
61 33.0317 8.11548
62 33.5196 55.7976
63 33.8386 31.906
64 34.355 -31.2595
65 35.1303 -15.4417
66 34.8588 -28.2333
67 33.9582 -15.4262
68 33.1131 -47.3012
69 33.3909 -35.6988
70 33.0816 -46.4667
71 33.7205 -22.6905
72 32.9885 -43.1333
73 33.9908 -20.85
74 34.9199 -55.425
75 34.4058 -54.5845
76 34.342 -49.9417
77 33.6154 -5.55
78 32.2553 -51.219
79 34.8261 -15.9286
80 33.4782 -31.7774
81 33.2261 -29.1571
82 32.8916 -19.319
83 34.4158 -18.2571
84 33.0278 -17.0976
85 32.9065 -39.8786
86 31.1321 -16.7786
87 33.7881 -11.2548
88 34.357 -28.9107
89 33.6039 5.35952
90 33.6331 -21.4857
91 33.2216 -40.3
92 32.9352 -62.1119
93 33.9824 -34.4732
94 33.0584 -28.1762
