0 30.7086 62.281
1 30.6299 59.6929
2 30.2692 70.275
3 30.2077 46.5286
4 29.6995 41.725
5 29.5066 50.2
6 28.7028 58.025
7 27.613 46.625
8 29.2698 87.8
9 28.0563 80.4667
10 25.5051 70.2417
11 28.0472 40.9
12 27.4776 64.825
13 28.0626 36.65
14 26.8914 48.6
15 27.2281 46.975
16 29.0449 69.275
17 28.6258 58.6
18 27.0039 34.975
19 28.5619 67.6
20 28.0888 70.55
21 29.0107 55.375
22 29.6746 26.25
23 29.4332 69.95
24 30.6315 59.6083
25 30.9299 51.3821
26 29.5211 74.075
27 29.9679 54.925
28 30.2364 42.4405
29 30.3684 61.0036
30 30.4376 23.4214
31 30.8451 58.3071
32 30.1305 -41.1
33 30.9843 -27.7583
34 30.641 -31.2274
35 29.8104 -13.4036
36 31.1827 -18.0393
37 29.7991 -25.6274
38 29.5706 -28.9107
39 28.7591 -21.5997
40 28.3244 -18.725
41 28.8728 -18.65
42 27.8958 -16.175
43 28.6665 -26.5
44 27.9576 -5.725
45 29.7772 -25.6643
46 28.6917 -19.025
47 28.6471 -26.35
48 29.1996 -68.1452
49 30.091 4.73333
50 28.9379 -41.275
51 29.3602 -50.1619
52 30.1353 -60.931
53 29.9326 -44.2571
54 29.1679 17.7
55 30.5922 -31.2357
56 30.6672 -41.6643
57 30.5997 -17.6333
58 30.7334 -36.8214
59 30.2234 -19.8238
60 31.748 -2.01429
61 31.5001 -14.7548
62 31.031 -48.2488
63 31.6358 -40.9571
