0 34.1677 4.2
1 34.749 27.5452
2 33.1297 22.35
3 33.3037 0.3
4 33.1892 11.675
5 34.5679 18.6798
6 34.164 -4
7 33.4066 7.05
8 33.014 -12.1476
9 32.4699 22.825
10 33.3397 -5.27381
11 33.7838 -4.64048
12 33.4033 -12.575
13 33.4268 -4.575
14 32.7875 5.4
15 32.8683 25.975
16 34.0072 -21.3714
17 33.8185 2.9369
18 33.3918 11.4857
19 32.7229 -15.45
20 33.1841 -9.75952
21 33.5549 6.55
22 31.9533 -22.9
23 32.8547 3.275
24 33.0829 -10.175
25 32.0459 4.1
26 32.6154 23.3488
27 31.4395 -31.75
28 31.6866 -12.5
29 31.2263 -39.2
30 31.5914 -7.925
31 32.2519 4.25
32 31.6586 28.975
33 32.8811 30.7
34 32.6154 45.8298
35 31.693 41.7
36 32.0244 52.2774
37 31.5203 75.3
38 31.6944 51.25
39 32.0218 43.75
40 31.5541 66.3988
41 32.3647 53.425
42 32.4664 33.1988
43 31.2544 32.35
44 31.7662 34.65
45 31.0729 40.875
46 32.5817 53.6131
47 31.6625 62.925
48 31.5488 44.55
49 31.829 33.925
50 31.0531 41.625
51 31.2158 77.725
52 30.8709 59.525
53 32.4655 56.75
54 30.7886 47.9
55 30.628 55.625
56 30.0437 21.925
57 30.6189 32.1
58 30.6471 61.5
59 30.6956 30.625
60 30.0914 85.75
61 30.2697 34.075
62 31.2171 53.2
63 31.4275 57.4
64 32.8517 -3.575
65 31.4166 -7.775
66 32.1372 -11.175
67 30.549 -9.875
68 31.1277 -27.025
69 31.6706 -16.475
70 31.5834 -30.6
71 30.8251 -17.725
72 31.5048 -19.975
73 31.6828 -28.9
74 31.5081 -22.9
75 31.3481 -27.3
76 31.3475 -13.525
77 31.5622 -1.425
78 31.6329 -14.05
79 32.3236 -16.925
80 31.4329 -33.95
81 31.2954 -17.325
82 31.8599 1.225
83 31.1517 -1.325
84 30.635 -9.25
85 32.0031 -7.45
86 31.3365 1.075
87 30.9748 -2.775
88 30.0749 -35.925
89 31.8001 -19.15
90 31.6657 -21.275
91 30.6363 -9.35
92 30.4475 -35.3
93 32.1993 10.775
94 31.8559 3.125
