0 34.0114 -4.525
1 34.7135 21.0762
2 36.0118 -17.4881
3 35.5994 -15.15
4 34.1057 -5.9
5 33.6339 2.3
6 34.7882 26.575
7 36.103 20.969
8 35.2626 -25.725
9 35.0372 2.375
10 34.1737 11.225
11 34.9359 16.65
12 36.4571 11.2381
13 33.3544 3.6
14 35.0411 0.075
15 33.8529 36.025
16 35.6412 13.794
17 37.2685 20.0214
18 35.8551 -1.47143
19 34.2589 30.05
20 34.3388 20.85
21 34.1018 -3.95
22 36.3702 -5.38095
23 34.902 -6.1
24 34.0592 17.1833
25 35.3082 17.5298
26 35.5794 4.88333
27 36.6121 17.131
28 36.4029 33.1357
29 35.953 17.1857
30 34.0477 -1.46663
31 35.4924 21.7929
32 34.28 -0.7
33 34.37 -7.84762
34 34.9035 1.30833
35 36.4225 0.566667
36 36.1347 -20.0786
37 36.3778 1.38571
38 35.9361 7.75952
39 35.051 -9.08095
40 34.7093 4.25476
41 34.2557 -5.2881
42 35.0905 -17.1833
43 35.8501 4.46667
44 35.0353 1.13333
45 35.513 -27.2333
46 35.2381 -3.52262
47 35.601 3.25
48 33.5696 -24.1095
49 35.1811 -4.58571
50 34.1588 -27.9107
51 35.3903 -2.58452
52 34.2086 -2.14762
53 35.4945 28.3536
54 33.2637 -17.3345
55 36.175 -9.20714
56 34.934 5.1631
57 34.8737 -3.19643
58 35.1306 19.1762
59 34.973 -19.5631
60 34.05 9.92024
61 34.6327 11.4429
62 34.8078 2.89405
63 35.9518 5.20952
64 34.9754 16.525
65 35.999 52.725
66 36.169 30.8
67 37.8372 26.5643
68 37.4707 31.0452
69 37.6742 35.1905
70 37.1933 25.0655
71 35.8044 67.65
72 37.6063 41.256
73 37.8501 46.4821
74 36.797 55.4012
75 37.5553 36.7286
76 38.5183 22.9571
77 38.702 38.819
78 37.7488 16.2405
79 37.8966 21.4048
80 37.294 9.68571
81 38.8666 26.5649
82 38.9285 18.6095
83 35.682 68.65
84 36.3393 63.7667
85 36.4731 17.4893
86 35.9737 36.1548
87 38.3053 17.9381
88 37.5355 62.0524
89 38.2559 37.1429
90 38.9007 57.1619
91 38.541 47.7452
92 38.6959 22.9429
93 37.6042 17.75
94 38.2004 66.6905
