0 33.5184 54.3726
1 34.7088 44.3643
2 34.6194 42.9179
3 34.8459 30.156
4 34.4054 58.1655
5 35.4998 52.369
6 33.9673 40.8452
7 34.6778 25.6393
8 33.7529 48.319
9 35.1349 56.8845
10 34.0809 58.9583
11 34.9355 57.431
12 33.6052 73.2738
13 34.3088 42.644
14 32.6489 38.325
15 34.6547 52.1905
16 34.8334 46.05
17 34.7402 60.2107
18 33.3973 53
19 33.7795 64.0143
20 32.5183 28.6643
21 33.4111 55.4432
22 34.0237 48.3655
23 33.3643 43.6595
24 32.7262 28.131
25 33.5239 19.25
26 32.7194 52.2964
27 32.9519 56.7429
28 32.6955 80.8
29 32.6476 61.6274
30 31.544 14.7262
31 33.7053 24.0024
32 33.8683 -3.97976
33 28.0052 -60.978
34 34.4838 -8.22738
35 33.6424 -24.3
36 34.1567 -26.325
37 34.4204 4.31071
38 34.0634 4.98571
39 34.3012 -3.4119
40 33.8405 11.1083
41 33.0364 -17.1143
42 33.6427 13.5
43 33.3905 7.075
44 32.4537 -11.55
45 33.737 -6.05
46 31.1711 -24.85
47 32.6215 -15.875
48 33.3455 -9.3
49 32.6492 0.672619
50 32.0853 -21.725
51 32.5958 -29.4
52 32.1396 27.875
53 31.8723 -22.25
54 30.6449 -52.625
55 32.3592 -27.356
56 32.7835 -0.325
57 32.7676 -22.55
58 31.6785 -12.7833
59 31.0368 -2.675
60 29.5996 -3.69286
61 31.7946 2.3369
62 32.1112 14.65
63 32.983 -1.71429
64 33.0473 -67.575
65 33.0687 -59.525
66 33.1591 -66.275
67 34.2282 -48.9119
68 33.616 -45.025
69 33.1642 -47.875
70 31.9264 -71.525
71 31.9179 -73.125
72 32.4804 -73.35
73 32.6068 -86.3417
74 32.8295 -60.575
75 33.0717 -50.3631
76 33.3923 -99.975
77 33.724 -65.1
78 32.0889 -83.75
79 33.8059 -59.85
80 33.3774 -58.675
81 31.9813 -53.05
82 33.1238 -58.575
83 32.819 -64.525
84 31.5376 -77.5
85 32.0415 -77.7048
86 31.8451 -82.7905
87 31.4748 -74.675
88 31.0091 -50.7833
89 31.807 -60.475
90 31.6048 -72.55
91 30.9105 -47.9917
92 31.6667 -81.375
93 31.7413 -69.45
94 30.8805 -73.625
