0 33.9114 49.0429
1 34.1002 29.7881
2 34.3682 48.0214
3 33.4024 22.031
4 33.4718 43.3952
5 34.2072 35.1071
6 33.4533 20.3643
7 32.8217 33.475
8 32.603 45.3393
9 34.3563 30.0643
10 32.5605 44.1429
11 33.8187 26.8607
12 33.806 48.9988
13 33.1394 38.575
14 33.1805 29.2286
15 32.1915 46.175
16 32.5602 43.225
17 32.5127 42.575
18 32.2177 29.85
19 31.8767 47.356
20 32.2078 42.4655
21 33.2249 53.85
22 32.4088 45.956
23 32.8691 74.3393
24 32.4969 38.925
25 31.8513 44.1
26 31.7018 45.0488
27 31.8952 27.55
28 32.6986 14.7881
29 31.9176 46.481
30 32.7194 33.5155
31 31.7037 -9.40952
32 32.9598 58.525
33 32.5318 74.0417
34 33.6863 35.2
35 32.6487 60.7
36 33.1238 33.15
37 33.1123 55.594
38 33.665 61.6179
39 32.4065 44.1
40 32.888 69.9238
41 32.9464 59.9238
42 32.4034 83.6774
43 33.0171 58.675
44 31.9975 51.4679
45 32.2154 75.425
46 32.0288 75.75
47 32.2986 59.5643
48 31.7927 56.075
49 32.5095 43.3786
50 31.2877 46.975
51 32.2531 56.4619
52 32.1066 85.375
53 31.0721 7.6
54 30.2281 58.825
55 31.2682 44.8
56 31.2745 40.8155
57 31.0827 60.1
58 30.6549 39.25
59 30.8922 37.6
60 30.722 30.95
61 30.6464 44.6
62 30.5867 37.1905
63 31.1661 39.025
64 32.4635 44.3202
65 31.991 61.55
66 32.6376 60.525
67 31.7806 65.175
68 31.3381 65.825
69 31.775 57.25
70 31.9733 56.8
71 32.7035 55.475
72 32.3646 59.55
73 32.5069 30
74 32.4016 48.425
75 32.5389 51.425
76 31.0129 76.225
77 32.0163 69.75
78 31.8333 74.175
79 31.0309 57
80 31.8215 68.8
81 30.9301 20.85
82 31.6727 63.1
83 30.4823 33.375
84 31.3674 29.475
85 31.1297 45.2
86 30.3078 13.9
87 31.2221 56
88 30.7992 33.4
89 30.7491 44.6
90 30.1423 64.575
91 31.1741 21.2
92 31.279 42.075
93 29.6931 24.15
94 30.9065 26.9
