0 36.7376 51.4887
1 34.809 49.5012
2 35.1433 32.9905
3 36.2492 33.4714
4 35.6895 56.094
5 34.8441 74.7286
6 35.6692 37.2905
7 34.8207 22.7929
8 35.1198 70.5786
9 36.4539 34.3619
10 35.0719 49.75
11 34.6436 35.425
12 35.9781 62.8667
13 36.2731 54.6643
14 36.55 50.1429
15 36.1029 52.4726
16 36.1601 49.6321
17 36.1721 47.594
18 36.3674 58.3953
19 35.3783 57.425
20 35.3505 52.5167
21 36.273 76.7583
22 35.6643 69.9
23 36.7193 49.4524
24 33.7066 66.425
25 35.5171 29.6952
26 36.7182 72.3167
27 36.3794 40.425
28 36.3653 49.6667
29 36.9572 32.5952
30 35.5491 37.5536
31 36.6217 60.1786
32 35.6868 4.07857
33 36.333 7.67024
34 35.0417 11.85
35 36.6932 16.5714
36 35.7025 34.4321
37 34.8295 22.575
38 35.4568 3.12381
39 35.6189 27.2738
40 33.3814 0.325
41 34.6112 6.72738
42 36.1524 11.8643
43 35.1222 39.7345
44 36.8968 25.4488
45 35.7275 19.5381
46 35.5365 8.13452
47 34.5581 24.7798
48 34.236 11.2488
49 35.7794 20.8214
50 33.8547 13.775
51 33.6256 36.1881
52 32.6163 15.269
53 35.5391 22.6214
54 35.4517 38.6214
55 33.8595 11.825
56 34.4735 47.281
57 33.3377 16.05
58 33.8745 19.75
59 33.6677 24.4262
60 33.6895 26.45
61 33.1038 5.95476
62 33.012 21.275
63 34.2298 12.9214
64 32.2433 -7.4
65 33.0219 7.7
66 31.9909 -23.95
67 32.8504 11.85
68 31.8329 3.875
69 32.0203 -6.75
70 31.9206 2.95
71 32.4372 13.85
72 32.2758 -26.275
73 32.6907 28.65
74 31.235 3.975
75 31.0633 20.2
76 31.0473 -10.325
77 31.1378 5.175
78 30.6306 17.75
79 31.5765 37.2083
80 31.2129 -13.275
81 30.2669 -19.45
82 31.4779 30.4
83 31.0833 -15.75
84 29.9598 -17.7833
85 30.0534 -16.85
86 29.1063 -58.2167
87 30.5678 -25.125
88 30.4092 -8.65
89 29.6424 0.425
90 27.8996 6.36667
91 29.3976 -2.40833
92 29.8313 -34.1
93 27.8613 -11.475
94 29.6938 -8.28333
