0 34.4152 -24.0071
1 35.1417 -25.8393
2 36.0304 -32.7048
3 34.8028 -20.0857
4 34.4359 -29.1048
5 34.2901 -21.5381
6 35.1664 -12.6714
7 34.0736 -9.25238
8 35.8691 -16.5256
9 35.2625 -16.95
10 34.485 -20.0714
11 35.8228 -44.1161
12 33.5124 -15.4202
13 35.8809 -8.48571
14 34.8365 -26.419
15 33.8236 4.69881
16 33.8042 -26.9202
17 33.965 -6.68214
18 33.8093 -0.820238
19 34.5231 -27.0345
20 34.2735 -22.2345
21 34.2071 -25.5214
22 33.9317 -38.356
23 33.9281 -29.8369
24 33.4221 -27.5679
25 32.8165 -6.75
26 34.6271 -26.7429
27 33.1094 -12.4071
28 33.5292 -18.219
29 33.3911 -27.919
30 34.3892 -25.6786
31 34.2732 -18.4452
32 34.8607 17.0833
33 33.8832 -9.17024
34 34.5892 10.3238
35 36.017 6.53571
36 34.2496 -1.9869
37 35.1277 6.68333
38 34.4844 17.7845
39 34.5793 17.9393
40 34.027 -16.6024
41 33.5501 -1.475
42 34.5362 10.375
43 34.637 15.55
44 33.5299 2.55238
45 33.2677 12.175
46 34.0987 14.8488
47 34.2523 14.6845
48 32.7542 -3.3
49 32.1838 4.725
50 33.9937 13.025
51 34.4709 4.63333
52 32.2258 -5.89643
53 32.6672 -1
54 33.1666 7.55
55 33.878 18.5548
56 33.5855 17.069
57 31.6269 6.025
58 32.3215 -0.7
59 30.2241 16.65
60 31.3515 5.55
61 32.0181 4.75
62 33.0344 -1.48214
63 33.5075 15.0643
64 34.0094 13.0702
65 35.3181 33.3429
66 34.9172 43.025
67 33.4267 23.975
68 34.4261 30.575
69 34.7518 23.6833
70 34.0308 18.1107
71 33.7618 -9.24286
72 34.0811 35.275
73 32.9046 6.95
74 32.4366 43.875
75 32.8147 59.775
76 32.8045 7.45
77 33.3925 13.85
78 32.8416 50.825
79 32.6942 36.7679
80 31.7035 25.375
81 33.8021 25.0464
82 32.9677 14.0107
83 32.7315 9.85238
84 31.2548 30.725
85 32.0038 -11.025
86 31.8639 -14.525
87 31.2893 12.6
88 31.3231 49.1
89 32.1461 -1.7
90 31.507 22.55
91 32.5247 22.225
92 32.8229 2.7
93 31.4054 26.15
94 32.7961 19.1821
