0 36.2527 9.42798
1 36.3914 1.79762
2 34.7065 6.78571
3 35.628 34.4851
4 35.3224 5.8756
5 35.8321 17.7286
6 34.8697 5.74464
7 35.4288 12
8 35.5841 23.8792
9 35.599 32.2411
10 35.183 20.4107
11 34.9186 16.9845
12 35.0484 25.3911
13 35.206 11.0982
14 35.0568 10.8798
15 35.049 29.5625
16 34.9605 29.7714
17 35.1591 6.82738
18 35.5927 26.4464
19 35.4906 25.1071
20 35.7414 35.9107
21 35.2941 8.08929
22 35.858 46.7506
23 36.4861 27.5935
24 34.3367 47.4523
25 35.3639 38.9286
26 35.1954 30.3738
27 34.7034 12.7768
28 34.1095 18.6869
29 33.5692 18.6333
30 33.9573 21.9429
31 34.8182 -13.4048
32 35.7701 -7.19821
33 36.0152 -7.31786
34 35.355 -12.4357
35 35.8131 0.842262
36 35.0661 -38.5333
37 35.8538 -27.6524
38 34.5915 -20.3286
39 35.1853 -47.1607
40 34.9044 13.5905
41 37.0286 13.1929
42 34.834 -38.5071
43 35.2083 -1.57262
44 34.5447 -19.7333
45 35.3332 9.59762
46 35.5396 -11.8435
47 36.248 22.2589
48 34.399 20.1232
49 36.7456 10.4589
50 35.718 -14.7226
51 36.9014 -22.5851
52 36.2428 -12.2952
53 36.5518 -17.5173
54 35.7864 -21.8208
55 36.7648 -1.84881
56 35.6812 -0.745238
57 35.6514 -13.9208
58 35.8096 16.3476
59 35.2349 -27.8066
60 35.2646 -3.77143
61 35.515 2.02619
62 36.257 -20.106
63 36.8063 -28.8256
64 36.2617 41.1595
65 36.8943 -15.7667
66 35.5533 -3.1381
67 36.3757 18.081
68 34.704 -12.4798
69 34.7266 -1.41667
70 33.9091 28.4821
71 35.5425 12.8095
72 34.6652 38.6881
73 35.0151 0.772619
74 34.7559 -11.4286
75 33.751 18.3083
76 33.5582 1.77619
77 35.0261 18.3857
78 34.5437 24.5524
79 34.8873 38.4881
80 34.8687 34.6869
81 34.8061 -1.3119
82 34.2506 38.0012
83 32.949 39.269
84 33.4393 50.5143
85 34.8626 -0.254762
86 36.1635 5.4131
87 35.7618 11.6964
88 34.0891 22.1071
89 35.5642 -9.65238
90 35.432 -6.35
91 34.7651 28.8429
92 32.6237 19.8
93 33.6587 8.21071
94 34.3205 5.51429
