0 36.3959 94.1274
1 35.3274 85.1917
2 36.0201 80.2631
3 36.4664 97.0667
4 35.6123 65.7536
5 35.9955 101.015
6 36.8556 69.1833
7 35.0913 85.1345
8 36.7434 83.3369
9 35.5615 97.6893
10 35.9159 74.1393
11 36.2215 92.2548
12 36.0286 71.6321
13 35.3235 70.55
14 36.0773 96.7369
15 36.625 91.319
16 35.5634 51.7024
17 34.9234 75.4583
18 35.2953 82.925
19 35.6142 72.0964
20 33.9447 61.75
21 35.4407 83.8036
22 35.6267 76.9071
23 36.1702 78.8357
24 35.6181 118.127
25 35.4202 63.5607
26 35.126 79.7405
27 34.9415 99.9345
28 35.9144 86.3905
29 35.7463 98.4964
30 34.6955 98.5143
31 35.6336 49.5905
32 36.6574 1.06905
33 37.4901 -12.1619
34 38.2963 3.5119
35 36.5466 16.7036
36 35.9237 -1
37 37.3727 8.9119
38 36.5573 15.2119
39 36.9893 -22.8619
40 36.5011 20.506
41 36.1488 -5.25
42 36.2819 -17.6369
43 36.8755 31.0012
44 36.3012 27.7012
45 36.4366 -0.97381
46 36.5242 11.4036
47 36.4906 -17.925
48 34.9395 -6.25476
49 36.3114 27.7988
50 35.5461 21.35
51 36.9776 45.8071
52 36.0646 -19.1488
53 37.1906 -14.0381
54 35.4824 -6.05
55 36.2426 -4.72738
56 34.8518 -6.5
57 35.6684 3.925
58 34.5766 18.1833
59 34.836 -6.1
60 35.7759 1.275
61 36.8894 -4.60714
62 35.9061 -2.68333
63 36.9281 50.7571
64 33.923 30.1869
65 35.8147 28.3952
66 34.3526 41.4536
67 34.0479 21.6333
68 33.3204 20.65
69 34.7061 52.3119
70 33.4321 37.825
71 35.1493 71.8262
72 32.9514 46.575
73 34.4558 67.4262
74 34.1202 66.9738
75 33.345 16.25
76 33.6596 68.375
77 34.6109 60.7881
78 32.0789 47.05
79 33.761 55.825
80 33.7669 47.1
81 34.2793 48.4714
82 33.5451 47.5
83 33.9596 41.4381
84 32.9458 31.25
85 32.9486 44.4679
86 32.7511 17.075
87 32.9452 51.125
88 30.9641 39.4036
89 33.7403 50.0821
90 32.8409 34.269
91 33.7096 59.2012
92 32.1119 49.425
93 33.5 44.2512
94 32.5824 61.25
