0 36.2324 53.847
1 39.2214 67.4065
2 38.5784 38.453
3 37.8968 47.9702
4 38.4708 72.0649
5 39.6435 66.2321
6 40.2014 51.622
7 39.022 55.1196
8 38.0796 36.7946
9 37.223 55.9702
10 38.0244 75.9107
11 38.7652 39.347
12 39.4073 51.4542
13 40.2019 55.9702
14 39.3733 64.8256
15 38.8551 71.0089
16 37.8219 45.5024
17 39.6238 74.156
18 39.3697 71.6518
19 39.4799 71.8345
20 37.7293 55.4387
21 38.8097 70.3054
22 37.1991 85.569
23 38.5856 74.3429
24 38.5434 66.1673
25 38.1438 79.8143
26 39.0848 58.1655
27 38.0436 52.522
28 38.3438 55.4452
29 38.8776 75.1661
30 39.321 74.3137
31 39.8072 42.3048
32 39.2691 -20.2298
33 40.4741 -17.0518
34 39.9916 -12.3911
35 39.0287 -25.0976
36 37.9891 -20.2214
37 39.4517 -0.347024
38 39.8769 1.82202
39 38.6343 -3.74762
40 38.6015 -14.4929
41 38.8977 13.5339
42 39.4077 -10.3185
43 30.4166 -6.54643
44 39.7095 -1.64702
45 40.1928 -18.719
46 40.0507 -7.97857
47 39.5449 0.25
48 39.6421 -13.7256
49 39.5848 -11.2125
50 39.4231 -10.9548
51 38.6866 -8.01726
52 38.9166 -35.7048
53 38.4641 -15.7012
54 39.9484 -39.9726
55 38.5282 -19.0702
56 38.2606 -27.5786
57 38.9187 -27.1167
58 39.9035 -15.1024
59 39.3023 -15.0625
60 39.6682 -15.1024
61 38.0717 -15.2381
62 39.2711 -10.3185
63 40.7273 -10.3185
64 38.2415 34.0381
65 38.1256 58.7429
66 38.3749 27.019
67 37.9058 31.1762
68 37.7545 33.5821
69 37.8308 56.0429
70 40.1157 28.8774
71 37.1411 38.4631
72 39.3717 47.119
73 37.205 49.0179
74 37.8334 29.569
75 36.6809 49.7952
76 38.6965 35.4714
77 38.7388 29.0762
78 39.0581 23.7464
79 38.4199 13.7464
80 40.5287 57.4643
81 38.6996 37.2321
82 38.4992 49.444
83 38.3184 65.8774
84 38.7709 26.0411
85 39.6012 -10.3167
86 39.9258 7.07619
87 40.5178 35.381
88 39.5519 65.9905
89 36.4343 46.7964
90 37.7476 41.8929
91 39.0678 27.3357
92 38.8205 41.9524
93 38.4554 46.6595
94 38.7033 22.453
