0 35.6988 26.3214
1 35.5232 43.2143
2 34.1564 -6.32976
3 33.6468 31.3274
4 34.7043 42.0327
5 34.6983 32.1786
6 34.3176 33.0321
7 34.7597 40.3726
8 36.0612 24.0536
9 36.2106 24.7679
10 35.3322 55.575
11 35.1088 32.7083
12 34.7662 25.6321
13 35.7221 22.375
14 34.8827 30.2476
15 34.5571 34.2679
16 34.0399 48.531
17 33.7816 25.1071
18 33.643 41.214
19 35.9612 46.7589
20 33.5563 16.5619
21 34.1972 59.6679
22 36.1906 18.7143
23 34.7962 65.5357
24 33.8299 29.5833
25 33.6958 13.1643
26 34.5939 46.3929
27 33.3675 47.5333
28 33.2231 44.3333
29 34.1936 41.7893
30 34.0996 41.5381
31 34.5478 4.125
32 33.1223 71.7857
33 34.6981 54.0143
34 33.8576 58.6833
35 34.2138 70.3571
36 33.8676 88.25
37 35.5342 59.2321
38 32.4857 52.4607
39 33.6289 74.025
40 33.029 54.6262
41 34.4999 77.6
42 34.5866 70.0179
43 33.3494 59.8024
44 32.9425 83.3512
45 32.5646 82.5595
46 33.358 90.8929
47 33.2884 64.2869
48 33.28 77.5071
49 24.4061 36.8669
50 33.2608 82.044
51 25.6572 90.6679
52 31.5699 93.6357
53 32.9698 64.5048
54 32.6336 70.6643
55 32.6712 83.6095
56 32.2261 71.006
57 31.5569 58.6988
58 31.8908 108.41
59 32.3265 86.5345
60 32.2533 72.3083
61 30.8385 62.7143
62 31.3111 72.256
63 32.869 115.288
64 34.7233 -9.37857
65 34.6988 19.7321
66 33.5944 9.0119
67 34.51 -0.107143
68 34.5318 24.6619
69 34.3071 29.9143
70 33.7421 11.8619
71 32.9192 12.9357
72 32.5979 42.519
73 34.102 0.882143
74 34.0403 22.7738
75 34.0708 14.2417
76 32.4943 15.7631
77 34.1455 19.75
78 33.4202 2.94048
79 33.0577 33.2857
80 31.7623 -23.0357
81 33.9192 38.6429
82 33.4348 37.5036
83 33.4402 36.4119
84 32.3223 26.7238
85 33.4993 4.49762
86 31.7917 3.24286
87 32.8426 1.30476
88 32.5916 24.6071
89 32.3313 -18.8762
90 32.072 3.17381
91 32.4334 46.6714
92 32.2953 5.95476
93 31.7369 27.0452
94 31.8639 -8.36905
