0 61.3997 23.733 1880.05 -657.412 94.2907 -5.89884 0.153366 -1498.73 169.106
1 63.3569 23.951 -2560.84 1111.68 -166.654 11.0205 -0.253231 -1239.68 149.535
2 70.0858 22.0607 124.054 14.4175 -1.23939 0.0947468 0.013391 -1493.16 168.597
3 29.1895 25.379 1637.6 -610.086 92.2565 -5.99486 0.158434 -1560.79 170.8
4 51.1776 23.336 1520.84 -582.923 91.7305 -6.18547 0.167772 -1614.29 174.912
5 90.3373 22.8382 1908.01 -656.697 92.4515 -5.58726 0.138544 -1591.38 174.185
6 91.8795 18.673 -1420.44 592.127 -78.8005 4.53379 -0.079241 -1590.91 173.501
7 75.6169 21.644 -1342.94 568.799 -77.741 4.69275 -0.090677 -1622.56 173.264
8 78.7333 21.3172 1714.32 -656.894 102.988 -6.94715 0.187319 -1532.17 170.192
9 91.638 23.2155 -1256.45 561.771 -79.1951 4.90973 -0.0962621 -1482.55 168.327
10 49.8299 22.3445 -1186.71 535.889 -78.4202 5.10163 -0.108311 -1690.29 179.279
11 91.6604 23.1052 -1253.44 557.332 -78.8383 4.96961 -0.100598 -1417.16 163.831
12 92.8096 18.3126 2949.34 -1105.67 162.314 -10.3326 0.257527 -1587.97 173.505
13 116.478 20.3376 -320.658 203.968 -29.2381 1.92735 -0.0326911 -1551.53 172.573
14 134.387 18.3605 -308.186 206.477 -29.6494 1.87801 -0.0283175 -1494.1 167.505
15 106.946 18.388 -647.752 267.894 -30.3822 1.50456 -0.0118763 -1568.27 171.988
16 83.8491 19.5347 -1705.6 770.569 -115.042 7.4932 -0.162909 -1373.08 158.09
17 111.427 21.894 148.473 -7.43624 5.58316 -0.547447 0.0325453 -1533.58 173.945
18 69.1492 21.8109 181.78 -25.6276 6.15428 -0.392151 0.0223547 -1649.78 178.247
19 58.9609 25.3058 280.967 -38.2373 5.88673 -0.334567 0.0229168 -1436.12 164.658
20 84.6471 18.6772 295.753 -44.5417 5.87916 -0.300642 0.0211998 -1479.56 164.851
21 48.398 22.879 237.992 -33.262 5.73644 -0.380183 0.0245393 -1617.34 173.889
22 88.7668 20.5535 3014.59 -1124.29 164.385 -10.4158 0.258142 -1537.82 170.382
23 96.3094 20.6624 2786.51 -1076.32 163.492 -10.7068 0.2721 -1594.65 174.861
24 65.1358 22.468 1698.53 -618.676 91.5439 -5.79152 0.148685 -1623.23 175.466
25 88.3376 22.5282 1391.25 -551.449 91.1852 -6.34269 0.174506 -1604.6 176.974
26 60.4583 22.8002 1642.52 -608.013 91.8909 -5.95317 0.156524 -1622.03 176.06
27 102.16 21.1282 -1225.49 548.63 -78.0918 4.94988 -0.10112 -1556 173.06
28 85.4535 22.6997 2528.36 -974.076 149.09 -9.82689 0.25228 -1585.26 174.934
29 72.6052 24.6735 2810.56 -1034.41 150.455 -9.46295 0.235117 -1387.57 162.394
30 99.1799 20.0976 2948.97 -1063.15 150.851 -9.27618 0.225349 -1524.39 169.812
31 99.0543 20.8292 2715.7 -1007.91 149.261 -9.60042 0.243467 -1549.3 173.825
32 3.71931 28.9859 -3797.81 1532.54 -218.606 13.7107 -0.301457 -1462.86 165.842
33 -3.8828 27.0607 727.184 -209.782 25.9946 -1.22882 0.0332648 -1764.44 185.238
34 32.5563 19.2046 284.928 -122.363 25.0212 -1.91008 0.066842 -1676.9 178.237
35 54.335 20.3277 456.75 -150.927 25.5232 -1.73761 0.0581555 -1654.48 177.44
36 86.66 15.2125 407.129 -143.138 25.4815 -1.77709 0.0598256 -1622.22 175.48
37 100.616 18.0082 522.975 -159.189 25.6613 -1.66737 0.0548093 -1562.87 173.866
38 40.9047 22.514 5468.47 -2022.38 283.111 -17.273 0.404938 -1751.23 184.382
39 74.1542 18.2593 1721.02 -593.548 83.0348 -4.97192 0.124638 -1635.45 177.185
40 19.0147 21.1398 1276.51 -513.495 81.9624 -5.5196 0.150151 -1647.39 174.538
41 94.2904 16.3879 1460.95 -546.379 82.7028 -5.28552 0.138057 -1677.43 180.486
42 22.995 22.1839 -3822.42 1515.68 -213.729 13.2438 -0.28762 -1477.97 162.835
43 67.3112 21.3302 1365.96 -493.925 74.0877 -4.71897 0.125134 -1634.44 177.552
44 50.4876 22.5041 -3223.48 1341.16 -196.527 12.6623 -0.284838 -1376.72 158.111
45 128.104 8.45582 -3660.18 1430.15 -198.205 12.1108 -0.258714 -1663.92 177.981
46 178.016 6.06068 -3498.06 1401.09 -197.518 12.2644 -0.266308 -1571.65 172.545
47 167.155 5.78082 -3871.98 1481.52 -199.277 11.7765 -0.242557 -1614.77 174.574
48 36.5248 23.1548 -262.444 133.462 -15.4912 0.845496 -0.00220698 -1455.93 162.507
49 22.1422 25.1318 -453.531 172.241 -16.1423 0.608642 0.00906665 -1638.05 176.476
50 12.9723 26.5707 -222.013 120.371 -14.7795 0.943616 -0.00907592 -1683.93 180.185
51 106.782 14.1749 -328.547 152.884 -15.9071 0.721969 0.00274217 -1647.25 175.512
52 55.1941 24.5309 60.9578 75.5313 -14.7578 1.22712 -0.0199842 -1610.07 175.419
53 110.465 16.6507 26.2802 77.6132 -14.5111 1.23082 -0.0218726 -1639.64 176.835
54 63.72 20.4872 -119.578 108.417 -15.2785 1.03907 -0.0119806 -1742.69 183.865
55 121.535 13.5186 318.195 15.3067 -13.2064 1.61742 -0.0406001 -1706.94 182.154
56 10.1701 25.3021 -246.218 122.802 -14.4746 0.85267 -0.00478709 -1627.01 175.252
57 54.8955 23.9721 -197.543 118.39 -14.2879 0.888772 -0.00682937 -1676.22 181.723
58 8.69774 27.9259 -284.853 133.167 -14.5919 0.773909 -5.03205e-05 -1666.67 180.643
59 80.5556 17.3459 -221.657 121.39 -14.4638 0.842439 -0.00302607 -1620.5 176.9
60 99.4472 17.53 62.4583 68.4842 -13.4864 1.14949 -0.0180722 -1490.49 166.965
61 51.0052 19.134 4845.71 -1887.04 275.726 -17.3351 0.413708 -1646.25 176.041
62 94.0223 18.1485 -438.545 226.555 -31.6471 2.05648 -0.0342329 -1402.02 161.602
63 71.3406 21.4171 -4159.67 1657.95 -233.222 14.429 -0.314541 -1432.46 163.554
64 53.0991 25.1901 303.298 -18.672 -0.907898 0.324198 0.00138588 -1601.81 173.651
65 30.5079 22.8415 2752.28 -1014.74 145.222 -9.00506 0.221 -1713.04 180.908
66 215.919 3.04453e-08 -118.611 92.9055 -11.2978 0.665982 0.000126818 -1738.12 182.974
67 197.72 3.27516e-12 -302.011 122.602 -11.6358 0.498535 0.00769004 -1700.55 180.233
68 115.712 14.9876 65.727 58.4643 -10.6533 0.84622 -0.0075065 -1546.85 170.639
69 232.961 4.13003e-12 -170.047 107.184 -11.5383 0.551033 0.00630768 -1597.19 174.038
70 218.985 0.156387 28.3338 60.9832 -10.4796 0.883295 -0.0115651 -1767.23 186.52
71 214.615 3.64164e-10 398.796 -19.325 -8.39091 1.32926 -0.0333289 -1430.72 163.236
72 86.0231 13.4565 136.845 28.9101 -9.28479 0.996197 -0.0180335 -1674.52 175.719
73 115.22 10.8767 -128.563 90.6968 -10.8458 0.625141 0.0021352 -1617.33 174.824
74 168.064 2.37471 -53.9634 70.1717 -10.1184 0.751102 -0.0055802 -1732.54 181.9
75 231.505 2.15827e-11 -120.301 96.6982 -11.0406 0.580128 0.00409626 -1500.11 166.442
76 203.452 3.21917 -59.746 79.8865 -10.4557 0.714586 -0.00425943 -1745.98 185.323
77 214.502 6.66134e-14 29.8272 63.5284 -10.5892 0.792611 -0.00646904 -1585.16 169.668
78 203.267 8.16014e-12 -268.256 120.364 -11.5181 0.46312 0.00933629 -1771.87 184.269
79 223.283 4.17972e-08 -16.3382 67.0821 -10.2911 0.817076 -0.00934903 -1708.32 180.127
80 59.4613 22.9006 -140.776 96.6121 -10.9054 0.612725 0.00173692 -1566.86 172.233
81 103.593 12.8238 -235.983 110.611 -11.104 0.513863 0.00625288 -1686.56 178.377
82 185.272 1.74935e-07 1838.48 -696.545 103.862 -6.65062 0.171071 -1702.79 178.023
83 227.003 1.43108e-11 2006.41 -726.627 104.732 -6.4529 0.160375 -1590.87 172.867
84 206.574 2.87548e-12 1194.21 -555.562 100.729 -7.46021 0.210739 -1539.95 167.106
85 105.961 15.4145 1932 -701.74 103.771 -6.66229 0.173792 -1577.42 173.775
86 216.215 1.32494e-09 2087.25 -747.098 105.279 -6.35945 0.155965 -1738.62 183.333
87 236.414 3.18447e-08 1647.94 -645.281 102.786 -6.96464 0.187145 -1628.62 177.5
88 18.8345 25.6799 -564.549 235.667 -27.4255 1.38043 -0.00829499 -1630.41 176.746
89 45.399 21.3586 3317.2 -1258.58 183.156 -11.4977 0.280347 -1657.5 178.342
90 117.656 14.7746 3558.01 -1307.87 184.292 -11.1672 0.263035 -1675.35 181.018
91 209.637 2.13559 3264.91 -1239.15 182.285 -11.5884 0.28604 -1660.77 179.692
92 168.78 6.37323 3686.62 -1324.49 183.681 -11.1015 0.264039 -1669.33 179.755
93 244.506 0.421073 3190.73 -1222.09 182.268 -11.6719 0.288466 -1761.69 189.674
94 130.448 15.8162 4286.27 -1456.53 187.963 -10.4007 0.225672 -1433.26 164.536
95 239.819 3.52313e-08 3642.59 -1322.89 184.783 -11.161 0.264209 -1602.66 177.218
