0 17.6778 15.8565 -978.589 423.6 -64.1498 4.38104 -0.0912426 -1635.33 180.692
1 26.8902 13.5523 3548.29 -1387.78 202.391 -12.7565 0.313888 -1789.17 189.149
2 22.7704 12.5434 1971.94 -672.147 83.8033 -4.36332 0.0997177 -1598.63 174.449
3 56.9473 9.20909 -1843.43 848.365 -139.078 9.93329 -0.2389 -1519.83 169.394
4 103.977 2.01706 3592.88 -1380.76 198.681 -12.4989 0.310226 -1751.52 184.057
5 94.7475 3.20683 823.364 -234.367 23.3895 -0.776767 0.0212315 -1827.51 190.119
6 77.3004 6.7235 755.087 -215.116 23.1933 -0.968889 0.0305011 -1795.56 187.385
7 113.047 7.62628e-07 564.695 -178.213 23.1051 -1.34391 0.0489308 -1870.33 190.811
8 72.8365 5.80198 570.074 -183.692 23.495 -1.26872 0.0447342 -1758.62 186.034
9 -19.7418 22.865 561.859 -174.667 23.5983 -1.37312 0.0488208 -1787.21 189.115
10 113.361 8.19304e-09 957.334 -261.651 23.691 -0.6152 0.0147546 -1774.35 185.444
11 129.574 4.35544e-09 -954.389 508.885 -90.19 6.7837 -0.164068 -1771.1 186.124
12 129.365 2.63507e-09 -1285.01 582.028 -91.6041 6.2501 -0.135581 -1671 180.138
13 129.865 9.70031e-09 -1412.25 610.304 -91.7017 5.96514 -0.123093 -1790.76 185.922
14 54.4282 11.5548 -1373.82 602.216 -91.5365 6.06057 -0.127449 -1724.03 184.085
15 123.797 6.46004e-07 -503.056 249.961 -39.7552 2.70937 -0.0477468 -1836.99 189.734
16 82.7788 4.82144 1547.65 -555.481 75.5951 -4.46092 0.11688 -1772.47 186.49
17 114.256 1.1448e-09 -2958.79 1300.96 -206.145 14.1904 -0.338305 -1869.41 192.682
18 115.841 4.61711e-09 -1367.39 613.5 -97.1202 6.68083 -0.148276 -1763.6 185.449
19 129.664 6.70989e-09 2498.24 -844.127 105.402 -5.63681 0.128339 -1824.49 188.824
20 129.64 1.92467e-09 -4191.25 1774.48 -273.115 18.3726 -0.434183 -1424.14 162.116
21 130.858 0 351.828 -70.8767 3.60096 0.264315 0.000386985 -1812.93 188.654
22 124.448 3.12084e-11 238.353 -45.7253 3.39685 -0.0216134 0.0159138 -1801.91 187.756
23 135.234 2.62492e-07 -1511.02 743.474 -125.647 9.04267 -0.215132 -1708.86 181.293
24 111.491 2.57572e-12 -1666.3 762.366 -124.842 8.90333 -0.211375 -1558.38 171.541
25 111.282 7.96263e-10 298.121 5.18305 -16.223 1.99025 -0.0480043 -1800.29 187.435
26 122.733 2.50799e-10 2393.12 -829.871 106.354 -5.84001 0.136136 -1802.87 188.559
27 125.597 1.60889e-09 -1341.16 627.508 -103.098 7.3679 -0.17271 -1764.56 186.133
28 -12.6703 23.0601 -2963.96 1274.78 -196.275 13.2198 -0.306572 -1532.97 173.71
29 92.6181 6.30758 -3123.67 1303.56 -196.111 12.9378 -0.294528 -1649.68 180.248
30 81.2828 6.56428 -3161.38 1311.16 -196.115 12.8403 -0.290791 -1810.73 189.357
31 79.1606 7.13978 -438.426 236.605 -39.3464 2.81341 -0.0535678 -1881.56 194.968
32 -49.96 24.9758 -602.271 262.275 -38.4072 2.54914 -0.0432137 -1670.11 181.639
33 -8.1735 18.3186 -465.642 240.144 -39.1116 2.75755 -0.0506452 -1803.96 190.372
34 17.6958 14.8343 -418.724 227.45 -39.2398 2.94546 -0.0601042 -1680.9 180.904
35 116.992 5.98965e-11 -514.893 245.612 -39.043 2.73408 -0.0514738 -1839.49 189.846
36 79.201 6.23953 -471.054 234.527 -38.811 2.85595 -0.0561465 -1586.32 176.112
37 107.924 2.01005 -1070.77 487.166 -77.2784 5.37479 -0.118274 -1851.65 191.92
38 120.449 6.51701e-12 -751.161 418.59 -76.3375 5.83138 -0.138265 -1622.12 175.432
39 52.3293 11.1712 -1388.11 548.046 -75.5406 4.58496 -0.0836805 -1776.33 188.032
40 7.69199 15.0921 -4790.31 2029.51 -314.957 21.4704 -0.518905 -1384.16 160.994
41 53.8699 8.67123 898.768 -299.518 38.1397 -2.03417 0.0577845 -1721.72 182.032
42 52.2736 9.74422 919.659 -303.483 38.1295 -1.9803 0.0559111 -1635.95 178.139
43 118.639 6.23612e-11 -435.038 270.576 -51.1041 4.02013 -0.0922757 -1823.82 190.291
44 51.2063 10.5158 -743.218 335.357 -51.5402 3.52439 -0.0695444 -1690.3 182.005
45 121.496 1.22438e-07 -581.441 302.049 -51.56 3.80336 -0.082321 -1822.63 189.95
46 123.509 1.82362e-06 -627.76 311.281 -51.5096 3.71643 -0.0784406 -1782.59 187.13
47 74.0299 6.60664 -851.687 357.497 -51.6452 3.33351 -0.0622448 -1777.01 184.74
48 21.2766 12.9501 -520.911 283.648 -50.9555 3.94782 -0.089696 -1530.07 169.48
49 -2.49141 16.0152 -630.32 308.816 -50.867 3.63436 -0.0743653 -1777.03 187.419
50 37.7415 11.4811 914.558 -316.256 42.3374 -2.3905 0.0677764 -1710.73 181.97
51 3.97808 17.8547 -1975.35 856.206 -131.606 8.87336 -0.200474 -1601.35 176.131
52 82.5471 6.01021 -1980.59 850.292 -131.326 8.92842 -0.203054 -1622.81 178.762
53 119.478 0.591149 -1919.61 838.338 -131.229 9.01298 -0.207168 -1561.85 173.365
54 118.802 1.70487e-07 612.115 -190.67 22.2027 -0.967639 0.0317323 -1683.42 181.352
55 111.479 2.17604e-11 462.538 -158.715 21.5896 -1.21422 0.0441944 -1647.94 177.236
56 20.356 14.8642 -2563.41 1110.42 -173.308 11.8497 -0.277461 -1481.17 167.372
57 -25.3875 21.2648 -1204.15 493.815 -70.6911 4.46893 -0.0847147 -1724.5 184.779
58 103.33 0.13644 254.442 -58.3836 4.07202 0.0738204 0.010239 -1730.06 183.437
59 33.35 11.8416 406.394 -85.4739 4.12461 0.322448 -0.00160647 -1715.29 183.261
60 112.831 1.11022e-14 469.81 -100.781 4.20738 0.412415 -0.00453256 -1645.01 177.224
61 119.749 1.45206e-07 293.792 -66.4923 4.43851 0.153867 0.00480595 -1692.61 181.679
62 63.5923 8.75461 225.651 -43.7635 4.00549 -0.102494 0.0189498 -1781.09 188.054
63 21.5058 16.7036 -4271.4 1815.74 -280.662 19.0703 -0.45728 -1410.27 164.982
64 43.4312 16.8804 -4433.88 1864.79 -281.938 18.6549 -0.435383 -1527.11 171.764
65 29.8061 22.6397 -1250.97 613.956 -99.828 7.09782 -0.165808 -1435.92 165.85
66 38.2888 17.5935 -1311.44 623.783 -100.035 6.95775 -0.157311 -1713.48 184.709
67 58.9249 15.4961 -1486.54 662.448 -100.282 6.62368 -0.141881 -1704.8 184.05
68 115.855 4.68242 672.621 -216.669 29.0712 -1.64557 0.0529558 -1651.8 178.979
69 159.472 6.16052e-10 872.735 -254.177 29.2193 -1.38184 0.0398794 -1736.95 181.763
70 161.164 1.65214e-06 599.862 -199.241 29.2262 -1.84535 0.061934 -1565.24 172.568
71 78.3234 15.4006 -2660.4 1128.76 -167.774 10.8985 -0.241936 -1681.67 183.586
72 49.9118 16.4286 1282.68 -459.204 64.9896 -3.90266 0.103996 -1656.67 181.343
73 79.5665 10.6096 1053.53 -409.708 64.9755 -4.43025 0.129073 -1620.72 176.812
74 30.6851 16.923 1292 -460.841 64.6799 -3.88823 0.104162 -1721.27 184.241
75 46.0374 18.2326 -2404.38 1021.59 -152.046 9.91842 -0.22151 -1762.55 185.675
76 110.562 6.46982 2587.2 -945.845 132.318 -8.0717 0.201019 -1631.05 177.382
77 159.948 2.33147e-13 -2261.37 933.593 -135.785 8.64752 -0.184879 -1600.61 173.29
78 161.096 2.14273e-07 -6934.41 2768.77 -401.637 25.4965 -0.577927 -1505.16 169.159
79 37.0994 21.9169 -2202.11 930.708 -136.722 8.83775 -0.192287 -1589.66 177.642
80 20.3926 20.5469 -388.735 212.5 -33.8496 2.42208 -0.0452506 -1540.76 171.686
81 52.1001 14.9603 -325.412 200.708 -34.2756 2.54512 -0.0501375 -1708.65 182.014
82 91.6223 8.67392 -5154.55 2202.05 -341.293 23.1597 -0.559719 -1277.82 150.675
83 25.6067 20.0154 -2353.86 1011.22 -152.78 10.1194 -0.228589 -1640.34 178.683
84 26.608 21.4302 -38.5661 83.9227 -15.663 1.30428 -0.0202287 -1446.86 165.263
85 25.9387 21.1661 -1016.43 472.097 -72.5497 4.93077 -0.103841 -1490.13 170.929
86 63.9373 16.5119 3903.59 -1383.39 181.81 -9.90909 0.205128 -1150.66 145.231
87 51.4385 17.8489 140.032 -23.3444 6.27332 -0.577366 0.0374736 -1566.56 175.487
88 26.4236 21.1102 378.531 -73.3217 5.9504 -0.00990561 0.0104637 -1540.66 174.107
89 29.4591 19.1538 179.694 -42.0837 6.93337 -0.362283 0.0249233 -1596.22 179.023
90 -4.61334 23.8245 204.832 -44.4604 6.66381 -0.347722 0.0245292 -1679.27 183.102
91 -4.99973 23.7118 3316.67 -1284.07 187.511 -11.7912 0.289927 -1598.5 176.941
92 -9.64037 24.4341 -2624.74 1127.51 -172.754 11.668 -0.27132 -1392.81 162.85
93 12.0294 22.7252 -166.711 109.028 -16.9694 1.30692 -0.0189622 -1674.69 184.114
94 27.5848 21.6482 -239.093 125.236 -16.8454 1.11776 -0.00956241 -1642.35 183.107
95 7.98912 26.7672 1.88586 76.0552 -16.575 1.62012 -0.034522 -1335.22 162.138
