0 53.3648 23.6679 -2306.41 943.049 -131.54 8.05004 -0.167198 -1451.96 161.252
1 32.4718 20.95 -2276.46 926.149 -131.181 8.20016 -0.175167 -1492.84 162.157
2 41.6122 16.9882 839.878 -307.34 46.8658 -2.99915 0.0842209 -1500.19 161.09
3 43.3647 18.2947 -648.172 297.083 -42.7829 2.82008 -0.055838 -1404.41 153.758
4 60.0774 16.2221 -637.944 291.056 -42.3514 2.89902 -0.0620163 -1392.76 152.73
5 57.5756 16.6054 -525.483 269.008 -42.3508 3.05991 -0.0674061 -1431.48 157.686
6 78.3017 14.4129 826.638 -323.604 52.9845 -3.57275 0.101009 -1423.51 157.229
7 56.7926 19.0297 914.893 -339.436 53.2715 -3.43881 0.0926862 -1398.05 154.413
8 58.9939 16.2371 -1026.35 430.302 -59.8865 3.78173 -0.0756816 -1480.03 160.035
9 56.262 17.4369 1320.05 -514.922 79.8371 -5.17846 0.135183 -1451.21 158.798
10 63.8926 17.7957 1416.25 -533.861 80.0409 -5.01173 0.127303 -1409.7 157.781
11 62 16.2766 1479.95 -546.697 80.0188 -4.93481 0.123967 -1406.87 154.83
12 110.941 9.13138 1502.13 -553.467 80.166 -4.86914 0.120412 -1433.82 156.991
13 91.8209 12.6286 1558.82 -567.238 80.5515 -4.7442 0.11337 -1368.36 153.001
14 105.335 9.72124 1295.27 -508.105 79.1891 -5.17966 0.136511 -1405.01 154.501
15 100.341 11.6839 1499.96 -549.656 79.8398 -4.86074 0.119735 -1352.86 150.025
16 80.3023 13.4979 -139.281 57.3294 -3.2745 0.118082 0.0102538 -1397.13 154.537
17 55.7752 15.5479 3392.46 -1335.18 198.736 -12.7114 0.311621 -1407.45 155.183
18 47.315 17.5157 1486.06 -561.892 83.2852 -5.18793 0.131193 -1428.52 157.412
19 51.4661 20.0533 162.403 -28.2345 5.91374 -0.30737 0.0170142 -1378.55 153.279
20 67.5282 14.705 298.55 -62.0895 6.47033 -0.0539024 0.00420115 -1422.69 155.072
21 58.5133 19.6141 336.31 -62.9152 6.28164 -0.0576406 0.00606878 -1429.61 158.658
22 59.9712 19.4521 166.075 -26.8307 5.74874 -0.320326 0.0186049 -1448.98 159.438
23 64.4164 17.7865 254.814 -48.1144 6.11737 -0.157177 0.00979801 -1389.69 153.203
24 88.5372 16.2322 12.8472 5.7806 5.76165 -0.642771 0.0336502 -1419.09 157.012
25 63.5661 17.2102 260.122 -53.7953 6.56661 -0.121182 0.00679231 -1342.15 150.091
26 38.8851 21.566 181.038 -34.1563 6.18569 -0.280198 0.0161645 -1419.74 158.251
27 38.3778 21.4082 171.892 -31.0553 6.07901 -0.317613 0.017539 -1384.5 153.125
28 85.7258 14.3768 425.067 -82.4112 6.47386 0.0539459 0.00164076 -1421.12 156.868
29 69.0119 17.9488 264.09 -49.8042 6.34612 -0.166166 0.0103932 -1438.85 158.994
30 95.0088 17.7007 372.563 -66.9665 6.4217 -0.0369448 0.00508666 -1397.72 158.045
31 67.8078 19.5057 356.004 -64.082 6.36997 -0.074761 0.00666909 -1419.14 157.492
32 28.9009 18.2601 117.985 -17.208 5.22706 -0.476586 0.028321 -1520.23 159.417
33 26.5733 18.1632 179.861 -32.3513 5.48679 -0.345416 0.0220825 -1496.67 158.961
34 61.0907 13.1244 1402.64 -545.689 83.3232 -5.40308 0.141671 -1465.07 157.225
35 74.9047 8.73764 -1227.61 522.02 -76.7083 5.0102 -0.107992 -1429.54 150.34
36 36.8543 14.5494 587.554 -198.111 28.6612 -1.70745 0.0498102 -1452.92 153.225
37 98.5307 6.06377 2232.21 -835.375 119.29 -7.3442 0.179584 -1484.81 155.566
38 80.7896 10.4358 -1135.31 492.552 -73.0897 4.89095 -0.108179 -1425.09 153.966
39 74.8813 10.4975 692.16 -235.807 33.9083 -2.01963 0.0565032 -1458.2 153.853
40 42.4016 13.591 635.164 -224.816 33.7571 -2.10768 0.060326 -1433.09 150.391
41 73.2695 10.3924 693.305 -237.062 33.954 -1.99986 0.0554844 -1427.99 152.019
42 71.4546 10.1845 709.053 -243.423 34.2094 -1.94672 0.0522818 -1391.85 149.473
43 69.7011 10.4909 501.264 -199.23 33.6698 -2.27099 0.0672323 -1406.84 149.728
44 57.6945 14.118 -1101.52 434.043 -57.6081 3.49985 -0.0678426 -1397.59 150.833
45 108.913 6.54782 -1005.22 410.912 -57.2024 3.66176 -0.0755195 -1357.32 147.755
46 104.167 7.17679 3694.52 -1402.37 201.139 -12.4809 0.297631 -1419.27 151.316
47 123.132 3.62698 1664.54 -654.39 98.7386 -6.29088 0.157904 -1430.43 151.811
48 56.734 13.7431 1762.63 -670.864 98.7211 -6.16903 0.153061 -1383.03 149.049
49 53.6259 11.2821 1774.88 -676.129 98.5638 -6.13994 0.153396 -1448.25 153.318
50 74.2312 8.56048 2069.28 -739.436 99.5032 -5.64811 0.128634 -1332.18 144.436
51 55.0548 13.7661 564.956 -186.282 26.9367 -1.54051 0.0429946 -1341.39 145.272
52 54.2308 16.9413 398.714 -147.307 26.4082 -1.84188 0.0580999 -1388.83 150.555
53 70.4944 12.7284 491.913 -169.532 26.7406 -1.68708 0.05083 -1403.11 150.998
54 89.7808 8.37201 767.286 -230.339 27.4961 -1.22869 0.0284856 -1399.11 149.269
55 95.6933 8.71767 271.427 -124.921 25.9034 -1.95142 0.0638677 -1387.46 150.753
56 55.0833 11.8969 599.159 -192.958 26.5993 -1.4653 0.0400481 -1407.99 148.339
57 56.085 11.7273 501.161 -174.061 26.271 -1.60557 0.048659 -1462.67 154.944
58 62.1695 10.5721 536.731 -181.121 26.3164 -1.55084 0.0459632 -1386.86 148.615
59 46.0625 17.1999 384.462 -145.523 26.1932 -1.81308 0.0571007 -1406.23 152.343
60 53.1136 15.5621 2298.22 -860.019 124.155 -7.69616 0.187404 -1432.94 152.6
61 66.7628 12.5915 512.581 -137.314 16.6272 -0.771313 0.0246117 -1402.46 150.28
62 68.5762 14.5111 1996.83 -712.765 99.4521 -5.96205 0.144778 -1397.72 152.241
63 82.6531 10.4394 516.986 -120.373 10.5168 -0.11879 0.00328561 -1457.46 155.605
64 49.0898 19.5778 130.903 -31.2967 10.1487 -0.927986 0.0396171 -1373.51 147.551
65 50.7794 18.063 2393.27 -923.753 139.189 -9.08722 0.230824 -1389.32 149.138
66 96.4215 15.1504 695.642 -252.401 42.0016 -2.88343 0.0841795 -1375.32 151.392
67 113.895 10.423 727.838 -261.953 42.0711 -2.78739 0.0789176 -1318.64 145.31
68 60.8968 15.9338 637.652 -247.141 41.9257 -2.90625 0.084645 -1321.43 144.561
69 63.9588 16.0104 734.776 -267.171 42.2544 -2.75595 0.0771099 -1306.39 143.507
70 92.6865 12.7335 494.6 -216.128 41.7626 -3.13798 0.0953008 -1323.21 146.611
71 91.6355 15.9138 -4496.04 1788.39 -253.393 15.8214 -0.353557 -1269.71 143.612
72 91.089 16.2294 -1508.55 644.066 -92.0137 5.8563 -0.125979 -1264.17 142.649
73 67.1623 17.3435 355.105 -106.657 18.2288 -1.20817 0.040628 -1281.92 142.165
74 80.3126 12.473 289.364 -97.2326 18.1898 -1.2922 0.0446765 -1337.25 145.007
75 116.469 9.25038 402.518 -122.46 18.7004 -1.05133 0.0315468 -1266.28 141.297
76 69.7936 14.0595 1274.34 -484.284 73.9093 -4.78255 0.125214 -1363.62 147.182
77 101.645 9.87155 3377.32 -1312.9 193.476 -12.2573 0.296273 -1313.45 143.645
78 107.347 8.49688 3430.19 -1322.63 193.358 -12.2058 0.295533 -1332.11 144.948
79 133.613 4.0269 507.926 -170.442 24.9379 -1.37566 0.0375466 -1291.75 142.273
80 88.4284 14.3767 561.319 -169.353 24.5154 -1.41989 0.0410205 -1280.07 142.015
81 111.682 11.2821 2302.6 -862.022 125.741 -7.84867 0.191338 -1312.7 145.712
82 122.607 9.20768 2336.57 -871.604 125.859 -7.75779 0.186706 -1288.81 143.522
83 97.6237 9.60963 -1511.64 583.895 -76.8705 4.52335 -0.0867546 -1318.5 144.046
84 62.2248 16.919 1430.61 -507.199 72.6383 -4.43659 0.110888 -1302.25 141.866
85 62.5721 18.2966 1566.64 -530.801 72.8782 -4.26106 0.103575 -1388.59 151.936
86 64.4045 15.2603 1453.13 -511.963 72.482 -4.39742 0.110653 -1365.14 147.677
87 114.777 13.4406 1345.55 -488.505 72.6977 -4.534 0.114919 -1290.79 146.33
88 72.197 17.8637 112.992 -2.91442 2.27106 -0.13133 0.0142974 -1305.86 145.646
89 75.778 15.8419 1.74409 16.315 2.31293 -0.304934 0.0228631 -1391.48 153.037
90 71.5396 14.9337 151.049 -18.3371 2.92838 -0.0265719 0.00738162 -1342.66 147.051
91 63.674 13.486 97.0526 -6.31508 2.4855 -0.140162 0.0148568 -1315.95 144.564
92 50.7229 20.8103 -984.117 455.925 -67.9831 4.54419 -0.100177 -1326.13 146.575
93 85.9096 17.5323 -1037.53 466.737 -67.9268 4.47832 -0.0970645 -1335.76 150.676
94 71.0234 16.4919 -1175.09 491.931 -68.3163 4.27613 -0.0871975 -1396.58 152.281
95 55.0962 22.0303 -1209.33 506.137 -68.6401 4.15152 -0.0802488 -1408.77 154.986
