0 75.4698 21.0425 -2542.49 1091.12 -162.498 10.6955 -0.243784 -1643.8 182.004
1 72.7366 21.6731 521.244 -166.951 27.9257 -1.88442 0.0619075 -1669.61 182.709
2 85.2956 19.1789 -653.962 296.61 -39.5257 2.40501 -0.0382082 -1570.78 176.515
3 51.8602 22.6938 -490.898 260.673 -39.4744 2.73897 -0.0541545 -1648.89 181.203
4 76.3314 19.7545 -1871.87 867.873 -137.602 9.62502 -0.230537 -1344.11 158.232
5 61.8702 23.6302 -2082.9 918.743 -137.918 9.11134 -0.206068 -1657.07 179.975
6 76.8542 21.7861 -1969.91 896.568 -137.685 9.27464 -0.21315 -1656.96 181.545
7 98.0928 14.3396 648.876 -156.92 16.0321 -0.492081 0.0147319 -1647.21 177.829
8 69.3362 21.4507 426.96 -107.777 16.3599 -0.990759 0.0367741 -1714.43 183.716
9 89.4779 15.6021 420.155 -113.106 16.3308 -0.920614 0.0340866 -1748 185.649
10 70.0285 20.6922 -2534.62 1110.59 -168.293 11.1703 -0.256098 -1715.94 184.921
11 107.125 14.7812 2034.14 -711.564 99.4847 -6.01407 0.149956 -1673.62 180.653
12 107.478 14.9054 2002.35 -704.749 99.2815 -6.06637 0.153531 -1701.56 183.483
13 204.27 9.02611e-12 -1529.36 658.897 -95.4158 6.10051 -0.128539 -1764.75 185.519
14 109.033 18.1855 891.533 -306.581 47.7099 -3.08395 0.0879956 -1614.72 179.198
15 164.06 6.44815 1087.83 -349.804 47.5647 -2.72536 0.0724547 -1783.44 188.576
16 88.7092 16.8961 -208.418 168.043 -28.8734 2.24093 -0.0475813 -1733.6 184.414
17 77.5403 18.258 -385.482 205.003 -29.0273 1.87107 -0.0286825 -1656.02 179.209
18 86.8779 19.5775 -208.208 169.629 -28.3086 2.1431 -0.0432888 -1662.62 181.134
19 132.621 17.2001 11.726 127.081 -27.4404 2.43933 -0.0577011 -1426.47 166.706
20 117.784 14.9145 -39.9055 135.7 -27.8502 2.3551 -0.0527887 -1665.97 181.057
21 77.2888 19.475 1303.65 -462.298 69.7908 -4.56225 0.125122 -1638.16 176.304
22 125.707 16.6046 1630.97 -532.307 70.9477 -3.97956 0.0962854 -1639.3 180.616
23 211.736 2.86162e-09 -658.03 358.1 -58.0532 4.14561 -0.0919371 -1735.74 185.145
24 73.6508 20.3568 -2596.88 1111.19 -164.118 10.6075 -0.236469 -1706.26 182.826
25 74.3023 16.9694 -2722.89 1131.6 -163.999 10.3994 -0.226849 -1733.37 183.377
26 76.4423 18.6352 2620.38 -955.514 135.24 -8.20616 0.198252 -1655.42 180.914
27 206.946 3.34147e-06 -848.497 405.352 -61.4731 4.17683 -0.0889129 -1619.03 175.952
28 115.643 15.0347 -807.499 404.245 -61.726 4.16764 -0.0872649 -1644.16 179.096
29 119.597 15.4191 -1049.52 459.579 -62.61 3.75389 -0.0665619 -1677.29 182.859
30 115.133 14.3425 -663.495 370.288 -61.0583 4.43558 -0.101189 -1610.68 176.988
31 132.086 15 -901.067 425.287 -61.7709 4.01578 -0.0814492 -1675.33 181.644
32 62.4025 22.7662 -955.843 438.838 -62.161 3.86364 -0.0734222 -1674.89 177.988
33 72.5801 22.0785 312.26 -49.8859 6.46828 -0.281465 0.0182181 -1627.02 176.733
34 69.3498 18.4433 -1004.83 450.68 -64.2574 4.01233 -0.0767731 -1707.02 179.317
35 79.6147 20.4398 -3326.87 1398.81 -204.689 13.0779 -0.292376 -1586.64 171.915
36 82.8948 17.6645 -1085.38 480.434 -67.8064 4.19729 -0.0805791 -1647.79 175.008
37 82.9207 18.8333 -1150.25 497.572 -68.0456 4.06173 -0.0741415 -1669.31 177.323
38 107.128 22.4233 -562.49 379.604 -66.1768 4.96844 -0.118867 -1570.13 175.685
39 98.144 17.2804 -3300.21 1352.01 -194.641 12.364 -0.276366 -1565.93 170.72
40 69.287 20.3463 75.245 17.1629 -0.678388 0.0278872 0.0148438 -1470.78 165.044
41 69.6388 18.808 -1283.13 628.19 -101.981 7.33488 -0.178194 -1201.43 143.969
42 101.96 20.1668 -1396.56 664.957 -102.561 6.99485 -0.160692 -1607.36 176.488
43 58.34 21.3834 1452.31 -519.205 76.0975 -4.76198 0.124192 -1558.17 170.119
44 76.2395 21.257 -1482.07 667.71 -99.2854 6.51459 -0.141958 -1573.22 173.437
45 84.0237 14.934 1532.06 -559.235 81.7119 -5.07384 0.129223 -1678.8 176.655
46 103.651 20.0488 -3426.72 1427.1 -207.503 13.268 -0.298246 -1515.52 169.352
47 82.6549 20.7802 -3671.64 1474.93 -208.331 12.9591 -0.283224 -1448.87 163.726
48 69.1983 17.4589 -468.016 240.001 -34.2123 2.16653 -0.0356175 -1637.61 173.564
49 57.8962 18.8637 -3231.15 1364.02 -203.509 13.3327 -0.306526 -1626 174.889
50 76.5244 20.9636 -131.173 167.841 -31.7387 2.56893 -0.0590049 -1622.89 174.396
51 67.4319 20.4619 -578.997 258.106 -33.135 1.9617 -0.0292035 -1533.43 169.043
52 81.6381 20.9392 -243 195.023 -32.7874 2.4468 -0.0517983 -1601.24 173.452
53 112.354 18.7047 2408.52 -890.387 130.566 -8.20826 0.203382 -1594.94 174.727
54 60.102 23.3978 2646.88 -942.966 131.453 -7.88372 0.188321 -1524.04 168.212
55 71.3127 22.6144 2269.67 -860.302 129.653 -8.38683 0.213519 -1525.03 169.484
56 77.6512 20.5964 686.381 -220.345 35.3358 -2.42154 0.0747295 -1600.54 170.687
57 61.4195 21.1921 -804.976 379.029 -54.0006 3.38488 -0.0628536 -1598.62 172.753
58 79.64 20.592 -717.086 357.504 -53.2764 3.56954 -0.0732598 -1469.49 165.439
59 61.1404 20.2791 -576.6 323.792 -52.7916 3.81324 -0.0854735 -1564.66 170.347
60 93.8618 15.5394 -1139.6 444.886 -55.0756 2.9943 -0.0446581 -1555.81 169.233
61 105.356 18.5634 -3673.52 1559.29 -232.524 15.2268 -0.352464 -1586.75 174.404
62 90.7476 21.7559 -874.378 459.967 -73.5885 5.22528 -0.12141 -1584.93 174.375
63 91.5347 23.0711 -1200.76 533.256 -75.2232 4.76 -0.0962099 -1427.42 165.887
64 103.592 20.7641 358.334 -61.1608 9.78303 -0.674509 0.0304835 -1499.97 163.026
65 95.9327 24.6028 -1913.93 843.674 -121.793 7.68151 -0.164982 -1496.9 164.801
66 161.282 16.918 -511.445 298.771 -43.8367 2.82668 -0.05229 -1471.75 165.849
67 148.31 15.1909 2128.14 -760.029 111.041 -7.03664 0.177993 -1430.34 159.978
68 124.783 19.8507 -1837.26 803.221 -115.024 7.23318 -0.154579 -1594.01 171.717
69 191.5 7.74592 -1740.94 779.1 -114.593 7.38138 -0.161632 -1467.72 160.913
70 207.828 7.59027 4370.53 -1637.58 237.116 -14.9104 0.359359 -1407.43 159.935
71 223.882 8.2137 1409.65 -532.899 87.4072 -6.07618 0.167459 -1384.12 160.095
72 111.322 19.9333 -1172.59 550.212 -80.4923 5.18902 -0.11024 -1537.25 166.86
73 121.591 18.154 47.6036 60.3809 -8.6793 0.602668 -0.00183161 -1523.87 166.996
74 128.757 18.863 2223.71 -850.43 132.777 -8.96779 0.233976 -1401.01 154.519
75 137.349 15.7195 -977.668 441.772 -59.8806 3.53661 -0.0625449 -1483.3 162.58
76 177.234 12.3617 3136.38 -1062.38 140.991 -8.03319 0.180955 -1371.7 157.384
77 195.055 11.0333 34.5834 110.278 -21.3504 1.73003 -0.0354191 -1427.86 160.059
78 197.081 9.34524 -2716.66 1202.04 -181.464 11.9997 -0.278238 -1496.47 165.252
79 196.547 7.76681 1185.17 -346.483 44.1947 -2.34918 0.0577725 -1506.39 164.729
80 100.553 21.5984 -1868.39 826.056 -120.524 7.69961 -0.167495 -1362.06 154.032
81 106.056 22.4597 -1988.61 851.912 -120.181 7.42943 -0.156905 -1287.69 147.901
82 106.354 19.014 -1848.34 813.151 -119.58 7.76738 -0.173299 -1455.58 160.744
83 111.547 19.9939 -1528.39 755.118 -119.942 8.2803 -0.19487 -1502.48 164.952
84 116.323 17.6096 2339.5 -842.827 121.502 -7.53648 0.183795 -1521.85 163.981
85 168.484 15.3464 2380.63 -839.932 121.038 -7.58127 0.188972 -1521.65 168.625
86 118.087 23.6541 2325.26 -827.565 120.887 -7.65709 0.19256 -1494.42 167.566
87 190.838 9.32584 -277.343 156.25 -17.3667 0.802944 0.00237853 -1451.15 162.377
88 111.224 20.4089 -1656.12 739.905 -107.485 6.81725 -0.143789 -1561.09 171.819
89 92.078 23.2648 -1625.25 729.877 -107.198 6.94654 -0.151817 -1528.51 169.26
90 128.067 18.6887 -1419.26 690.084 -107.83 7.42854 -0.174282 -1439.58 162.677
91 129.905 18.9585 -1470.88 702.166 -107.809 7.2963 -0.167797 -1417.06 161.347
92 96.3069 20.5577 -1585 723.461 -107.985 7.10559 -0.158686 -1496.68 165.715
93 102.523 21.9212 -1497.42 710.072 -108.172 7.22577 -0.162882 -1548.74 170.906
94 136.829 14.5039 3503.26 -1306 188.4 -11.7377 0.282728 -1491.83 165.925
95 91.0966 23.9886 -2549.9 1078.05 -155.937 9.99406 -0.2228 -1311.02 155.331
