0 17.4543 18.9331 -1662.76 727.038 -111.728 7.57109 -0.169367 -1538.19 172.56
1 16.0595 16.8404 2163.21 -825.914 119.032 -7.35372 0.185151 -1616.77 177.368
2 1.2905 21.162 -4461.82 1880.64 -287.604 19.352 -0.46078 -1413.36 165.216
3 13.2853 17.4896 -118.881 106.337 -21.1483 1.83673 -0.0368095 -1484.1 166.576
4 -23.9201 22.0545 -22.5283 89.2208 -21.4005 2.00244 -0.0434751 -1563.88 173.052
5 11.0873 17.1985 -3305.36 1371.65 -205.425 13.4945 -0.307954 -1553.78 170.867
6 -1.64127 19.216 -1384.49 627.261 -97.9116 6.63434 -0.145522 -1726.32 182.693
7 15.4776 17.8562 -1479.45 641.272 -97.3197 6.51409 -0.14239 -1612.85 174.853
8 -26.3201 22.2035 -1368.07 615.387 -97.3611 6.78813 -0.155071 -1554.4 170.795
9 16.212 16.2512 207.851 -26.5172 -0.284942 0.353659 0.00182709 -1651.15 177.348
10 36.6077 13.0383 369.434 -64.5011 0.424825 0.646999 -0.0128458 -1536.67 169.434
11 78.1751 9.38353 -7587.95 3067.46 -453.035 29.3742 -0.685166 -1360.7 157.324
12 46.12 12.2511 -606.946 328.256 -56.5477 4.18117 -0.0929928 -1758.28 184.499
13 14.4405 19.5165 -651.74 341.309 -56.7355 4.10484 -0.088779 -1472.85 166.157
14 42.0389 15.3683 1770.8 -656.499 93.6003 -5.68733 0.142985 -1646.3 177.307
15 90.0239 7.18108 2015.1 -709.422 93.9833 -5.27238 0.124615 -1582.41 172.415
16 -1.07052 19.5632 -1432.42 653.978 -103.615 7.16076 -0.162568 -1697.93 181.373
17 -14.3352 22.2592 -1650.71 694.264 -102.599 6.70045 -0.143362 -1650.79 178.525
18 18.4257 17.2143 -1583.47 682.095 -102.779 6.7884 -0.146186 -1591.76 173.424
19 27.7875 17.9894 -1377.23 633.99 -101.314 7.15196 -0.16669 -1415.61 162.73
20 55.9515 13.2243 972.912 -288.765 32.8541 -1.46232 0.0386466 -1564.88 172.068
21 62.7972 12.3357 -2158.11 884.218 -128.681 8.28957 -0.180025 -1597.77 174.131
22 11.5804 21.2852 1859.97 -644.774 85.9354 -4.88089 0.11898 -1518.21 169.518
23 53.759 14.4605 1534.71 -580.864 85.4127 -5.36676 0.141521 -1572.26 173.452
24 -10.1111 20.9361 331.571 -83.5629 9.88559 -0.448189 0.0244101 -1728.82 182.451
25 -8.2027 22.252 344.564 -85.745 9.92863 -0.40733 0.02359 -1548.11 172.669
26 11.2572 19.4303 -2525.05 1139.77 -183.903 13.0269 -0.319317 -1326.97 156.647
27 32.697 21.5975 -2750.88 1199.65 -185.444 12.6463 -0.299274 -1339.45 159.826
28 133.027 9.62755e-09 -1129.08 492.24 -74.5281 4.9726 -0.10334 -1513.86 167.192
29 23.4999 18.8205 -1169.46 504.365 -74.3995 4.88658 -0.100817 -1610.71 176.169
30 43.3815 15.169 -733.178 402.962 -71.8287 5.55713 -0.135181 -1434.17 165.167
31 35.3792 19.0972 -825.732 434.293 -72.8132 5.29988 -0.120573 -1437.77 165.94
32 45.1632 23.787 -980.474 473.687 -72.4415 4.85134 -0.100337 -1558.24 176.629
33 4.64862 24.4357 -2213.53 969.303 -147.523 9.79366 -0.22112 -1782.02 188.182
34 15.5159 23.0534 -2270.49 980.438 -147.402 9.69308 -0.2169 -1747.62 186.557
35 68.2258 19.2331 -2071.97 947.681 -147.382 9.94157 -0.227258 -1617.6 178.093
36 94.47 10.7411 452.773 -82.2976 3.49325 0.394388 -0.0057335 -1596.6 175.445
37 47.3457 17.4728 128.734 -12.2443 3.033 -0.233083 0.0238662 -1707.46 182.545
38 49.6247 14.4904 -2115.92 933.593 -144.011 9.64691 -0.218162 -1715.69 182.621
39 55.8744 18.6615 -3941.19 1643.14 -243.855 15.8413 -0.361203 -1620.51 178.344
40 -1.27246 23.6839 -2627.08 1123.4 -169.539 11.2 -0.255201 -1728.2 183.246
41 4.47669 21.7161 -1305.42 595.638 -92.8218 6.35496 -0.142667 -1732.8 183.351
42 10.4561 23.2936 -1317.81 607.926 -93.3505 6.20758 -0.132306 -1610.89 175.812
43 35.5108 17.7467 -1297.27 596.908 -92.99 6.32404 -0.139553 -1639.81 176.991
44 126.133 3.51545 -4276.98 1720.93 -249.568 15.8557 -0.353376 -1506.45 167.022
45 29.7857 18.852 -544.939 286.63 -45.0196 3.07733 -0.0599268 -1769.5 185.073
46 96.097 12.067 -3867.15 1595.82 -234.156 14.9855 -0.334219 -1523.32 170.118
47 54.2874 17.3263 -3850.4 1589.06 -233.748 15.0426 -0.339219 -1551.01 170.558
48 6.85612 23.1969 -1234.75 569.146 -88.5003 6.05652 -0.135135 -1792.07 188.429
49 14.0365 22.0467 -1299.92 584.449 -88.6142 5.88033 -0.125374 -1740.56 185.431
50 7.67403 20.2406 226.576 -14.9681 -2.76047 0.4868 0.000579294 -1593.65 173.441
51 25.7915 19.5638 9.33152 33.6723 -3.06252 0.0654408 0.0194347 -1719.84 181.789
52 50.5157 20.6631 -2343.89 998.871 -147.059 9.44612 -0.205139 -1678.97 182.637
53 44.2364 19.1544 -2154.38 954.287 -146.635 9.82632 -0.223219 -1566.94 174.024
54 52.5841 19.0381 1210.51 -413.451 57.4933 -3.37635 0.0897423 -1486.49 168.824
55 72.7572 16.64 1034.1 -373.611 56.6652 -3.66685 0.104731 -1573.33 175.224
56 10.9916 24.4561 13.579 69.6895 -13.0933 1.01335 -0.00966448 -1711.4 183.185
57 2.65129 25.8161 -1477.03 669.909 -102.366 6.81932 -0.147357 -1608.88 178.517
58 17.4145 23.7257 -1367.78 645.276 -102.335 7.09448 -0.161481 -1514.67 170.736
59 1.90424 24.9913 -1243.23 618.329 -101.885 7.27901 -0.170478 -1479.46 167.609
60 40.4869 16.7751 -1527.62 669.55 -101.355 6.74579 -0.14791 -1662.41 177.996
61 42.2308 20.3244 -1328.06 635.592 -101.09 7.00567 -0.159475 -1541.36 171.699
62 18.605 23.4809 -1470.82 665.547 -101.21 6.71938 -0.145686 -1692.36 183.122
63 41.0348 19.3167 -1150.96 591.136 -100.034 7.32179 -0.175242 -1457.64 166.435
64 69.0055 16.5259 671.37 -205.966 28.6518 -1.68924 0.0551732 -1608.42 178.763
65 49.5479 17.9844 -719.624 403.926 -69.8839 5.22505 -0.122675 -1705.05 185.313
66 52.6892 20.5545 -969.813 459.184 -69.9768 4.7054 -0.0975036 -1675.51 185.513
67 70.3703 20.1123 -1004.12 469.758 -70.0975 4.62212 -0.0941021 -1548.75 175.668
68 174.551 3.4639e-12 -888.925 436.578 -70.077 4.90631 -0.10577 -1687.13 184.163
69 183.319 1.24456e-11 -4115.6 1742.35 -264.553 17.604 -0.413514 -1817.22 193.263
70 84.3348 15.1882 993.182 -305.006 38.7566 -2.03397 0.0560672 -1619.17 180.201
71 110.931 14.0993 -2407.15 969.722 -136.172 8.48886 -0.177651 -1504.32 174.845
72 67.53 15.8314 1763.27 -643.686 91.8756 -5.61584 0.143923 -1662.09 182.031
73 38.5315 20.8868 -3207.08 1373.71 -208.516 13.8658 -0.320905 -1720.34 187.507
74 56.1371 22.5212 -1143.93 546.152 -85.4532 5.96236 -0.135981 -1693.33 187.327
75 84.7399 16.0173 -1028.11 526.222 -86.0462 6.09823 -0.138853 -1684.24 184.165
76 173.386 3.15692e-10 -1292.84 568.816 -86.1265 5.78182 -0.124408 -1755.98 189.139
77 165.009 3.16789 3695.71 -1394.22 199.634 -12.3909 0.300996 -1664.24 181.521
78 72.9009 19.261 -3946.61 1725.2 -266.766 17.9944 -0.426486 -1560.81 177.615
79 199.674 9.93604e-09 3045.29 -1034.48 131.857 -7.11249 0.155964 -1625.59 179.837
80 77.2177 18.7629 -453.901 244.014 -36.0142 2.39102 -0.0403037 -1597.72 179.974
81 76.5742 14.4401 -453.581 240.282 -36.166 2.41637 -0.0420152 -1793.95 190.104
82 59.3217 18.827 -305.07 204.955 -35.353 2.7133 -0.0565895 -1476.58 170.001
83 57.0141 22.4092 -54.444 157.846 -35.2519 3.15825 -0.0776501 -1491.46 173.471
84 179.322 4.34097e-11 -351.235 211.643 -35.704 2.69174 -0.0565019 -1777.47 188.607
85 39.8351 25.7083 -363.32 219.722 -35.434 2.65472 -0.0553401 -1719.27 190.589
86 50.6211 21.6203 -593.17 270.163 -36.3149 2.20323 -0.0314682 -1605.35 180.393
87 103.73 14.0015 -539.224 255.888 -35.9294 2.34289 -0.0403149 -1705.55 187.095
88 30.9642 23.6838 -4400.75 1864.26 -284.026 19.0733 -0.45375 -1440 170.1
89 21.2853 25.7342 -183.708 164.562 -30.6138 2.53808 -0.0569558 -1759.32 191.733
90 37.4218 20.8779 -251.045 176.573 -30.8112 2.40701 -0.0493474 -1534.24 173.665
91 92.2202 12.1153 -352.846 195.246 -30.8213 2.20927 -0.0386007 -1499.91 172.124
92 16.5126 22.1619 -578.296 235.748 -29.7353 1.74224 -0.0204264 -1733.52 188.643
93 22.5739 27.2886 -489.884 229.717 -29.8442 1.79225 -0.0224035 -1617.62 182.808
94 10.5628 25.0969 -6547.01 2725.11 -411.451 27.2903 -0.647964 -1404 168.44
95 31.0911 26.8937 -2996.54 1268.18 -189.142 12.4777 -0.284757 -1478.24 175.97
