0 65.0721 28.4194 -2532.24 1163.59 -185.704 13.2335 -0.329501 -1187.18 158.034
1 71.0346 23.3042 1726.16 -623.155 89.8362 -5.41284 0.137277 -1515.59 181.448
2 111.198 13.9479 1786.27 -640.059 89.59 -5.25539 0.129983 -1652.95 187.269
3 132.291 12.5614 -180.198 157.936 -28.4648 2.3786 -0.0512474 -1535.59 182.164
4 43.8552 26.0606 -259.501 180.229 -28.6328 2.07715 -0.0351805 -1580.1 183.579
5 59.7001 25.2856 -108.346 148.453 -28.8844 2.49109 -0.0559054 -1513.83 179.576
6 96.5546 18.1852 -3014.9 1309.56 -200.097 13.4666 -0.313997 -1460.54 174.75
7 62.6935 23.1632 -180.214 147.019 -23.95 1.80356 -0.0301085 -1579.39 182.685
8 84.4412 21.9112 -143.209 142.874 -24.1138 1.85946 -0.0325222 -1665.72 190.218
9 112.496 17.2845 -105.119 134.648 -24.1027 1.95471 -0.0368128 -1617.77 187.842
10 112.914 14.8203 -93.332 128.841 -24.206 1.9893 -0.0383417 -1631.63 185.035
11 132.438 13.7676 -186.625 148.243 -24.1384 1.8472 -0.0323447 -1614.63 186.389
12 104.161 20.4991 403.033 9.79708 -20.5373 2.91683 -0.0915995 -1149.22 153.645
13 82.2861 19.8393 -283.466 163.308 -22.8735 1.521 -0.0179422 -1584.36 184.252
14 200.922 3.71 -193.105 148.71 -23.5494 1.70176 -0.0256825 -1661.09 187.794
15 92.7442 21.6524 -2150.26 936.494 -139.742 9.2606 -0.208133 -1439.16 173.454
16 69.6481 23.4023 -1622.22 809.432 -136.796 10.2431 -0.260841 -1236.69 158.987
17 75.4843 23.6176 -1823.01 859.099 -136.317 9.52291 -0.224148 -1584.69 185.909
18 74.0322 24.5951 1933.96 -660.842 90.6563 -5.27885 0.13068 -1566.07 182.715
19 97.6901 18.0865 1596.7 -527.309 70.4416 -3.98034 0.101254 -1537.98 180.248
20 118.789 17.3312 -4055.66 1793.62 -282.288 19.5707 -0.479629 -1236.06 159.971
21 102.239 22.3087 -2759.29 1210.91 -184.84 12.5181 -0.293849 -1325.93 167.635
22 72.6578 26.6987 -981.552 470.255 -69.387 4.58206 -0.0933355 -1640.44 188.818
23 105.547 19.1357 1178.45 -391.301 55.599 -3.31509 0.0903171 -1575.85 182.584
24 85.7008 23.1797 -2380.67 1078.73 -167.28 11.397 -0.266621 -1669.16 189.977
25 65.4235 25.2883 -2173.69 1028.82 -166.909 11.9295 -0.292798 -1355.37 168.828
26 59.798 23.65 -887.22 451.924 -72.0499 5.09089 -0.112238 -1590.93 183.8
27 102.354 19.782 1112.96 -311.028 35.512 -1.49871 0.0359885 -1537.37 180.985
28 121.492 17.6886 -3047.57 1339.71 -206.561 14.0733 -0.333676 -1302.59 165.553
29 98.5626 25.002 -1620.32 787.853 -124.749 8.67536 -0.201808 -1563.28 184.746
30 114.58 18.7673 -1762.72 810.604 -124.83 8.48563 -0.192475 -1503.46 179.779
31 88.395 23.3701 -1897.05 838.592 -124.563 8.1988 -0.181567 -1604.53 184.52
32 0.558688 23.5369 112.915 8.70361 -2.46866 0.257373 0.0103963 -1703.6 183.644
33 -4.56368 23.6997 -3411.46 1410.34 -207.729 13.387 -0.300447 -1798.06 189.24
34 22.0819 20.474 -3264 1378.18 -207.491 13.6637 -0.311444 -1500.73 170.414
35 58.2897 12.0574 -1283.23 560.737 -84.1376 5.54084 -0.117395 -1809.98 186.895
36 43.5832 15.0803 1121.01 -398.81 56.7489 -3.47551 0.0963289 -1672.95 179.185
37 27.519 18.0309 -2231.42 945.055 -140.16 9.04655 -0.195531 -1638.14 177.048
38 113.903 4.75416 -2026.85 897.824 -140.085 9.54226 -0.220541 -1871.87 193.76
39 45.0901 20.6738 -2141.2 931.882 -140.188 9.23233 -0.206252 -1734.76 185.944
40 6.53047 18.9609 -2071.06 906.493 -140.216 9.48625 -0.216974 -1680.41 180.834
41 -0.102858 19.752 -2067.5 906.454 -140.258 9.47996 -0.217533 -1775.73 185.514
42 12.8088 20.1689 -2201.84 934.877 -139.762 9.16363 -0.204121 -1767.79 185.553
43 67.7061 11.5297 1833.14 -702.531 104.116 -6.68243 0.175922 -1714.68 182.322
44 48.3722 14.4153 1835.94 -702.421 104.111 -6.68333 0.175863 -1577.67 171.99
45 79.0233 9.22276 -991.168 418.961 -59.3961 3.68195 -0.0661373 -1752.57 183.15
46 -1.86086 22.4639 -814.218 389.635 -59.5998 3.95988 -0.0785123 -1881.38 193.856
47 35.7004 17.6007 -771.477 377.791 -59.4268 4.09393 -0.08616 -1741.18 183.297
48 11.1714 21.8504 189.378 -15.9106 -0.236277 0.235602 0.00747297 -1572.04 173.41
49 13.6692 19.0551 -1458.52 669.2 -106.465 7.415 -0.170265 -1477.26 165.806
50 -3.52739 20.9536 -1579.01 693.617 -106.227 7.13658 -0.158185 -1682.36 179.84
51 34.7904 20.3873 -1667.27 718.861 -106.235 6.89627 -0.147496 -1688.18 181.568
52 22.3009 18.546 2117.75 -804.292 117.396 -7.41618 0.19133 -1563.5 173.349
53 50.4669 15.0541 -774.485 363.096 -55.7137 3.7879 -0.0772731 -1708.89 181.921
54 42.4531 14.8539 -595.957 330.006 -56.184 4.09364 -0.0900535 -1776.36 185.178
55 55.8606 12.8517 223.199 5.99136 -9.02944 1.09699 -0.019054 -1693.12 180.415
56 8.41198 22.2772 -2122.03 910.382 -136.737 9.00328 -0.200408 -1589.95 173.69
57 -40.3796 25.959 -1942.57 871.006 -137.734 9.53867 -0.224171 -1772.28 187.395
58 4.37418 23.5371 1198.5 -446.232 67.0262 -4.29763 0.118999 -1690.7 183.732
59 24.283 20.1455 1276.13 -463.363 67.0032 -4.12424 0.11044 -1636.1 178.484
60 24.8054 21.1239 -1389.07 636.911 -98.8792 6.70948 -0.14838 -1603.59 176.451
61 -1.76982 24.9167 -1345.69 629.892 -98.9455 6.76628 -0.151227 -1557.38 171.836
62 4.89181 23.73 -1593.56 679.803 -98.7087 6.27162 -0.129538 -1794.61 188.196
63 7.65492 22.4546 -2311.6 970.241 -142.179 9.08799 -0.195239 -1717.05 184.03
64 4.54243 18.036 170.251 -46.3985 7.92315 -0.533594 0.0318053 -1622.57 175.501
65 95.0142 2.27129 343.803 -82.8696 7.33631 -0.17491 0.0173034 -1836.61 189.368
66 -0.798984 20.2817 -2233.86 1018.23 -165.743 11.8678 -0.293221 -1341.62 155.883
67 120.859 1.09468e-11 -2691.49 1116.85 -166.905 10.8922 -0.242525 -1692.8 179.05
68 4.91034 18.0838 556.828 -176.91 22.8208 -1.16364 0.0386188 -1530.07 169.117
69 123.752 8.92619e-12 543.011 -171.039 22.2444 -1.23966 0.0442444 -1774.48 185.138
70 111.213 1.80165 772.652 -214.209 22.0383 -0.830052 0.0251815 -1850.78 190.467
71 40.6003 14.6019 -2486.21 1042.55 -155.612 10.1848 -0.227752 -1741.97 184.107
72 -8.17478 17.46 303.772 -88.0775 12.1816 -0.712393 0.0336932 -1794.87 186.826
73 35.0957 11.5325 -2061.76 890.623 -137.095 9.25493 -0.210495 -1642.52 178.082
74 89.9864 2.7652 2830.37 -1098.29 159.156 -10.0262 0.252285 -1750.51 184.198
75 114.691 1.21399 -947.821 423.763 -64.7192 4.30486 -0.0871001 -1818.89 186.483
76 118.03 3.35814e-09 -505.403 327.558 -64.651 5.21998 -0.127745 -1682.36 179.624
77 121.075 2.14566e-09 2650.85 -1048.73 155.601 -9.99769 0.253855 -1779.77 184.21
78 24.4128 14.4604 -730.217 316.75 -46.3853 3.04723 -0.0577655 -1853.15 189.52
79 128.097 6.62038e-08 -485.656 262.423 -45.7923 3.4435 -0.0749624 -1822.34 188.024
80 -3.39811 18.6747 -3677.96 1558.11 -238.57 15.9927 -0.376492 -1689.06 180.039
81 -5.06626 17.7923 -1054.32 456.119 -68.4446 4.50949 -0.0902061 -1698.48 180.885
82 -15.0452 19.3783 -855.731 417.146 -69.2301 5.04246 -0.116908 -1804.63 186.168
83 75.7648 4.709 -841.9 410.684 -69.3088 5.09745 -0.118504 -1805.44 185.371
85 113.303 1.75038 1212.16 -456.729 65.6486 -4.01762 0.109541 -1626.49 177.538
86 50.1109 10.4556 1491.71 -505.327 64.8146 -3.50614 0.0847134 -1869.43 190.401
87 129.368 2.55515e-07 1338.5 -472.871 64.7898 -3.85757 0.103654 -1896.69 195.057
88 18.3473 14.1904 1207.62 -454.552 65.6014 -4.05224 0.110618 -1670.6 179.267
89 48.336 8.81548 1275.47 -473.27 65.4906 -3.80526 0.0991961 -1834.34 192.777
90 84.4429 3.0259 1221.26 -461.918 65.6378 -3.96111 0.10538 -1798.58 187.242
91 100.644 1.9089e-08 1245.24 -467.708 65.4713 -3.8915 0.103139 -1809.42 188.466
92 67.7659 5.69306 -3190.49 1312.88 -198.307 13.2468 -0.307161 -1493.18 168.418
93 -37.9547 26.681 547.822 -148.326 16.7716 -0.665654 0.0248955 -1665.91 182.988
94 17.0903 15.2234 613.385 -173.786 16.7738 -0.352 0.00914789 -1741.98 186.947
95 97.6094 3.45767 426.068 -142.622 17.7577 -0.700458 0.0220811 -1825.38 192.481
