0 73.2543 12.7457 53.7751 13.0107 -0.300804 -0.0417117 0.0175449 -1552.62 164.94
1 83.2794 9.98691 57.0288 7.61992 -0.0756168 0.0206174 0.0134479 -1531.97 162.782
2 33.8907 17.4333 317.885 -46.9352 0.695275 0.434628 -0.00633758 -1537.75 164.956
3 61.4098 12.7146 86.46 -0.498942 0.399629 0.0568981 0.00979892 -1512.4 159.501
4 87.8243 9.85721 3089.99 -1155.92 163.771 -10.0116 0.238843 -1526.55 162.043
5 66.4872 12.5579 1033.17 -355.063 48.698 -2.75958 0.0701882 -1533.93 164.172
6 63.2885 14.523 957.767 -336.504 48.4379 -2.91137 0.0780385 -1527.06 164.476
7 51.3357 16.4727 776.603 -298.722 48.1287 -3.19982 0.0902394 -1452.94 156.881
8 65.8687 15.0765 -1944.77 799.176 -114.737 7.34599 -0.160062 -1505.8 164.385
9 72.8036 13.4353 331.718 -74.4013 7.61099 -0.110348 0.00721106 -1509.37 164.122
10 51.5578 17.19 213.383 -46.0062 7.22787 -0.327224 0.0174343 -1453.07 159.819
11 48.2441 17.684 1515.84 -565.416 83.4275 -5.23015 0.133511 -1444.62 157.102
12 120.765 4.76735 1677.46 -602.209 83.7795 -4.96456 0.121954 -1558.39 165.412
13 166.1 2.13811e-07 1844.6 -633.352 84.0308 -4.78453 0.114196 -1541.87 162.434
14 125.684 4.70416 1757.22 -617.911 84.0783 -4.87152 0.116909 -1489.2 159.215
15 80.5056 13.5035 -250.509 111.529 -12.1932 0.708616 -0.0035855 -1439.3 157.017
16 127.705 3.13995 -26.0594 59.2009 -11.6048 1.06597 -0.0188309 -1541.61 164.277
17 102.12 6.97272 26.7875 49.6661 -11.5594 1.1409 -0.0227851 -1479.46 158.599
18 70.8987 10.0979 96.8616 34.7029 -11.4298 1.24687 -0.0272773 -1483.8 158.846
19 44.1577 20.4915 -1.00209 66.9173 -11.7751 1.00998 -0.0164421 -1403.74 156.919
20 100.309 7.41614 4694.77 -1779.44 253.146 -15.6255 0.369482 -1526.84 162.262
21 71.156 16.1417 997.568 -371.384 57.0257 -3.64043 0.0986105 -1472.44 162.148
22 162.197 5.83547e-07 1216.19 -422.383 57.6651 -3.26762 0.0799209 -1493.25 159.506
23 76.5057 15.2067 2746.42 -1056.52 156.159 -9.9153 0.244169 -1424.69 156.181
24 66.1278 13.0157 1390.25 -496.866 69.7942 -4.14569 0.10428 -1524.98 164.237
25 118.982 4.81466 1714.75 -562.282 70.1289 -3.67441 0.0836067 -1556.03 164.398
26 50.4305 15.7543 1446.86 -508.141 69.9723 -4.05799 0.0997607 -1537.32 165.212
27 64.535 16.1294 1380.94 -488.364 69.744 -4.19892 0.105466 -1425.58 157.197
28 68.347 15.0844 -872.207 448.695 -74.86 5.50579 -0.132351 -1543.48 167.116
29 92.7912 10.2957 -1105.07 499.423 -75.833 5.12483 -0.112926 -1513.21 163.597
30 92.1346 13.724 -1213.28 522.062 -75.779 4.9796 -0.107447 -1476.4 162.884
31 37.4332 22.6174 -1136.35 511.918 -75.9642 5.03905 -0.109294 -1451.92 160.737
32 69.4919 26.1051 -1321.78 559.956 -76.3872 4.69513 -0.0920271 -1539.4 175.569
33 20.9404 27.0137 51.7604 35.3281 -5.12951 0.48642 -0.000910209 -1563.54 173.725
34 68.6918 21.0786 -672.54 310.066 -44.2481 3.00019 -0.0614367 -1489.02 170.224
35 66.3255 21.3313 -755.172 330.67 -44.4604 2.83186 -0.0544404 -1400.46 161.844
36 53.0689 18.4874 -750.16 322.487 -44.4494 2.87862 -0.0559902 -1484.02 165.194
37 48.179 22.9987 471.772 -205.742 39.7946 -2.88291 0.0882472 -1533.24 173.406
38 66.5728 23.3214 -631.668 297.11 -42.2121 2.87964 -0.0591539 -1506.73 172.988
39 47.0567 21.9611 927.639 -401.784 70.4724 -4.97515 0.139361 -1467.28 164.932
40 61.5685 20.2074 -1267.4 521.923 -71.595 4.48533 -0.0913994 -1490.44 166.129
41 76.8678 15.123 1123.78 -417.2 62.4007 -3.84772 0.100415 -1534.58 169.673
42 74.3406 20.8832 1066.98 -399.123 62.3662 -3.97242 0.105604 -1436.39 165.617
43 70.0319 21.0284 976.223 -379.476 62.1405 -4.11826 0.111344 -1422.78 162.365
44 91.8765 18.6387 -328.115 123.506 -8.75791 0.215496 0.0147965 -1426.26 163.841
45 82.3252 15.7083 -92.5112 67.6513 -8.0501 0.62078 -0.00431186 -1542.79 170.698
46 67.575 17.9678 1567.22 -595.607 89.2966 -5.58115 0.140731 -1494.36 167.55
47 94.9602 15.7232 -992.796 393.457 -51.2472 3.18992 -0.062876 -1373.88 158.085
48 94.7293 18.4741 -907.859 384.68 -51.5181 3.22946 -0.061939 -1494.92 170.327
49 62.0405 18.2514 -920.683 376.764 -51.1962 3.30811 -0.0667396 -1447.73 164.772
50 91.328 17.1406 267.739 -98.4825 20.751 -1.46725 0.0506086 -1453.79 167.737
51 68.5135 22.5304 -1244.4 527.727 -73.8728 4.75436 -0.100914 -1449.51 165.571
52 54.7197 19.7043 -1227.28 519.941 -73.9712 4.78419 -0.10084 -1517.36 168.085
53 71.0103 22.95 -1270.72 535.224 -74.0129 4.6857 -0.0965409 -1483.65 169.754
54 67.9433 21.5269 -1395.69 557.019 -74.1043 4.53117 -0.0903148 -1485.81 168.403
55 73.8338 17.7691 -153.749 14.9624 11.0471 -1.24786 0.0527108 -1507.58 168.529
56 88.4702 17.7956 -1105.83 470.419 -64.9222 4.06614 -0.0806357 -1506.31 167.984
57 65.2992 20.9627 720.825 -271.367 44.8131 -2.94147 0.0838234 -1512.37 170.835
58 67.8794 19.2623 771.928 -283.677 44.8993 -2.84692 0.0797027 -1524.9 171.512
59 75.2824 21.6365 -630.447 280.954 -36.9688 2.33409 -0.0420307 -1452.28 166.362
60 63.5839 20.9014 -548.902 261.342 -36.8855 2.47987 -0.0486251 -1451.94 163.95
61 57.8641 23.0452 1264.16 -445.905 65.3789 -3.9894 0.103183 -1514.57 170.937
62 66.3877 24.8912 1430.38 -477.223 65.7596 -3.74806 0.0916978 -1450.55 167.78
63 108.083 25.0912 -1162.78 494.147 -65.0657 3.92139 -0.0739927 -1475.38 173.171
64 60.7775 19.1385 -1103.01 474.35 -65.5917 4.00842 -0.0773402 -1410.22 153.682
65 61.6855 17.8592 -1022.63 452.54 -65.1675 4.20835 -0.0881593 -1364.94 149.996
66 64.9501 16.3734 1209.69 -486.717 78.6267 -5.31751 0.143358 -1404.96 154.017
67 63.4889 14.5138 -615.839 242.522 -29.4638 1.68707 -0.0244973 -1386.49 150.731
68 57.4429 16.1971 687.407 -241.928 37.321 -2.37443 0.0674313 -1387.75 150.471
69 75.266 14.5934 634.518 -231.659 37.3758 -2.45343 0.070651 -1325.79 146.4
70 97.9603 8.63273 2998.72 -1161.24 170.191 -10.7082 0.259621 -1360.36 148.176
71 108.23 14.1513 -4030.63 1593.97 -223.605 13.8475 -0.30441 -1247.44 144.536
72 49.1623 17.9649 54.0164 30.0686 -4.7386 0.426074 -0.00137168 -1343.11 145.675
73 103.628 14.5299 10.4049 41.8057 -4.58186 0.351407 0.00146144 -1296.89 146.184
74 117.388 12.6314 3157.26 -1227 182.913 -11.6945 0.286215 -1361.95 151.885
75 135.634 8.83021 -360.78 158.16 -17.6433 0.957774 -0.00785023 -1273.56 144.361
76 69.4633 14.5024 -349.765 151.873 -17.6514 0.98772 -0.0091717 -1345.83 146.542
77 95.8255 11.6964 3210.67 -1217.84 176.309 -10.9992 0.264308 -1309.02 144.393
78 111.938 8.53885 2925.54 -1163.27 175.738 -11.3536 0.280364 -1308.32 144.867
79 123.356 9.00309 2099.8 -830.898 127.403 -8.2578 0.206527 -1313.52 146.764
80 95.2247 14.7121 981.576 -336.75 49.1326 -2.9737 0.0774658 -1334.39 148.641
81 110.241 12.0173 795.896 -300.92 48.9601 -3.25766 0.0904876 -1340.13 148.753
82 87.7644 11.1437 1058.04 -360.11 49.5135 -2.81357 0.0696721 -1275.68 141.296
83 56.6404 15.4866 912.774 -330.728 49.3611 -3.04619 0.0802085 -1325.29 145.427
84 56.6771 20.4445 982.249 -334.976 49.2159 -3.02467 0.0796466 -1272.44 142.833
85 78.422 16.7915 985.796 -339.365 49.4732 -2.97357 0.0771249 -1378.69 153.152
86 89.5908 14.0236 839.733 -315.839 49.5922 -3.14439 0.0837347 -1395.99 153.975
87 73.5286 14.8658 1168.67 -379.816 49.5917 -2.62449 0.0606758 -1321.07 147.016
88 66.4076 18.2222 977.103 -337.03 49.3445 -3.00961 0.0792058 -1373.79 151.403
89 69.2834 15.7727 843.423 -315.929 49.4458 -3.14617 0.0843272 -1359.74 150.796
90 69.4372 14.4605 967.711 -340.589 49.316 -2.9574 0.0765807 -1320.65 145.815
91 54.6726 17.4632 2664.03 -1073.15 165.36 -10.8988 0.274972 -1349.56 148.16
92 59.8673 18.0826 286.068 -78.5626 13.9798 -0.915687 0.0333209 -1334.98 147.04
93 66.1281 19.5149 288.038 -75.5009 13.9001 -0.935399 0.0359957 -1395.73 156.338
94 77.7522 17.5164 2234.59 -840.205 124.095 -7.86329 0.196378 -1380.39 154.541
95 73.231 20.861 420.983 -83.0496 8.492 -0.147773 0.00623545 -1358.96 153.466
