0 118.345 18.423 -113.434 114.271 -15.865 1.05456 -0.011591 -1587.52 174.331
1 104.307 21.5828 -273.603 150.931 -16.6338 0.827631 -0.000421455 -1544.39 171.812
2 139.729 15.0744 2795.68 -1055.79 157.517 -10.1439 0.254226 -1605.71 174.834
3 190.909 9.47683 -1995.53 872.043 -126.788 8.0898 -0.175032 -1374.03 158.246
4 250.541 0.121603 1585.76 -586.79 91.1345 -6.06234 0.16106 -1563 169.639
5 176.125 11.1809 -1632.59 714.697 -101 6.25034 -0.127743 -1494.27 166.544
6 257.062 1.8155e-08 -1782.15 740.675 -101.329 6.11304 -0.121689 -1578.99 173.289
7 247.331 1.07581e-11 -1931.05 767.47 -101.668 5.96097 -0.115166 -1469.67 164.328
8 97.6971 19.3145 470.391 -128.135 21.5777 -1.50281 0.0525314 -1612.07 174.667
9 170.58 9.3941 471.3 -128.749 21.5303 -1.50257 0.0530137 -1605.69 173.557
10 228.657 2.03866 572.257 -155.67 22.7254 -1.31009 0.0403097 -1587.92 172.499
11 275.455 7.77139e-08 193.792 -64.8802 20.1713 -1.84607 0.0694867 -1485.77 167.449
12 241.113 4.99843 -3020.34 1259.36 -178.863 11.1318 -0.241468 -1518.49 169.108
13 267.982 7.89245e-08 2105.14 -690.339 92.7227 -5.35648 0.127498 -1566.75 171.886
14 263.003 3.42504e-11 1794.97 -623.079 91.0281 -5.77373 0.149629 -1495.16 166.301
15 281.854 6.11161e-09 1725.78 -607.087 90.6826 -5.84018 0.152149 -1516.52 168.401
16 95.1365 18.3965 -472.495 270.892 -41.628 2.83588 -0.0553679 -1444.52 162.14
17 181.607 9.50395 1361.13 -460.264 66.514 -4.10742 0.107463 -1593.27 173.306
18 185.535 9.03584 3807.17 -1396.93 198.531 -12.2294 0.291592 -1569.33 171.239
19 249.038 3.39839e-11 3502.77 -1337.63 197.411 -12.5488 0.30691 -1495.73 167.031
20 260.572 1.14684e-05 3964.02 -1425.54 198.9 -12.0216 0.281592 -1574.84 173.24
21 257.146 1.11022e-14 -2834.01 1181.63 -168.839 10.6044 -0.231811 -1571.33 171.959
22 258.06 0 -479.593 261.529 -36.5258 2.27827 -0.0381872 -1581.79 172.557
23 268.43 3.05148 -5054.34 2059.39 -294.66 18.5493 -0.417899 -1447.14 166.636
24 104.743 20.0212 -12.5839 56.4068 -4.51826 0.134426 0.0143244 -1607.84 174.89
25 127.705 16.4658 -47.9979 58.7484 -4.21931 0.141809 0.0125814 -1519.59 168.789
26 135.59 18.5524 247.964 6.66775 -3.47851 0.428809 -1.08832e-05 -1547.12 171.862
27 182.546 9.43232 76.8581 36.8076 -3.91887 0.256178 0.00756837 -1592.85 173.848
28 263.545 6.25928e-06 408.569 -33.0377 -2.40343 0.662509 -0.0119745 -1508.24 168.446
29 254.988 0.143936 212.374 6.946 -3.17924 0.443187 -0.00184816 -1554.11 171.806
30 148.05 18.0678 389.234 -21.6079 -2.96923 0.581218 -0.00667889 -1455.61 165.489
31 285.546 3.55271e-13 -56.0132 76.5922 -5.30303 0.0364625 0.0206567 -1551.34 174.011
32 68.3677 16.1599 1929.2 -743.866 111.88 -7.20696 0.186219 -1739.63 184.621
33 181.02 9.7317 2134.32 -775.247 112.62 -6.99414 0.175306 -1616.84 180.952
34 93.577 19.5367 2394.72 -823.42 112.909 -6.72373 0.164136 -1839.43 194.042
35 181.337 7.63384 1996.68 -746.016 111.654 -7.11919 0.181407 -1676.85 183.142
36 166.839 8.73655 2423.38 -834.697 113.649 -6.64116 0.158818 -1504.93 171.648
37 153.407 13.1266 2088.12 -762.044 111.945 -7.03002 0.17772 -1520.22 173.387
38 95.8917 23.4319 -1151.07 586.841 -91.311 6.15929 -0.13475 -1692.92 186.258
39 225.649 1.91668 2891.31 -1150.07 178.394 -11.8483 0.302513 -1630.5 179.076
40 33.9477 24.5202 -148.128 96.0199 -11.032 0.604798 0.00446062 -1620.91 178.191
41 112.702 14.3487 3255.9 -1192.8 169.386 -10.4364 0.253062 -1726.47 184.855
42 185.043 7.87422 -2493.99 1044.49 -150.033 9.52019 -0.206983 -1637.7 182.106
43 224.445 1.39548 -2772.99 1102.48 -151.225 9.1462 -0.188729 -1761.88 189.221
44 194.912 4.63332 2889.44 -1048.21 149.815 -9.308 0.229189 -1709.34 183.67
45 223.892 3.3098e-10 2563.98 -983.698 148.525 -9.6614 0.245923 -1758.42 187.02
46 240.711 9.57012e-12 2982.63 -1075.43 150.836 -9.08623 0.215215 -1696.32 181.965
47 282.925 2.2783e-09 2816.11 -1031.96 149.466 -9.35207 0.230711 -1661.96 181.603
48 94.9839 22.9383 2563.63 -977.656 148.307 -9.68871 0.247966 -1639.44 181.638
49 161.047 9.19407 2701.54 -1015.38 149.238 -9.44051 0.234789 -1635.19 179.019
50 185.007 6.03011 2560.87 -979.578 148.133 -9.67701 0.248099 -1781.72 190.644
51 177.497 12.4202 -1810.95 813.246 -119.766 7.74206 -0.168034 -1627.38 181.117
52 162.855 9.15153 -1773.06 795.657 -119.145 7.84142 -0.174411 -1776.16 188.291
53 236.272 0.421352 1683.46 -620.433 93.8994 -6.07168 0.159177 -1659.84 180.81
54 256.726 4.56202e-09 1342.54 -548.583 92.2821 -6.43971 0.177036 -1656.43 182.542
55 270.948 3.18913e-09 2168.96 -722.793 96.386 -5.48719 0.130235 -1521.53 172.653
56 87.3482 20.1085 1871.39 -664.372 95.3754 -5.87383 0.148262 -1667.79 180.945
57 83.2413 13.9587 -1477.26 618.223 -88.2231 5.62112 -0.117368 -1848.33 192.006
58 120.136 17.8111 -790.208 494.891 -86.0905 6.32771 -0.14907 -1690.69 186.377
59 221.957 6.23532 1574.37 -553.652 81.7229 -5.13322 0.134274 -1685.18 186.981
60 166.094 12.9287 1925.58 -619.888 82.6431 -4.78897 0.1191 -1521.65 172.185
61 181.671 8.84129 1337.4 -506.406 80.5751 -5.41814 0.148508 -1699.62 185.251
62 218.807 4.04761 1567.34 -551.775 81.4905 -5.16681 0.136973 -1596.77 178.784
63 237.415 8.70304e-11 1471.33 -533.458 80.9307 -5.25909 0.141188 -1794.43 191.303
64 102.757 20.9464 1820.93 -608.056 82.8775 -4.78186 0.114822 -1616.89 177.478
65 239.984 3.70567 1597.34 -557.674 81.7761 -5.09603 0.130648 -1581.92 175.86
66 217.743 9.55246 1477.93 -524.316 80.7137 -5.29102 0.141395 -1690.93 184.609
67 234.254 7.94299 1985.95 -627.149 83.0215 -4.70766 0.112469 -1548.06 175.014
68 238.684 1.53211e-12 1813.2 -610.388 82.9493 -4.77884 0.115426 -1672.13 181.244
69 241.546 3.25988 1768.36 -592.134 82.3414 -4.89758 0.121594 -1643.51 179.81
70 218.351 6.56644 -1841.71 817.206 -119.121 7.66259 -0.167377 -1676.43 182.538
71 317.226 7.81662e-08 -1980.7 856.041 -120.214 7.45071 -0.155539 -1407.83 165.856
72 144.132 16.7903 609.327 -177.659 28.2176 -1.82006 0.0574257 -1504.86 170.603
73 236.812 2.99548 3217.48 -1219.19 179.734 -11.3789 0.278296 -1674.01 181.905
74 248.928 4.96697 857.502 -283.327 45.1994 -2.93509 0.0831629 -1652.78 183.556
75 290.819 3.62765e-10 1119.81 -331.469 45.6901 -2.67231 0.0717285 -1503.19 169.636
76 286.18 5.54445e-11 969.536 -303.502 45.3576 -2.81823 0.0786375 -1415.94 165.996
77 293.484 3.53051e-12 632.004 -227.193 43.0489 -3.25395 0.101496 -1463.85 166.579
78 272.606 2.45359e-12 934.659 -301.483 45.3913 -2.81367 0.0772496 -1548.36 173.097
79 330.557 2.64666e-10 924.826 -284.523 44.5999 -2.916 0.0837774 -1426.96 167.016
80 83.884 25.125 1013.71 -319.907 45.589 -2.67187 0.0707532 -1576.86 176.128
81 221.533 4.73389 -1136.33 525.184 -76.6869 5.01732 -0.10718 -1573.81 174.185
82 230.395 8.0005 -1153.79 536.774 -77.0704 4.96826 -0.104236 -1511.77 172.118
83 239.826 3.82624 -1308.54 570.047 -78.0975 4.75465 -0.0924919 -1430.09 164.139
84 272.133 1.05041e-08 -1174.25 542.358 -77.4118 4.90958 -0.10075 -1498.04 168.627
85 271.225 0.576402 -1625.87 633.562 -79.344 4.44135 -0.0769436 -1456.14 170.339
86 253.746 4.24685 -945.732 497.01 -76.6202 5.17875 -0.112436 -1446.08 167.206
87 300.098 7.11498e-09 -1216.75 556.079 -78.0203 4.88213 -0.0980805 -1376.51 163.34
88 72.3427 21.2734 826.054 -245.127 32.4925 -1.71588 0.0466377 -1651.65 180.558
89 100.933 24.5731 849.301 -243.529 32.7473 -1.69852 0.0443516 -1615.6 181.723
90 191.73 14.5881 426.615 -142.471 30.1688 -2.34127 0.0784317 -1463.78 172.105
91 243.99 1.73554 913.923 -252.808 32.7387 -1.7237 0.0468931 -1460.95 166.9
92 214.363 12.3409 1147.65 -296.51 33.8883 -1.463 0.034348 -1346.85 163.799
93 189.916 14.3579 1099.34 -284.789 33.4255 -1.53997 0.0382132 -1474.56 170.858
94 328.29 5.90639e-12 825.067 -221.107 31.692 -1.85945 0.0546859 -1333.55 162.834
95 278.343 5.22915e-12 -8058.75 3147.58 -441.875 27.3418 -0.611252 -1348.19 163.813
