0 240.353 3.8286e-10 1826.92 -482.096 41.2291 -0.567559 -0.0156338 -1338.61 167.3
1 228.6 2.09514 -1127.42 664.518 -121.167 9.41741 -0.242048 -1283.03 160.9
2 248.454 3.82743e-07 -1295.99 684.837 -119.506 9.24918 -0.241839 -1203.68 155.687
3 254.674 1.37458e-09 451.396 1.95452 -19.8665 2.78639 -0.0837203 -1322.12 167.272
4 251.358 1.05371e-10 413.064 16.3548 -20.2587 2.55657 -0.0699444 -1362.11 168.416
5 251.261 9.52038e-10 -1687.63 872.403 -148.941 11.0184 -0.275468 -1274.43 160.976
6 266.862 3.0599e-09 -1239.47 781.951 -147.858 11.6829 -0.307172 -1323.08 165.415
7 257.659 1.57208e-11 -1744.26 890.876 -148.883 10.6834 -0.256777 -1523.23 179.744
8 248.634 1.6398e-11 523.552 44.9293 -36.671 4.45207 -0.134823 -1343.97 167.878
9 196.968 7.42991 -2321.12 1048.93 -161.982 10.9533 -0.251978 -1458.9 174.852
10 252.911 3.14833e-08 -1602.22 887.707 -159.729 12.3405 -0.322943 -1229.64 158.127
11 362.95 1.21e-09 3684.6 -1011.91 94.2181 -2.63299 0.00607549 -1256.28 161.165
12 276.16 1.77636e-13 -701.023 581.787 -120.472 10.0892 -0.275688 -1151.39 149.244
13 284.362 5.8781e-09 -1177.81 698.828 -123.099 9.06543 -0.218114 -1492.34 176.344
14 357.849 1.56546e-08 8677.81 -3029.18 390.338 -21.3549 0.436256 -1080.92 145.634
15 485.631 1.35014e-09 9707.26 -3219.58 392.634 -20.2747 0.390577 -1187.41 154.306
16 246.156 2.22045e-14 -2135.38 1098.75 -190.41 14.2556 -0.366361 -1261.71 160.076
17 253.038 1.36557e-12 -145.835 247.637 -58.1045 5.46836 -0.155487 -1161.03 152.825
18 264.135 5.70544e-11 -44.9273 245.974 -59.6864 5.37749 -0.142359 -1394.82 170.011
19 289.003 6.55342e-08 -3423.1 1678.14 -282.227 20.4217 -0.514874 -1360.4 169.808
20 303.201 1.85996e-10 6042.25 -2048.11 256.372 -13.4479 0.267126 -1194.37 155.542
21 313.485 5.91327e-10 3798.05 -1148.05 124.137 -4.99736 0.0690397 -1279.81 163.186
22 537.629 2.09928e-08 13772.6 -4841.51 636.709 -36.6631 0.802037 -1631.01 187.738
23 285.477 2.22045e-14 -1314.68 731.068 -126.836 9.41833 -0.231493 -1372.97 169.976
24 248.173 9.99201e-13 -1379.6 737.047 -126.661 9.37325 -0.229823 -1492.36 178.074
25 261.198 1.07689e-08 1988.97 -507.372 39.2775 -0.0225059 -0.0401327 -1228.96 158.714
26 280.978 7.69085e-10 2018.31 -500.681 38.2438 -0.13264 -0.0298078 -1382.19 170.064
27 333.657 4.19653e-10 2435.09 -571.245 38.5779 0.263012 -0.0453778 -1448.49 173.649
28 441.624 4.24105e-12 8680.33 -2918.64 364.566 -19.5923 0.403423 -1506.35 179.769
29 393.316 3.10862e-13 3469.25 -913.988 79.1171 -1.70002 -0.0127487 -1351.07 169.808
30 294.432 1.22125e-13 2203.72 -660.318 74.7846 -3.25105 0.060065 -1379.64 170.163
31 385.941 6.33016e-09 2915.54 -796.978 77.188 -2.50494 0.0259065 -1428.02 174.158
32 290.112 1.22125e-13 3391.58 -924.281 80.0222 -1.59709 -0.0194675 -1482.16 177.97
33 206.975 1.9984e-13 518.686 -47.6226 -10.5158 1.88961 -0.0503032 -1593.54 187.636
34 268.581 1.16795e-11 4018.32 -1215.04 128.013 -4.93332 0.0639294 -1441.97 175.708
35 345.085 6.6493e-08 4871.75 -1381.65 131.112 -3.97103 0.0166575 -1416.19 171.351
36 554.951 3.8595e-09 18496.8 -6559.36 863.865 -49.7697 1.08253 -1580.78 183.778
37 317.905 2.22045e-14 -1083.4 798.159 -160.591 12.9598 -0.342108 -1462.98 177.821
38 415.455 8.71705e-09 8849.02 -2994.14 370.839 -19.4187 0.380979 -1333.12 165.142
39 311.843 8.88178e-14 3786.04 -1147.28 122.169 -4.72383 0.0582275 -1250.49 157.759
40 197.489 9.99201e-14 -671.582 444.49 -85.3207 6.81668 -0.170168 -1572.86 183.083
41 294.376 2.45568e-09 5519.81 -1773.82 204.612 -9.49504 0.160261 -1251.02 154.247
42 417.088 1.04054e-07 6547.51 -1964.55 207.296 -8.43983 0.115675 -1349.68 165.344
43 402.5 9.76996e-13 10443.5 -3551.63 446.343 -24.2267 0.501281 -1567.68 182.08
44 461.4 8.06466e-11 3209.8 -696.633 29.8154 2.41469 -0.128911 -1392.86 169.275
45 295.88 3.33067e-14 2139.23 -487.727 26.0139 1.29817 -0.0786685 -1320.82 162.665
46 281.06 2.5091e-12 1830.18 -414.974 23.7111 0.827659 -0.0503446 -1460.75 175.623
47 304.033 7.00862e-10 5801.15 -1925.28 232.874 -11.6228 0.216581 -1264.2 156.962
48 200.353 1.22125e-13 574.026 1.50965 -27.7008 3.53647 -0.101498 -1629.84 185.81
49 231.619 2.46813e-08 1075.83 -113.212 -24.5403 4.34121 -0.147574 -1335.3 162.254
50 230.906 6.2228e-11 940.381 -83.5043 -25.2562 4.13 -0.135996 -1392.74 166.445
51 293.786 2.5635e-11 2186.54 -523.166 34.797 0.401986 -0.047521 -1460.08 172.846
52 267.249 1.12133e-12 4450.07 -1430.92 165.944 -7.71224 0.13451 -1365.9 165.628
53 556.511 2.16474e-07 5249.34 -1586.45 169.075 -6.87472 0.0947138 -1366.46 166.18
54 683.702 5.33062e-10 15409.7 -5212.38 648.679 -34.7686 0.696281 -1335.08 161.987
55 699.627 8.32667e-13 15242.1 -5181 647.95 -34.9366 0.705846 -1415.56 169.977
56 211.058 0 4532.98 -1566.14 197.966 -10.3404 0.204136 -1245.57 153.001
57 197.043 7.02771e-12 1291.23 -338.471 28.5359 -0.323492 -0.00718326 -1539.03 179.979
58 211.767 5.09293e-10 1744.48 -442.577 31.3641 0.394339 -0.0480968 -1313.33 161.151
59 482.336 7.45515e-10 14058.3 -4948.32 640.788 -35.7526 0.745839 -1281.52 158.557
60 313.729 3.33067e-14 8187.88 -2832.41 359.156 -19.2454 0.384912 -1192.76 151.49
61 286.295 8.77076e-13 2184.07 -541.907 38.2561 0.267762 -0.048575 -1373.06 167.235
62 380.701 2.14284e-10 8741.76 -2956.88 367.255 -19.4156 0.387868 -1332.09 163.342
63 912.103 1.11022e-14 10602.2 -3310.19 373.389 -17.4622 0.296503 -1282.43 157.891
64 164.898 5.43303 5038.79 -2001.26 297.26 -18.8821 0.450292 -1092.16 134.279
65 205.778 3.96994e-09 -1242.88 682.113 -123.407 9.65028 -0.250881 -1301.81 161.938
66 225.865 7.58282e-11 -949.038 629.307 -123.313 10.0148 -0.265173 -1450.83 174.469
67 221.367 4.0834e-11 -1388.67 721.121 -123.669 9.20348 -0.228803 -1358.37 163.832
68 222.88 4.57567e-10 -4328.51 1877.68 -292.618 20.077 -0.487368 -1306 163.018
69 273.27 9.38305e-09 -574.897 526.159 -110.422 9.07598 -0.2361 -1491.09 176.174
70 142.375 10.827 -1309.95 650.044 -108.231 8.03771 -0.201235 -1239.34 153.777
71 233.652 2.12971e-09 -1195.74 625.454 -108.07 8.21228 -0.206807 -1286.6 161.127
72 91.9736 15.6734 -1454.27 674.328 -105.485 7.27858 -0.166653 -1404.91 163.328
73 200.604 3.33322e-08 -750.292 513.473 -103.116 8.62282 -0.232219 -1398.64 169.665
74 208.683 1.558e-08 -979.428 572.871 -104.096 8.0129 -0.199821 -1535.18 177.459
75 226.173 3.49889e-07 2024.44 -645.74 80.4994 -4.30792 0.103304 -1820.74 196.772
76 229.382 1.88562e-08 2213.34 -718.475 84.5499 -3.65499 0.0579025 -1223.36 154.554
77 229.814 3.52995e-10 2132.94 -696.154 83.7188 -3.83098 0.0681364 -1200.75 150.962
78 234.388 8.91465e-10 2348.29 -740.037 84.3306 -3.52708 0.053481 -1238.07 153.563
79 224.209 7.81597e-12 -3724.83 1676.98 -268.795 18.8937 -0.468422 -1323.58 161.029
80 76.9384 17.1956 -4042.63 1735.46 -265.874 17.8536 -0.423411 -1457.69 166.894
81 197.57 1.80239e-08 56.9301 189.158 -54.0788 5.3178 -0.151156 -1357.29 161.53
82 199.631 1.91958e-11 -155.871 237.542 -54.2088 4.78886 -0.125028 -1415.76 164.215
83 213.628 7.04705e-09 -312.729 267.543 -53.7451 4.51266 -0.113575 -1371.21 163.424
84 204.848 1.72418e-11 2730.19 -1065.06 160.5 -10.4347 0.265297 -1396.03 159.091
85 209.709 2.63677e-09 -3628.83 1552.19 -236.723 15.9012 -0.375887 -1354.19 160.999
86 59.2453 21.3659 -3405.89 1515.31 -238.494 16.4744 -0.401549 -1168.96 144.07
87 210.888 9.18721e-10 -3312.05 1498.59 -239.144 16.6351 -0.404597 -1330.02 159.302
88 192.168 4.18554e-12 1969.21 -682.248 91.4742 -5.22763 0.127292 -1534.65 173.133
89 164.222 4.728 -1546.46 752.686 -124.717 9.06511 -0.222295 -1345.23 159.082
90 51.731 21.5796 -1781.99 798.059 -122.213 8.2665 -0.189629 -1364.3 157.923
91 170.361 3.97739 -1541.13 750.019 -124.211 9.04013 -0.22313 -1186.64 145.371
92 197.211 2.53397e-10 1660.59 -512.805 57.392 -2.21904 0.0294526 -1005.36 128.45
93 196.906 0.729507 -3395.2 1466.95 -224.397 15.0234 -0.352044 -1372.38 159.838
94 206.577 2.31263e-07 -3377.76 1465.77 -224.636 15.0161 -0.349357 -1458.1 168.547
95 58.2048 21.7032 -3185.59 1426.69 -225.944 15.7618 -0.388729 -1190.41 144.888
