0 112.832 14.3366 -368.879 223.595 -35.6016 2.57497 -0.0528032 -1667.71 180.207
1 86.8552 20.0215 -335.494 221.138 -35.7147 2.60635 -0.0537079 -1610.12 178.089
2 59.486 23.247 1940.44 -742.347 113.712 -7.46159 0.194571 -1476.92 166.185
3 54.5799 23.6312 -1418.17 629.43 -92.1533 5.97254 -0.127456 -1552.39 171.521
4 142.248 8.72583 491.642 -131.57 17.7975 -0.925621 0.030572 -1645.18 175.065
5 167.083 4.72086 510.178 -133.133 17.5948 -0.930248 0.0321119 -1679.52 177.875
6 182.576 2.74999 560.002 -140.235 17.4386 -0.891019 0.0319755 -1601.74 173.052
7 201.226 4.24105e-12 613.322 -156.93 18.0884 -0.766025 0.0237148 -1582.31 170.237
8 132.473 9.32268 -882.195 436.635 -68.7874 4.79579 -0.107253 -1642.36 175.867
9 94.4209 17.8157 439.185 -85.0197 9.23282 -0.308579 0.0159209 -1516.71 168.929
10 128.668 10.5573 229.397 -46.3545 8.73084 -0.611121 0.0305125 -1633.74 174.627
11 219.77 0 449.151 -89.9961 9.36765 -0.334039 0.0175745 -1594.09 171.493
12 117.055 14.8967 1351.46 -440.845 60.3493 -3.54494 0.0916696 -1622.93 175.042
13 202.379 2.74985 1422.88 -458.935 60.8352 -3.40368 0.0839913 -1612.03 174.716
14 127.427 15.7945 1321.1 -433.36 60.5409 -3.58859 0.0921163 -1561.38 172.039
15 136.767 12.4254 1647.36 -503.953 61.5795 -3.113 0.0703215 -1449.64 163.172
16 126.706 9.96618 -347.365 211.367 -34.0085 2.47045 -0.0507588 -1632.49 174.218
17 112.238 12.8114 1227.4 -427.441 62.0191 -3.84519 0.102157 -1630.17 174.123
18 114.429 14.2556 -1755.63 779.092 -117.078 7.77176 -0.175599 -1599.58 172.484
19 221.336 3.03337e-08 -1661.49 755.317 -116.439 7.91591 -0.182156 -1642.08 177.565
20 157.371 10.0851 -1851.98 807.942 -117.758 7.50706 -0.161246 -1578.81 170.647
21 185.783 6.79119 2189.68 -818.032 121.345 -7.70411 0.194003 -1543.74 171.501
22 209.841 7.73953e-09 2354.04 -859.336 121.961 -7.4286 0.180629 -1642.91 175.566
23 198.249 3.61258 -722.497 358.384 -53.8698 3.65176 -0.0761345 -1438.71 162.801
24 93.3013 16.9995 -909.345 399.58 -54.1225 3.21516 -0.0550478 -1611.87 173.04
25 91.2245 20.5934 -790.806 380.29 -54.3928 3.44493 -0.0652523 -1624.61 176.314
26 203.525 0.164977 -2037.35 877.28 -129.84 8.46073 -0.187978 -1646.75 176.307
27 139.825 13.8874 -1880.94 852.134 -129.565 8.65698 -0.197381 -1632.66 177.365
28 223.518 1.53788e-09 -2200.19 916.259 -130.855 8.23996 -0.175872 -1526.53 169.557
29 144.951 13.2427 540.679 -147.236 22.6232 -1.44768 0.0488201 -1622.61 176.261
30 158.342 10.87 -5207.43 2169.6 -321.147 20.7933 -0.480264 -1572.86 173.403
31 141.553 13.6961 3861.95 -1401.26 194.526 -11.5868 0.267408 -1520.78 171.084
32 76.2063 21.2846 827.621 -265.306 39.1095 -2.40245 0.0682118 -1585.93 173.011
33 69.7438 20.7659 -635.953 292.254 -38.1235 2.16685 -0.0300557 -1673.82 177.017
34 121.117 15.4435 -2838.88 1193.03 -173.321 11.0331 -0.243831 -1592.88 173.08
35 177.91 8.3536 -3025.92 1230.86 -173.869 10.8143 -0.233406 -1396.68 159.97
36 150.908 12.3792 7.35266 81.6785 -13.3579 0.98881 -0.0110653 -1568.78 172.256
37 164.659 9.48593 -14.046 82.8096 -13.1973 0.993411 -0.0120075 -1612.17 176.168
38 231.232 1.35505e-07 2419.77 -823.456 110.428 -6.37933 0.149858 -1681.1 178.149
39 147.565 11.1681 -1729.27 833.435 -133.284 9.32778 -0.224573 -1628.86 174.239
40 77.0996 20.6202 -1986.65 885.368 -133.684 8.86596 -0.20167 -1551.69 169.182
41 198.952 3.28626e-12 82.7895 59.1233 -14.4166 1.36052 -0.0277491 -1626.24 172.418
42 134.468 13.9496 66.373 74.1582 -14.8757 1.24435 -0.0213656 -1607.02 173.154
43 143.585 11.0726 115.076 56.6424 -14.1981 1.38251 -0.0293755 -1525.17 166.815
44 226.255 7.14873e-11 286.282 21.3522 -13.8702 1.57134 -0.036617 -1704.4 178.338
45 237.128 4.76286e-12 24.0823 79.8448 -14.5029 1.20542 -0.0215922 -1620.56 173.652
46 228.771 2.54885 1016.51 -303.154 40.8705 -2.29048 0.0600342 -1576.22 172.313
47 238.994 2.72603e-09 2029.56 -714.521 101.077 -6.13107 0.150668 -1523.68 167.668
48 104.954 12.7842 871.029 -270.255 36.8409 -2.14353 0.0608978 -1617.07 171.856
49 107.065 13.867 936.825 -283.497 37.0586 -2.01472 0.0538996 -1639.53 174.407
50 195.116 0.710313 -645.789 323.166 -48.6744 3.26133 -0.0653031 -1626.98 174.122
51 90.3275 19.8206 1605.96 -548.709 77.5075 -4.65153 0.115685 -1572.61 171.515
52 183.158 6.69554 1347.81 -491.644 75.9416 -5.01983 0.136253 -1475.32 164.495
53 207.965 5.96349 -1667.99 753.399 -111.966 7.33326 -0.161603 -1346.24 157.253
54 231.361 9.99201e-14 -1694.25 753.142 -111.938 7.33107 -0.162505 -1608.48 172.833
55 242.354 0.720619 4102.1 -1538.64 221.739 -13.7931 0.329678 -1462.08 165.216
56 60.6835 22.2316 1154.51 -383.98 55.0252 -3.38066 0.0909303 -1473.08 162.489
57 95.9959 16.4845 298.751 -26.9005 -1.26597 0.528634 -0.00815598 -1583.31 173.503
58 197.388 7.00451e-10 70.5802 19.0076 -2.04897 0.176458 0.00899777 -1593.84 170.67
59 138.288 13.0138 194.674 -1.07653 -1.53486 0.327865 0.000994426 -1542.98 170.949
60 119.522 15.7523 -113.729 65.6891 -3.01602 -0.0858696 0.0221318 -1363.88 157.144
61 159.741 8.49114 -2910.29 1200.93 -172.14 10.8438 -0.237125 -1543.05 169.939
62 171.259 8.74254 -2338.68 1078.38 -169.857 11.7125 -0.281607 -1607.26 173.819
63 208.504 5.46175 -2768.59 1177.39 -171.97 11.0272 -0.24558 -1547.92 171.819
64 31.5738 19.3778 -1153.76 525.068 -79.0634 5.20018 -0.111317 -1632.49 169.015
65 45.7888 12.9385 -1342.18 559.084 -79.3232 4.88565 -0.0955923 -1695.96 171.491
66 47.79 21.223 -1216.19 542.49 -79.0389 5.05566 -0.103981 -1677.63 176.479
67 97.9212 10.0022 -4130.11 1679.54 -244.03 15.5178 -0.348407 -1471.75 159.476
68 82.1836 11.0485 1262.05 -425.832 57.7311 -3.34533 0.0856519 -1577.59 166.443
69 161.976 1.51763e-08 -3078.65 1261.62 -183.027 11.5825 -0.254781 -1624.45 168.245
70 101.746 13.054 -2815.79 1215.51 -182.085 11.8749 -0.26994 -1598.89 168.299
71 189.247 2.32622e-06 -3097.69 1264.54 -182.232 11.5491 -0.255865 -1600.43 170.303
72 34.2367 22.1891 1560.35 -554.406 80.0637 -5.0207 0.130695 -1633.08 171.386
73 27.0033 21.2277 -477.69 242.023 -35.6867 2.36466 -0.0435856 -1561.15 165.875
74 46.3943 19.3439 -414.482 229.999 -35.637 2.46873 -0.0482208 -1657.01 174.032
75 70.7371 11.4474 -580.234 252.299 -35.4249 2.31989 -0.0431099 -1555.16 164.236
76 85.407 14.4933 -446.747 239.12 -35.8379 2.39141 -0.0442728 -1662.24 173.732
77 169.785 1.02161 -706.245 286.816 -35.8597 1.99136 -0.0266831 -1520.99 161.69
78 117.633 7.51362 -487.084 241.164 -35.3203 2.31733 -0.0419198 -1556.3 164.37
79 83.3499 12.6144 -516.489 243.189 -35.0561 2.32492 -0.0433766 -1613.12 169.39
80 41.119 18.1393 -1100.57 490.876 -72.6419 4.7408 -0.0995973 -1572.43 165.504
81 15.5952 21.1519 -1074.19 481.039 -72.3676 4.86455 -0.107053 -1587.64 166.682
82 19.1488 18.5284 -917.738 452.447 -72.4213 5.04163 -0.11363 -1627.74 168.283
83 70.3082 14.0874 -1329.39 543.297 -74.2123 4.47291 -0.0847935 -1527.46 163.659
84 15.0426 22.9466 -1162.79 511.876 -74.3266 4.73785 -0.0965278 -1613.03 169.367
85 108.804 10.5734 -636.468 404.049 -73.4208 5.65563 -0.14082 -1582.67 169.324
86 46.7065 22.3407 -1370.44 568.629 -76.5616 4.49072 -0.0815397 -1621.06 172.645
87 58.5618 17.6486 2455.41 -927.129 134.93 -8.42162 0.206566 -1632.85 172.499
88 40.3455 21.6018 -534.139 274.995 -41.3073 2.78216 -0.0540701 -1538.68 167.169
89 13.4044 23.8077 -542.168 270.118 -40.9717 2.84548 -0.0584384 -1539.49 167.123
90 22.9345 17.3696 -3400.78 1400.13 -205.2 13.1357 -0.294212 -1548.28 164.042
91 -4.04256 27.08 1319.03 -464.463 66.6095 -4.04803 0.104683 -1489.49 164.016
92 22.6864 22.9222 1330.64 -462.442 66.1697 -4.09246 0.108337 -1559.05 167.306
93 37.4466 20.9188 1662.61 -540.501 67.6949 -3.45704 0.0752007 -1547.73 167.561
94 104.897 13.5186 -4345.83 1726.55 -245.26 15.3978 -0.34418 -1514.74 166.473
95 10.8245 24.6465 -3651.58 1587.08 -243.754 16.3594 -0.387653 -1375.23 156.284
