0 192.723 13.048 -1767.11 751.71 -104.289 6.40349 -0.129414 -1474.15 171.313
1 134.28 17.5436 -205.415 164.813 -24.5934 1.66755 -0.0254098 -1458.3 167.526
2 170.846 16.5242 860.657 -223.188 29.7376 -1.67009 0.0497543 -1405.75 164.621
3 262.801 2.74225e-12 -3591.48 1434.78 -199.158 12.1531 -0.258645 -1508.28 170.804
4 234.402 5.13074 1858.19 -606.848 82.815 -4.86623 0.119607 -1582.36 174.894
5 279.08 3.90983e-09 1192.78 -467.19 79.8053 -5.70035 0.161421 -1584.07 175.604
6 267.507 7.37188e-12 1698.29 -579.464 82.3955 -5.01591 0.126908 -1705.75 184.191
7 298.008 3.50409e-10 -1514.46 687.93 -99.7628 6.4164 -0.138669 -1528.49 171.202
8 115.782 21.7439 -1438.1 673.149 -99.9108 6.47907 -0.138354 -1401.28 162.591
9 182.411 11.3478 -1697.92 720.108 -100.308 6.19748 -0.126842 -1544.14 172.608
10 265.107 4.2199e-09 -1740.87 725.427 -100.078 6.1799 -0.127861 -1594.78 176.191
11 288.71 9.99201e-14 1956.99 -645.352 89.1753 -5.32375 0.131861 -1508.62 170.515
12 267.273 2.498e-12 -1327.82 591.317 -83.5676 5.21978 -0.105738 -1584.97 174.227
13 266.116 1.08247e-10 607.597 -171.981 26.2396 -1.63893 0.0517348 -1517.61 169.079
14 314.008 1.09086e-08 722.105 -182.724 26.2175 -1.59676 0.0510758 -1344.49 159.419
15 306.695 1.12133e-11 1072.72 -264.391 28.4051 -1.0615 0.0212386 -1633.1 178.978
16 99.7657 20.5628 667.957 -190.464 27.5397 -1.62696 0.0490834 -1543.75 170.921
17 208.125 6.15977 833.346 -219.554 27.7568 -1.46401 0.0426255 -1572.02 172.864
18 263.987 2.02557 564.043 -160.123 26.7996 -1.80143 0.0577183 -1640.59 179.74
19 249.488 5.94503 520.38 -138.801 25.7543 -1.94593 0.0677406 -1429.93 166.203
20 264.599 5.87863e-11 535.138 -156.71 26.6371 -1.80547 0.057781 -1580.42 174.23
21 284.312 7.21245e-10 696.403 -186.517 27.1016 -1.63146 0.0507279 -1505.59 170.83
22 283.543 1.32827e-10 558.558 -162.211 26.8253 -1.74412 0.0541835 -1574.96 174.631
23 325.813 3.00658e-09 464.482 -132.945 25.8855 -1.91457 0.0640433 -1498.22 171.447
24 109.432 19.3764 615.754 -174.123 26.3651 -1.66201 0.0535719 -1556.91 172.868
25 163.458 18.311 594.965 -162.904 26.388 -1.73483 0.0560966 -1504.47 171.758
26 173.951 13.9142 703.174 -188.197 26.9123 -1.57918 0.0489688 -1464.54 169.112
27 302.591 3.66374e-13 742.059 -194.431 27.1249 -1.52685 0.0456697 -1389.74 164.393
28 302.418 3.90931e-09 853.106 -214.799 27.4405 -1.43466 0.0423257 -1434.81 168.415
29 286.055 4.4964e-12 854.044 -222.951 27.9309 -1.35649 0.0368531 -1404.07 165.166
30 296.752 1.82026e-08 638.738 -170.408 26.337 -1.70909 0.0561533 -1521.16 172.72
31 293.012 3.96905e-11 644.172 -172.044 26.5144 -1.68688 0.0543541 -1564.25 176.978
32 78.96 18.8877 -1349.87 588.415 -84.6595 5.39299 -0.111177 -1450.78 162.886
33 61.3929 23.0936 -908.011 486.267 -81.2933 6.0135 -0.146977 -1267.21 149.879
34 169.158 10.8667 -4194.67 1711.63 -246.51 15.6236 -0.350213 -1414.5 163.584
35 157.225 13.4464 -4265.6 1730.39 -246.931 15.5003 -0.34454 -1512.02 170.408
36 115.88 18.7329 -1012.44 490.529 -73.0162 4.81406 -0.10143 -1431.1 164.073
37 191.824 8.75542 -678.711 409.54 -70.1084 5.29617 -0.129915 -1228.39 149.399
38 245.716 4.44717 -1209.01 531.693 -73.624 4.61697 -0.0931252 -1331.9 159.465
39 163.808 14.5019 3197.56 -1100.65 148.761 -8.66517 0.200017 -1559.02 173.655
40 81.2714 19.7066 137.477 16.6979 -3.13721 0.323205 0.00548275 -1544.17 172.374
41 143.237 14.4673 102.257 29.0137 -3.46651 0.252019 0.00868285 -1469.84 166.554
42 220.542 1.48546 3114.71 -1114.56 154.662 -9.23659 0.216767 -1581.87 172.234
43 234.774 5.19829 3273 -1130.86 154.484 -9.1574 0.21502 -1463.98 166.541
44 242.079 4.91638e-08 2849.12 -1055.98 153.028 -9.54262 0.233626 -1505.19 168.887
45 247.467 5.51372e-09 781.811 -248.071 37.3247 -2.32353 0.0663894 -1582.86 171.795
46 261.237 1.77559 896.325 -267.039 38.0178 -2.20389 0.0595401 -1536.93 171.907
47 288.116 3.53482e-09 804.922 -245.096 36.9044 -2.33806 0.0691098 -1533.15 171.082
48 116.255 18.2709 897.693 -269.462 37.5001 -2.17316 0.0607419 -1483.22 167.374
49 93.1689 23.0808 757.272 -235.939 36.678 -2.35585 0.0697258 -1535.12 172.251
50 167.929 9.38733 540.823 -195.398 35.8528 -2.60827 0.0821058 -1578.27 173.607
51 237.346 1.10672 640.704 -211.207 35.9423 -2.51063 0.0775558 -1488.42 165.843
52 219.012 2.43228 980.977 -288.489 37.7382 -2.03834 0.0538048 -1594.03 173.681
53 231.568 8.29748 1087.22 -305.748 38.5192 -1.89901 0.045175 -1269.83 153.911
54 160.476 12.8496 717.148 -234.697 37.4104 -2.3622 0.064664 -1072.56 132.958
55 276.808 6.77236e-13 -945.331 425.204 -58.2451 3.65803 -0.0719917 -1497.22 169.721
56 106.463 17.8874 713.419 -207.295 28.9436 -1.63087 0.0467141 -1628.38 175.919
57 150.761 8.93765 584.217 -183.24 28.3973 -1.79258 0.055866 -1684.3 180.3
58 157.137 8.70831 692.251 -207.6 29.1277 -1.63397 0.0469913 -1572.06 172.084
59 164.78 11.9574 542.912 -167.198 28.0761 -1.86904 0.0591812 -1532.75 171.397
60 193.344 6.69052 454.223 -148.772 27.4693 -1.98048 0.0657608 -1445.97 164.515
61 165.769 12.7491 909.077 -241.936 29.6252 -1.44671 0.0391309 -1431.11 164.476
62 223.016 6.76074 879.912 -233.017 29.4266 -1.49929 0.0418896 -1458.92 167.494
63 264.337 0.293514 803.142 -217.139 29.0349 -1.57 0.045473 -1412.77 165.319
64 126.039 15.7617 938.161 -249.13 29.374 -1.41463 0.0380794 -1576.32 170.752
65 185.219 7.33437 -1662.3 780.041 -121.873 8.42627 -0.200413 -1172.98 141.096
66 240.294 7.59503e-08 -2388.25 944.8 -126.477 7.42956 -0.145799 -1522.64 169.507
67 282.016 1.86552e-09 -2212.54 908.646 -125.253 7.65319 -0.159681 -1430.83 162.225
68 247.258 1.0103e-12 -2111.58 883.871 -124.773 7.77134 -0.163721 -1453.82 164.439
69 252.891 2.59159e-08 -1977.84 862.987 -124.593 7.85964 -0.167669 -1477.6 164.398
70 264.326 4.44123e-10 -2479.01 965.102 -126.806 7.29447 -0.139643 -1457.95 163.824
71 277.237 2.0417e-11 -2385.5 944.49 -126.027 7.40669 -0.146172 -1447.8 164.036
72 127.002 15.3151 -1834.61 822.978 -123.518 8.16427 -0.184655 -1623.55 174.939
73 236.355 4.03921 -2026.2 867.412 -124.325 7.91865 -0.172209 -1391.31 161.662
74 267.95 6.64802e-11 -2017.53 869.679 -124.65 7.88231 -0.169151 -1420.88 163.32
75 301.009 2.0756e-09 2348.19 -806.995 112.542 -6.74772 0.162173 -1443.18 162.688
76 231.323 4.1491 2145.83 -766.629 111.413 -6.96066 0.174126 -1514.16 169.249
77 276.456 4.19146e-09 -1641.02 710.231 -99.5632 6.15926 -0.126958 -1523.97 168.006
78 294.608 2.73825e-10 -1483.99 676.753 -98.5568 6.35346 -0.13747 -1619.75 176.24
79 314.068 1.73778e-09 -1265.63 632.492 -98.0281 6.57086 -0.146027 -1634.85 174.978
80 136.597 11.7245 -1756.68 718.72 -98.8399 6.02655 -0.122017 -1597.44 172.081
81 228.545 2.16605e-11 327.872 -80.5278 14.2123 -0.965955 0.0373519 -1602.25 171.094
82 255.403 1.93474e-09 446.461 -102.428 14.832 -0.832615 0.0305828 -1471.03 163.916
83 300.984 8.45157e-09 419.85 -91.6608 14.7229 -0.901226 0.0333844 -1450.45 163.924
84 253.783 4.88498e-13 4840.89 -1828.15 263.972 -16.5345 0.394612 -1563.64 168.685
85 277.295 1.08191e-08 4696.32 -1789.81 263.085 -16.7259 0.40416 -1591.4 174.87
86 306.179 1.03136e-08 5148.5 -1885.59 265.581 -16.1869 0.376987 -1343.05 158.69
87 298.994 8.51541e-12 4904.78 -1829.36 263.806 -16.5063 0.393959 -1533.19 170.923
88 102.54 16.6971 -439.286 253.93 -39.9036 2.8351 -0.0583339 -1379.45 158.376
89 129.2 14.7334 2859.57 -1120.13 170.745 -11.1565 0.281331 -1605.23 176.012
90 262.481 1.11653 270.55 -2.93406 -2.48492 0.436104 -0.00239353 -1561.76 173.751
91 247.478 1.0828e-10 95.6111 31.6319 -3.45138 0.241822 0.0079663 -1451.15 164.185
92 283.19 1.03095e-10 401.331 -27.3577 -1.88298 0.573763 -0.00893049 -1399.69 163.611
93 225.217 6.52297 132.094 25.6347 -3.05918 0.289631 0.00466437 -1456.82 166.934
94 283.333 1.77636e-13 521.563 -49.2452 -1.58518 0.647825 -0.0113799 -1416.45 163.242
95 299.659 1.17165e-09 583.66 -68.964 -0.714405 0.753067 -0.0178357 -1401.8 161.977
