0 44.9324 21.1871 -934.275 419.845 -60.8616 3.96422 -0.0802336 -1741.85 184.841
1 41.1758 19.7928 -643.489 357.24 -61.0534 4.61616 -0.111326 -1643.22 176.595
2 36.9988 19.0097 -1005.94 430.545 -61.4238 3.9488 -0.079144 -1591.36 171.297
3 26.8026 21.506 -1033.31 439.432 -61.513 3.85001 -0.0739639 -1670.1 177.41
4 33.1575 22.9348 -979.677 440.048 -62.0882 3.79596 -0.0693068 -1637.77 173.562
5 15.9619 25.0606 -593.04 348.498 -60.3153 4.53406 -0.107347 -1490.65 163.988
6 25.17 23.5631 -693.393 370.801 -60.801 4.38407 -0.0995507 -1528.5 166.905
7 30.5475 21.6071 -1016.63 440.528 -61.8996 3.85171 -0.0733104 -1651.24 175.116
8 27.2835 21.8366 -735.491 383.802 -62.5015 4.47917 -0.102249 -1689.8 177.232
9 34.063 18.3257 -882.464 409.199 -62.4403 4.23603 -0.0901444 -1664.52 175.681
10 35.9378 19.9738 -1757.4 758.715 -113.002 7.44004 -0.166143 -1635.95 173.208
11 51.7036 22.4772 189.747 27.9306 -10.802 1.24021 -0.0282912 -1668.23 177.801
12 30.9059 20.879 -6.98192 66.2775 -11.5596 0.917823 -0.0113116 -1680.44 175.126
13 154.2 2.15481e-07 -250.747 108.737 -12.1728 0.648206 0.00190596 -1617.2 169.889
14 45.326 21.1285 -34.9236 80.0687 -12.4177 0.85483 -0.0063644 -1721.13 179.175
15 70.8798 15.3148 2580.36 -934.353 130.548 -7.84886 0.18778 -1610.21 171.37
16 38.2752 17.4323 -106.585 83.5742 -12.415 0.891331 -0.00759064 -1577.76 169.666
17 50.8751 19.2359 1587.73 -585.244 86.5255 -5.51334 0.144669 -1639.79 174.501
18 47.2049 16.8151 -645.429 319.312 -49.6353 3.42614 -0.0713732 -1652.83 174.03
19 37.9352 22.512 -713.646 339.496 -49.7626 3.28475 -0.0652387 -1633.07 175.035
20 59.2804 15.967 -806.443 352.14 -49.9368 3.21289 -0.0619531 -1644.74 174.255
21 65.1358 17.0095 990.993 -359.744 54.6281 -3.49995 0.096721 -1703.63 179.572
22 44.1735 22.2806 -1880.09 832.284 -125.037 8.22397 -0.183977 -1662.96 176.13
23 66.2726 16.0723 -2159 885.277 -125.858 7.88066 -0.166853 -1679.03 177.687
24 42.1616 20.6068 2126.56 -775.531 111.565 -6.95682 0.174725 -1671.88 175.857
25 53.945 19.1506 -1078.19 520.286 -80.3927 5.39443 -0.116816 -1625.35 172.777
26 55.1114 19.9718 4.8115 79.5894 -15.1604 1.25034 -0.020987 -1673.3 177.184
27 54.0318 15.396 -190.934 111.757 -15.3513 1.00636 -0.00989778 -1678.68 175.446
28 71.858 15.5043 167.342 41.4618 -14.7072 1.55436 -0.0353822 -1677.09 177.44
29 97.2541 11.4169 256.437 20.3621 -14.2983 1.71259 -0.0434225 -1670.12 176.546
30 102.454 15.9994 12.0067 80.2449 -15.0292 1.25588 -0.0218681 -1651.09 176.684
31 84.0932 17.3016 4.07098 75.5424 -14.6874 1.32187 -0.0251792 -1376.03 159.043
32 12.0765 25.8332 -2343.89 989.664 -145.123 9.36287 -0.207217 -1605.54 173.548
33 48.9034 22.5216 -2305.18 985.989 -145.181 9.3789 -0.207609 -1660.86 178.031
34 72.7157 21.5164 899.261 -270.043 37.0792 -2.16895 0.0621776 -1674.87 180.27
35 50.9874 19.1406 -2575.7 1113.38 -167.941 11.077 -0.253354 -1680.75 176.81
36 89.65 12.486 -744.156 362.851 -55.6623 3.76386 -0.0772894 -1647.57 175.179
37 93.788 15.3358 -848.546 389.885 -56.1323 3.58336 -0.0684084 -1584.23 172.36
38 55.3154 16.6031 -795.994 370.636 -55.7392 3.73681 -0.0759756 -1648.82 176.417
39 82.8018 15.0009 -734.272 363.04 -55.6513 3.79855 -0.0805139 -1678.68 176.604
40 39.5171 21.7772 -1965.67 863.72 -130.246 8.62824 -0.194743 -1622.81 174.743
41 33.332 21.0598 548.868 -133.77 14.3799 -0.513759 0.0182692 -1658.73 176.854
42 33.8991 18.2464 -1089.9 503.477 -78.3389 5.40765 -0.121757 -1624.98 172.811
43 58.5468 16.9257 -1227.88 539.094 -79.165 5.15405 -0.108387 -1627.97 173.76
44 112.869 9.18957 -1206.95 533.123 -79.0263 5.1992 -0.110298 -1495.23 164.504
45 71.732 16.2865 1180.1 -390.151 53.1863 -3.07015 0.0794321 -1630.85 173.4
46 21.3428 22.824 1258.19 -409.287 53.81 -2.94511 0.0720099 -1664.36 175.359
47 127.044 9.17416 -1659.73 700.942 -100.2 6.33811 -0.133295 -1611.03 172.843
48 42.4687 18.4395 -1631.45 688.795 -99.9682 6.43393 -0.138508 -1645.57 173.691
49 33.6754 21.6116 -210.536 132.527 -19.528 1.38313 -0.0213238 -1487.89 164.083
50 25.8361 17.8393 1799.44 -622.852 83.4121 -4.76403 0.114015 -1652.9 172.994
51 65.4441 18.0393 -1719.81 713.665 -101.087 6.36197 -0.134031 -1635.19 174.014
52 48.9299 20.2474 2105.77 -817.179 124.21 -8.1054 0.208619 -1629.89 174.102
53 82.5213 16.5694 70.8386 9.576 0.88319 -0.0713657 0.0157724 -1654.87 176.861
54 98.6566 14.9276 353.137 -46.4303 1.62809 0.30967 -0.00208373 -1642.95 175.826
55 59.1637 18.4904 115.638 0.759283 0.853836 -0.01711 0.0140481 -1632.57 174.75
56 38.8024 20.4417 -1878.33 826.782 -124.936 8.28461 -0.186964 -1634.07 173.814
57 8.4229 22.4076 890.028 -275.972 34.5067 -1.69771 0.0431013 -1644.06 175.87
58 52.6872 21.8315 883.696 -264.444 34.3535 -1.79228 0.0468223 -1649.95 177.931
59 65.9753 19.876 856.067 -253.476 33.8808 -1.92066 0.0550733 -1644.77 175.896
60 45.1455 19.4906 -600.66 317.165 -49.6407 3.39001 -0.0687855 -1576.4 168.876
61 100.163 18.6686 -677.738 336.94 -49.4106 3.29321 -0.0671247 -1600.05 175.186
62 46.2826 23.5304 -4109.71 1715.1 -252.918 16.3025 -0.370865 -1597.66 173.983
63 155.735 7.67008 570.3 -220.79 39.4441 -2.78132 0.0852733 -1497.67 168.708
64 90.9632 21.2088 794.773 -251.744 39.0268 -2.58786 0.0767241 -1517.86 165.581
65 97.9115 19.3197 -1631.36 724.673 -105.901 6.78142 -0.145962 -1561.55 168.724
66 166.498 9.66917 -1750.22 747.918 -105.857 6.56325 -0.136059 -1591.25 169.825
67 187.668 8.21683 473.067 -152.669 29.3581 -2.30212 0.0780238 -1581.84 170.109
68 214.948 5.77487 990.499 -265.611 31.6748 -1.50203 0.0380029 -1394.38 159.407
69 199.331 8.05556 611.273 -185.729 30.7194 -2.10357 0.0658847 -1551.52 169.944
70 206.023 7.91994 3581.52 -1316.58 189.318 -11.8223 0.285694 -1541.53 169.258
71 213.829 5.51606 3440.57 -1290.41 188.931 -11.9819 0.29333 -1520.69 167.436
72 97.443 20.4158 461.722 -88.0634 10.174 -0.423721 0.0186276 -1554.24 169.267
73 94.1106 18.4774 258.819 -50.119 9.92353 -0.742669 0.0340419 -1527.53 166.382
74 83.5087 21.0667 -2804.79 1177.86 -170.714 10.8537 -0.239835 -1572.87 171.766
75 215.736 6.28923 -451.628 225.838 -27.6245 1.48468 -0.0148128 -1472.75 163.575
76 123.842 18.9727 113.765 105.109 -25.5767 2.36953 -0.0591016 -1483.19 165.799
77 136.314 14.8155 -196.202 171.866 -27.0931 1.88554 -0.0342092 -1514.89 164.794
78 204.328 4.23025 -325.644 192.524 -27.1626 1.77331 -0.029972 -1523 165.37
79 231.953 5.08352 9.84881 131.898 -26.6164 2.20029 -0.048724 -1540.18 169.644
80 87.2434 22.2434 -226.809 173.381 -26.2251 1.7877 -0.0305336 -1508.64 166.844
81 70.6109 21.6802 1370.71 -472.927 68.1718 -4.1748 0.106597 -1504.39 163.711
82 145.168 16.3272 -5970.18 2458.08 -358.835 22.866 -0.522358 -1479.93 164.374
83 110.466 19.5865 -954.456 452.811 -64.6688 4.06859 -0.0807229 -1541.99 167.626
84 193.62 7.57541 3177.41 -1216.16 182.919 -11.9496 0.301336 -1431.85 159.855
85 129.657 19.5649 -768.174 403.904 -60.2732 3.99121 -0.0831913 -1483.37 166.866
86 132.465 17.1444 -646.515 375.73 -59.9361 4.16371 -0.090862 -1522.99 167.892
87 192.988 12.6235 -729.722 401.385 -60.6164 4.00147 -0.0819662 -1479.89 167.759
88 85.3522 22.6041 1149.69 -407.276 63.4088 -4.20125 0.115813 -1552.58 170.634
89 86.8812 24.4066 1448.24 -462.451 62.9531 -3.63212 0.090723 -1554.68 172.984
90 77.004 24.6091 1338.02 -440.917 62.7748 -3.83405 0.100454 -1489.44 166.223
91 112.224 21.0144 1104.35 -382.752 61.5165 -4.25663 0.122719 -1486.76 167.416
92 122.26 15.7442 1314.48 -438.735 61.5983 -3.65769 0.093719 -1503.16 166.497
93 172.098 12.2699 1655.48 -495.518 61.2914 -3.16743 0.0730767 -1495.04 168.99
94 74.1329 25.1338 1237.03 -415.92 61.0577 -3.82035 0.102619 -1511.69 168.888
95 102.165 22.8908 1500.64 -467.345 60.8391 -3.26292 0.0762026 -1639.89 180.924
