0 36.9169 26.2299 1069.99 -387.718 60.0345 -3.8821 0.106237 -1396.62 160.464
1 64.6568 22.8086 1151.9 -402.714 60.2078 -3.77266 0.100586 -1470.88 165.788
2 69.2423 16.1539 1353.27 -450.583 60.3652 -3.36711 0.0818343 -1532.08 167.534
3 53.4241 21.1699 -175.526 161.476 -29.6882 2.43738 -0.0566059 -1549.14 168.728
4 82.7304 20.0263 -418.095 215.139 -29.5681 1.90566 -0.0315963 -1535.93 170
5 61.6834 19.0719 -395.225 203.907 -29.4179 1.9931 -0.0354612 -1378.65 156.504
6 58.8031 20.9674 -61.6603 137.549 -28.5621 2.47858 -0.0597395 -1594.19 171.779
7 54.321 21.9311 -152.699 156.763 -28.5616 2.29747 -0.0511943 -1472.78 163.127
8 41.2166 19.9548 -243.899 170.18 -28.6883 2.18231 -0.04487 -1534.61 167.123
9 80.6114 20.3914 1986.41 -712.036 102.102 -6.24601 0.153814 -1533.34 169.313
10 61.8071 21.2185 28.2639 45.3571 -6.0653 0.462861 0.00138046 -1512.16 166.832
11 49.2286 20.5381 -2946.63 1225.84 -179.436 11.5662 -0.260811 -1615.85 172.189
12 72.1782 21.022 -461.355 244.422 -35.5228 2.39375 -0.0465549 -1579.32 170.501
13 63.7289 20.7902 -16.5049 143.447 -32.9724 3.01222 -0.0774798 -1284.66 150.831
14 76.2986 19.0699 -2267.62 963.899 -141.514 9.20052 -0.207562 -1579.61 170.017
15 56.4555 21.8084 3668.6 -1352.32 190.647 -11.5521 0.27038 -1523.84 167.383
16 48.8268 20.2402 -644.178 326.914 -51.0956 3.60792 -0.079494 -1604.14 171.831
17 19.6902 25.077 -686.774 337.497 -51.1835 3.50396 -0.0738541 -1513.52 165.832
18 66.0006 22.2266 -718.684 350.052 -51.3591 3.41636 -0.0695381 -1391.83 159.159
19 81.0448 21.7167 -599.808 324.834 -50.7763 3.60323 -0.0794757 -1456.67 165.102
20 69.2112 21.3364 -2633.37 1122.71 -165.814 10.8011 -0.245648 -1569.75 170.919
21 46.9416 24.1139 150.504 39.97 -11.4032 1.19632 -0.0252496 -1541.77 168.394
22 70.7974 20.0026 -18.9052 76.0337 -12.2457 0.97902 -0.0136204 -1407.13 159.406
23 118.164 18.5017 2042.88 -703.777 98.5395 -5.92215 0.14493 -1444.09 163.265
24 26.6526 24.2326 561.682 -165.698 23.3663 -1.29585 0.0391225 -1570.9 169.369
25 44.5422 21.8658 514.382 -156.497 23.4098 -1.38769 0.0439589 -1576.91 171.162
26 38.0849 23.6014 699.886 -192.423 23.6865 -1.10734 0.0302051 -1523.55 165.847
27 75.7015 22.8958 828.05 -211.707 23.8744 -0.972957 0.0248611 -1448 164.364
28 66.6727 20.9641 -2841.4 1208.39 -179.916 11.8401 -0.273668 -1583.09 171.819
29 89.483 21.214 93.5958 27.3974 -2.98124 0.238884 0.00763052 -1370.61 158.657
30 88.0571 19.3659 137.783 9.45489 -2.20103 0.378969 -0.00177263 -1485.23 165.643
31 111.065 21.176 487.937 -50.6779 -1.56556 0.763406 -0.0187468 -1494.8 169.311
32 68.0296 20.6337 -1674.17 749.183 -112.295 7.388 -0.163765 -1573.47 170.717
33 24.0158 21.0305 -1780.76 762.915 -112.341 7.27186 -0.158561 -1582.5 167.91
34 92.6382 8.89131 773.443 -253.439 34.7503 -2.00232 0.0573922 -1576.05 167.204
35 49.1325 18.9417 -2822.27 1161.01 -168.213 10.7314 -0.238559 -1659.28 174.38
36 78.2579 16.9007 2723.06 -1018.41 148.789 -9.46142 0.236798 -1622.59 171.87
37 55.0882 19.4047 3021.61 -1083.33 149.983 -9.0069 0.213841 -1593.41 169.357
38 71.088 20.1208 -2083.32 929.782 -141.135 9.36376 -0.212835 -1669.85 178.033
39 71.4506 20.6785 613.215 -101.722 4.07237 0.467355 -0.0125695 -1581.66 171.056
40 34.1019 18.1378 273.808 -48.9507 4.17946 0.0285771 0.00627229 -1538.06 163.978
41 55.5987 18.4247 330.801 -52.2431 3.95317 0.046518 0.00640263 -1575.68 168.063
42 44.1068 18.211 220.929 -32.5735 3.76434 -0.0958022 0.0130015 -1587.38 168.037
43 85.4199 17.5299 362.305 -56.0352 4.15348 0.0781917 0.0047978 -1505.06 165.642
44 65.3595 18.3377 267.151 -37.0193 3.63816 -0.0601111 0.0123746 -1589.59 170.443
45 69.5155 20.0421 319.771 -43.1192 3.62291 -0.0100574 0.00915183 -1572.44 168.072
46 72.5257 19.097 -811.65 402.996 -61.5286 4.15562 -0.0885498 -1584.49 170.165
47 33.6506 22.336 -816.305 404.354 -61.7917 4.12264 -0.0858816 -1572.98 167.357
48 47.0237 18.9218 -904.677 414.468 -61.4577 4.07697 -0.0858339 -1613.9 170.736
49 54.1775 17.9738 890.985 -300.447 43.0577 -2.5932 0.0718029 -1503.63 163.645
50 63.4586 18.423 1055.63 -330.42 43.3554 -2.3536 0.0602223 -1560.25 169.482
51 69.3769 18.5242 -1300.72 574.791 -83.9194 5.43422 -0.115555 -1551.55 167.443
52 65.2886 16.2619 -1508.89 617.883 -84.7315 5.09289 -0.0984517 -1602.46 168.152
53 46.4947 18.0191 -1399.48 590.272 -84.0066 5.275 -0.107676 -1591.22 167.777
54 62.5298 20.5796 -949.078 508.323 -82.8611 5.82731 -0.134258 -1595.01 170.198
55 45.7832 21.9578 -1312.11 574.492 -83.6279 5.40205 -0.114278 -1571.35 168.919
56 51.0226 18.428 -1234.84 555.627 -83.6749 5.58402 -0.12325 -1607.66 169.811
57 49.7659 20.9717 -1190.57 548.077 -83.4025 5.65987 -0.127095 -1570.48 170.447
58 41.3725 22.9167 1513.18 -492.14 64.0797 -3.48387 0.0825838 -1525.66 167.685
59 66.0266 22.1477 1262.57 -431.483 62.7346 -3.9077 0.104433 -1529.52 168.512
60 43.2934 23.6153 1466.47 -474.087 63.1837 -3.60067 0.0892619 -1587.34 169.675
61 70.7914 20.3306 1324.51 -445.516 62.7303 -3.777 0.0981076 -1561.06 169.348
62 47.422 24.5331 1520.04 -486.324 63.4611 -3.49318 0.0838243 -1547.45 168.189
63 57.8826 19.9645 1252.89 -436.464 62.7635 -3.83296 0.100829 -1583.6 171.648
64 64.4162 17.9454 -1564.05 678.851 -99.1818 6.36725 -0.136772 -1654 171.826
65 58.862 19.87 -300.642 189.316 -28.9046 1.96534 -0.0346256 -1600.57 170.057
66 57.1416 15.6462 -466.24 211.827 -28.5077 1.75426 -0.0256709 -1592.71 168.375
67 64.1241 16.2831 1940.14 -777.221 122.433 -8.31035 0.220916 -1635.86 171.434
68 54.2167 16.2225 189.924 -25.5333 3.75442 -0.207082 0.0193528 -1579.98 166.929
69 54.2905 18.3817 -567.574 281.629 -41.4063 2.71792 -0.0521174 -1599.54 167.893
70 33.6843 20.1839 -2850.88 1185.29 -173.715 11.1975 -0.252192 -1599.74 168.805
71 54.1979 25.8418 2594.13 -912.41 125.841 -7.4091 0.173181 -1503.3 166.784
72 26.6332 19.3461 128.222 -59.8473 16.8478 -1.51878 0.0599103 -1602.14 167.977
73 10.9765 25.1315 633.365 -165.96 18.8221 -0.649078 0.0122035 -991.848 121.38
74 61.701 16.1124 -1950.06 823.873 -120.546 7.76395 -0.169765 -1485.69 160.346
75 75.6057 14.582 1658.16 -629.063 95.9828 -6.30833 0.166521 -1496.28 161.782
76 62.5239 18.4166 -2968.16 1228.25 -179.015 11.5034 -0.25959 -1558.45 166.54
77 35.5936 19.4838 -5504.47 2252.48 -330.139 21.0814 -0.480388 -1554.62 163.657
78 83.8783 12.2729 -1216.51 499.125 -67.1099 3.98805 -0.0735417 -1615.75 170.129
79 66.6527 16.7384 -933.56 439.809 -66.4352 4.4163 -0.0927189 -1587.4 169.201
80 51.5877 19.8372 -847.631 421.293 -66.3852 4.63839 -0.10458 -1505.03 163.119
81 36.3337 21.8664 -928.444 439.753 -66.4035 4.43006 -0.09457 -1522.82 163.663
82 46.2708 14.5816 1132.38 -443.546 70.034 -4.71482 0.130143 -1592.33 166.553
83 33.9009 22.497 1331.81 -479.656 70.8168 -4.44877 0.116444 -1455.97 159.809
84 66.1589 14.3979 1649.29 -544.255 70.4991 -3.90482 0.09362 -1529.9 162.661
85 55.2546 20.48 1096.68 -432.384 69.9647 -4.6999 0.12805 -1549.89 169.258
86 37.1881 20.9537 -2615.7 1109.17 -164.874 10.7533 -0.243431 -1578.7 168.148
87 114.466 18.4712 -2886.13 1176.08 -165.663 10.2927 -0.221928 -1511.8 168.382
88 39.4672 20.5046 -2672.37 1126.66 -166.245 10.7542 -0.240956 -1548.56 167.216
89 8.7611 27.1512 1105.97 -336.984 40.8721 -1.86727 0.0390869 -1151.42 138.608
90 50.5775 19.3986 944.061 -299.22 40.5133 -2.27715 0.060043 -1559.11 168.212
91 -1.84077 24.8056 2441.56 -962.427 145.868 -9.49835 0.241421 -1568.99 168.457
92 9.37226 23.3886 920.449 -352.923 56.3587 -3.7707 0.106626 -1488.16 162.673
93 36.7678 23.1034 1610.87 -480.255 56.9024 -2.77704 0.0615707 -1563.67 170.237
94 33.7691 24.98 1337.57 -430.446 56.7325 -3.12057 0.0759504 -1576.08 171.174
95 39.5127 17.9961 4105.87 -1619.68 240.897 -15.4614 0.378708 -1564.04 168.177
