0 105.311 21.2479 -2574.01 1175.38 -188.992 13.6166 -0.342649 -1082.13 152.153
1 103.846 22.0753 -2801.63 1228.02 -187.44 12.7409 -0.301989 -1091.25 149.79
2 130.524 17.3415 -2541.58 1172.31 -189.34 13.6151 -0.340749 -1164 156.902
3 77.3282 26.2106 -2739.71 1215.43 -188.021 12.9708 -0.313377 -1089.28 147.696
4 103.489 22.8841 -2577.23 1190.6 -189.244 13.3004 -0.327159 -987.619 137.004
5 260.341 8.11898e-07 -2655.6 1190.48 -188.349 13.3807 -0.333038 -1110.85 152.621
6 109.365 22.3175 -2557.96 1182.09 -188.944 13.4343 -0.334995 -910.774 133.707
7 86.1733 25.0125 -2797.22 1232 -187.733 12.6592 -0.297757 -1120.8 148.301
8 127.397 18.034 -4213.61 1813.61 -275.863 18.3947 -0.430581 -1333.07 169.256
9 194.593 8.34644 -1230.64 681.189 -121.68 9.51101 -0.247648 -1222.54 162.047
10 129.104 18.4273 -1317.39 703.267 -121.453 9.21926 -0.235074 -1128.95 151.849
11 229.821 6.21107 -1084.84 653.822 -120.881 9.6745 -0.256985 -1051.03 150.263
12 268.395 1.07498e-07 -1591.73 762.159 -121.937 8.66718 -0.205966 -1323.8 168.982
13 271.157 2.82277e-08 -3958.38 1746.92 -272.083 18.6366 -0.449998 -1195.83 158.164
14 269.716 6.41531e-10 -1172 620.336 -103.775 7.6279 -0.184102 -1295.65 165.812
15 124.397 20.0718 -1337.23 654.835 -103.176 7.21454 -0.16775 -1151.64 150.568
16 129.164 20.9224 -958.769 584.718 -105.469 8.26553 -0.215874 -1009.17 140.188
17 96.7881 22.9461 1492.73 -427.719 44.0757 -1.17419 0.00103565 -1067.52 146.254
18 222.463 5.4527 -5688.11 2424.21 -370.018 24.8394 -0.596144 -1175.23 154.404
19 132.96 20.0141 -3427.53 1508.21 -230.978 15.5711 -0.368725 -1098.19 147.949
20 272.642 1.0796e-09 -637.037 420.133 -79.8758 6.71651 -0.182323 -1088.9 150.818
21 269.484 6.01075e-11 -873.63 480.971 -81.2699 6.10719 -0.147625 -1376.3 171.26
22 156.125 16.5098 -984.606 509.806 -81.2458 5.79017 -0.133227 -1250.09 160.373
23 222.839 7.17572 -5043.92 2174.41 -334.01 22.6224 -0.546354 -1100.5 151.675
24 89.4402 24.9675 -2653.64 1212.62 -190.477 13.1641 -0.315588 -1199.32 156.372
25 74.2061 26.5564 -2629.67 1207.75 -190.581 13.2117 -0.317102 -1261.37 161.406
26 111.583 22.0986 -789.834 457.169 -78.7047 6.04342 -0.150412 -1127.02 151.052
27 265.872 0.604562 -3557.42 1613.03 -256.782 17.9914 -0.444103 -1125.77 152.326
28 270.475 4.72622e-10 1410.83 -396.416 40.0386 -0.954079 -0.00300717 -1052 145.78
29 294.364 4.13181e-10 -1575 794.741 -134.512 10.2058 -0.264539 -1122.47 154.667
30 269.678 1.07647 -1753.43 835.56 -135.15 9.90053 -0.250096 -1063.13 149.022
31 274.056 1.80932e-09 2099.57 -779.98 111.518 -6.3964 0.142705 -980.082 139.8
32 234.939 8.88178e-13 -3427.73 1553.14 -247.919 17.2953 -0.420878 -1379.13 170.688
33 235.791 1.96421e-09 -3304.69 1528.11 -247.954 17.5302 -0.431316 -1329.57 167.557
34 245.151 2.38543e-08 -3222.48 1507.42 -247.316 17.7197 -0.44258 -1299.18 166.086
35 265.254 6.64568e-10 -3037.99 1474.87 -247.067 17.9304 -0.45282 -1270.99 161.819
36 363.395 9.05498e-11 2042.16 -287.455 -19.1327 4.78238 -0.16625 -1361.21 168.31
37 277.158 1.66533e-13 5906.34 -2070.47 269.053 -14.7443 0.305513 -1111.99 146.622
38 260.532 3.84137e-12 -4027.05 1791.25 -280.036 19.0597 -0.454271 -1342.06 167.74
39 293.006 2.52333e-08 -3133.43 1605.17 -276.667 20.2543 -0.511831 -1333.51 168.049
40 228.574 3.33067e-13 487.061 39.1964 -35.3649 4.46613 -0.140573 -1139.98 150.286
41 239.033 5.43887e-10 450.493 47.3941 -35.2777 4.41571 -0.14008 -1113.19 147.263
42 250.415 4.84368e-10 -3147.66 1477.94 -242.482 17.3713 -0.434826 -1180.15 154.365
43 262.746 5.93969e-11 1918.82 -481.437 36.2967 0.0905558 -0.0422467 -1125.8 146.95
44 284.004 9.07144e-09 -1717.09 979.677 -178.561 13.7831 -0.359397 -1198.68 157.982
45 405.536 1.30776e-08 5180.45 -1546.64 164.737 -6.77608 0.0984023 -1341.35 167.431
46 277.473 7.77156e-14 3375.73 -1182.41 158.718 -9.08489 0.208161 -1399.06 170.996
47 271.24 1.80744e-11 -2418.49 1185.57 -198.489 14.4818 -0.36544 -1259.36 160.043
48 230.346 8.21565e-13 1668.7 -407.348 26.9766 0.634415 -0.0532623 -1230.48 156.477
49 233.732 3.4428e-11 -629.694 454.687 -92.1207 7.88335 -0.217183 -1170.16 153.583
50 246.054 2.56135e-08 2782.29 -906.754 107.478 -4.82343 0.0796876 -1160.43 153.567
51 264.007 1.06031e-08 12.4089 252.014 -65.2572 5.97367 -0.158942 -1487.33 179.932
52 353.688 7.09433e-11 6920.36 -2236.39 261.776 -12.5739 0.223964 -1298.35 165.77
53 271.305 1.77636e-13 2476.54 -699.384 66.6994 -1.69578 -0.00390725 -1130.9 149.772
54 251.473 2.70894e-12 -3060.42 1394.15 -221.433 15.3552 -0.369597 -1329.79 165.688
55 273.285 4.27991e-11 5102.74 -1788.61 231.023 -12.3511 0.247206 -1088 146.818
56 228.81 7.10543e-13 2648.97 -868.25 103.186 -4.60282 0.0732985 -1057.19 141.594
57 231.664 2.04126e-10 -2988.68 1371.11 -221.883 15.817 -0.394711 -1220.81 155.988
58 212.566 3.69155 -2869.1 1349.68 -221.953 16.011 -0.403506 -1137.56 150.193
59 287.826 2.22045e-13 3398.26 -1031.29 114.463 -5.02971 0.0889884 -1468.98 176.91
60 257.187 1.31006e-12 312.334 126.101 -49.748 5.51349 -0.169258 -1091.27 146.831
61 262.233 2.53642e-10 72.5256 189.65 -51.7679 4.99251 -0.137836 -1304.12 163.401
62 264.604 7.55573e-10 6479.31 -2549.01 374.703 -23.5639 0.554152 -1017.32 135.392
63 278.413 2.9976e-13 595.954 17.4696 -32.7969 4.27292 -0.134283 -1190.39 155.179
64 470.627 5.55112e-14 12509.9 -4044.51 474.329 -23.4849 0.429688 -1408.68 167.215
65 284.057 3.33067e-14 5805.53 -1898.33 228.063 -11.6545 0.23532 -1605.55 184.98
66 315.802 1.0141e-08 6629.6 -2063 230.756 -10.5561 0.18143 -1479.28 175.558
67 1152.59 3.33067e-14 36370.3 -12285.6 1542.92 -85.2294 1.77185 -1802.77 198.565
68 232.302 0 -2027.57 1154.02 -211.781 16.2005 -0.418782 -1423.64 171.842
69 267.387 1.70264e-08 6449.42 -2144.92 258.345 -12.8248 0.236516 -1267.86 159.157
70 257.955 8.75966e-12 2454.67 -622.255 46.2204 0.0185421 -0.0498859 -1279.52 159.048
71 715.173 1.69181e-09 14899.1 -4839.7 572.693 -28.7353 0.532756 -1278 163.692
72 214.084 0 1700.43 -329.39 4.54336 2.43111 -0.0953157 -1592.39 184.034
73 230.997 1.10212e-06 2141.68 -419.818 5.21556 3.17056 -0.13028 -1493.02 177.006
74 309.415 1.88738e-13 9795.41 -3448.53 454.718 -26.3874 0.592195 -1889.59 205.142
75 1010.86 1.11022e-14 13272.2 -4143.35 470.002 -22.5136 0.399975 -1482.95 175.282
76 358.639 0 7128.2 -2071.82 206.884 -7.52771 0.0756172 -1329.02 161.239
77 749.534 3.52829e-10 23943.6 -8192.39 1034.9 -56.926 1.17265 -1476.96 172.753
78 456.758 1.11022e-14 11676.2 -3930.22 490.889 -26.6513 0.552898 -1578.71 182.012
79 283.356 3.33067e-14 4130.54 -1300.54 146.145 -6.30638 0.0965689 -1239.23 158.852
80 191.113 1.55431e-13 -296.435 348.857 -81.5639 7.39103 -0.207448 -1279.33 157.237
81 193.877 1.18794e-11 -180.497 329.38 -82.0717 7.61668 -0.218685 -1140.57 142.9
82 216.48 4.71387e-08 4886.15 -1682.83 216.613 -12.0476 0.266197 -1658.2 187.22
83 426.837 5.66544e-07 15828.3 -5489.92 700.853 -38.6075 0.793941 -1252.21 154.811
84 556.456 3.33067e-14 16711.5 -5651.87 702.814 -37.6163 0.747176 -1111.32 140.039
85 223.038 1.11022e-14 513.444 42.9412 -39.2016 4.95059 -0.158634 -1149.24 149.137
86 215.985 2.00506e-11 93.4104 137.754 -39.5446 3.88657 -0.103274 -1316.71 162.408
87 333.826 1.55526e-09 11656.8 -4094.58 529.783 -29.4826 0.617602 -1339.04 166.775
88 190.411 6.66134e-14 -2215.08 1249.93 -232.563 18.0806 -0.478763 -1323.47 160.827
89 193.301 6.24167e-11 2900.23 -957.883 113.198 -5.11638 0.08556 -1189.28 151.813
90 210.704 6.11622e-11 891.414 1.00551 -45.3397 5.72467 -0.176743 -1355.49 163.724
91 276.714 2.22045e-14 6219.06 -1984.87 229.33 -10.9688 0.201153 -1532.04 181.522
92 241.276 9.32587e-13 6288.97 -2023.38 230.966 -10.5063 0.171073 -1277.85 161.197
93 262.864 4.88498e-13 6205.61 -1994.62 229.862 -10.695 0.182299 -1335.02 166.67
94 259.063 2.70894e-12 6414.13 -2026.8 229.135 -10.4869 0.17554 -1350.4 162.66
95 210.156 5.77316e-13 4964.8 -1761.89 230.935 -12.7827 0.271811 -1331.69 161.654
