0 14.8542 21.2288 -2284.63 936.98 -135.237 8.62669 -0.188404 -1741.41 181.293
1 -13.9692 23.2651 -559.381 248.336 -35.0198 2.25717 -0.038699 -1680.29 176.393
2 -25.0954 27.4814 -275.667 193.715 -34.4654 2.68018 -0.0588798 -1651.44 175.587
3 27.266 18.9051 -602.277 255.443 -34.2862 2.13013 -0.0350186 -1695.61 177.701
4 52.2678 16.128 -452.707 233.516 -34.8326 2.27845 -0.0387471 -1700.76 176.897
5 27.6016 16.568 -1523.34 644.032 -94.8871 6.19089 -0.134329 -1733.77 178.341
6 8.50339 23.6414 -3420.85 1463.29 -222.241 14.7858 -0.346424 -1662.74 176.69
7 8.46068 22.5372 -512.864 240.807 -33.7682 2.12637 -0.0344198 -1677.1 175.304
8 16.681 20.0021 -421.916 221.279 -33.9573 2.3163 -0.0422993 -1742.26 180.233
9 4.46742 21.4144 -419.551 219.026 -33.8915 2.357 -0.0452353 -1697.45 176.448
10 12.4988 21.5907 -155.256 168.057 -33.9592 2.84429 -0.0680115 -1669.97 174.474
11 37.8986 19.7013 -406.588 220.503 -34.5519 2.46308 -0.0491391 -1608.1 172.458
12 96.6788 13.0398 -303.406 206.939 -34.4435 2.53047 -0.0516354 -1501.94 165.63
13 50.3787 16.4433 2427.01 -830.622 109.63 -6.29116 0.148403 -1694.19 174.595
14 99.2598 12.0242 -806.221 361.664 -51.3736 3.27239 -0.0625236 -1571.43 168.699
15 77.9051 17.1394 1561.89 -535.644 73.4137 -4.24404 0.103402 -1659.38 176.612
16 39.3446 19.8836 -228.764 169.628 -29.742 2.31958 -0.0496325 -1596.75 171.68
17 22.3484 22.6231 -294.882 185.429 -29.8906 2.16615 -0.0423906 -1633.32 173.482
18 34.9849 17.7809 -357.731 194.648 -29.9817 2.10493 -0.0396813 -1600.31 169.278
19 73.0845 16.032 -274.413 179.825 -29.6782 2.21539 -0.0446071 -1332.04 152.169
20 61.0926 16.3371 -581.187 247.318 -31.0372 1.71379 -0.0195003 -1625.62 171.202
21 67.3691 17.7772 -402.955 207.754 -29.872 2.0029 -0.035481 -1617.51 173.569
22 35.8379 18.9922 -243.986 173.338 -29.7066 2.23011 -0.045422 -1670.01 174.252
23 70.7324 13.9009 -221.667 171.209 -29.7469 2.2405 -0.045423 -1663.52 174.892
24 19.1859 17.6796 -432.338 206.146 -29.4314 1.87511 -0.0294026 -1732.85 176.1
25 21.1972 22.8744 -1715.22 735.684 -107.944 6.98045 -0.151481 -1606 171.681
26 39.2887 19.6454 762.395 -259.97 38.5017 -2.38162 0.0683103 -1641.27 173.907
27 45.1342 18.2519 -990.421 484.818 -76.9268 5.34538 -0.121052 -1613.66 170.236
28 63.6739 17.1825 -1044.21 498.715 -77.2253 5.23737 -0.114003 -1557.08 169.117
29 47.2302 19.0196 1964.86 -699.542 98.1281 -5.94582 0.148326 -1550.66 168.003
30 34.5032 19.9589 1942.46 -698.585 98.2739 -5.94269 0.147242 -1630.04 173.3
31 43.3057 20.4356 -619.991 339.61 -56.074 4.0773 -0.0919255 -1556.32 169.759
32 66.0949 18.1164 -786.918 376.398 -56.3597 3.75608 -0.076791 -1695.3 180.059
33 59.6076 22.0581 -2350.71 1008.91 -148.775 9.6208 -0.213619 -1654.85 178.456
34 114.191 12.9871 -2426.23 1020.51 -148.773 9.53445 -0.209831 -1632.78 176.062
35 150.897 7.95082 -332.569 193.721 -28.5732 1.90667 -0.0313211 -1609.42 174.554
36 200.187 7.90431e-09 -410.214 202.988 -28.3072 1.85375 -0.0300418 -1729.21 183.778
37 195.682 2.62466 -1266.73 550.261 -78.6359 5.00824 -0.102024 -1537.16 171.201
38 119.928 13.8303 -988.194 494.272 -77.5506 5.37639 -0.12086 -1641.53 179.34
39 155.072 12.8868 -1129.78 530.823 -78.4055 5.14419 -0.109362 -1570.08 174.525
40 74.662 23.1687 -1096.22 522.234 -78.5309 5.21846 -0.111953 -1692.65 183.247
41 73.9558 18.4921 -1172.39 531.001 -78.5743 5.14547 -0.108841 -1636.42 176.111
42 111.111 14.7842 274.744 -31.4765 2.81458 -0.0231089 0.0128034 -1673.61 179.495
43 146.457 12.3216 293.192 -36.1653 3.25542 0.0137376 0.00976916 -1523.59 169.844
44 136.598 10.5526 3417.62 -1290.45 187.546 -11.8002 0.288834 -1665.2 179.226
45 113.142 16.0149 -2252.98 929.529 -130.352 8.00736 -0.165545 -1739.46 184.872
46 184.299 4.46577 -1935.77 856.134 -128.781 8.51342 -0.191533 -1667.4 178.803
47 220.4 8.96178e-08 1139.41 -331.082 39.0907 -1.82622 0.0423401 -1596.83 171.782
48 91.0924 19.633 -1342.79 637.9 -98.8368 6.75091 -0.154219 -1612.37 176.106
49 79.1239 18.9025 -124.425 138.714 -25.4669 2.10858 -0.0471751 -1623.29 175.692
50 78.0151 22.1856 -284.778 181.814 -26.4323 1.75938 -0.027401 -1642.98 180.204
51 157.226 13.788 -173.446 159.521 -25.8502 1.93235 -0.0378087 -1613.12 177.806
52 138.28 12.3379 -409.704 201.107 -26.0956 1.61089 -0.0230993 -1670.08 180.532
53 215.041 1.29785e-11 -564.118 240.13 -27.4865 1.27682 -0.00262542 -1756.15 184.933
54 213.107 6.10623e-13 -154.3 145.126 -25.2521 1.97745 -0.0400572 -1700.03 181.713
55 178.78 4.60804 -404.902 198.304 -25.9393 1.57738 -0.020895 -1668.66 179.043
56 85.3728 20.7937 -1686.39 742.526 -109.187 7.1093 -0.156473 -1545.04 170.382
57 47.5026 25.9866 186.669 13.0285 -5.10874 0.671509 -0.00994612 -1594.86 175.681
58 114.226 13.203 144.663 16.9568 -5.30754 0.63174 -0.00615539 -1651.19 179.828
59 77.1781 24.5399 623.676 -85.598 -2.17064 1.29068 -0.0435616 -1185.84 147.543
60 111.417 14.8235 3137.39 -1124.39 155.162 -9.19047 0.21389 -1634.97 176.837
61 87.5583 20.3928 -1107.44 508.873 -74.326 4.85174 -0.103079 -1658.44 178.831
62 125.185 16.5519 -1171.74 524.332 -74.6467 4.74177 -0.0963957 -1547.13 172.843
63 181.164 7.71829 -878.652 459.409 -73.4015 5.18359 -0.118688 -1553.06 172.14
64 101.868 18.4321 1171.68 -386.864 56.171 -3.53127 0.0962534 -1532.5 166.953
65 110.655 19.372 -1110.74 530.227 -78.0247 5.00949 -0.103472 -1525.84 167.609
66 149.781 10.3157 -2803.02 1189.35 -174.258 11.1465 -0.247588 -1536.73 166.842
67 124.213 14.8464 -2858.97 1202.99 -174.35 11.0304 -0.24216 -1579.5 170.275
68 150.118 13.2203 -2809.2 1194.64 -174.175 11.0886 -0.245022 -1493.4 165.351
69 226.896 3.9202e-11 456.201 -131.547 22.7331 -1.64156 0.0571641 -1495.77 162.666
70 167.532 8.65312 337.124 -108.091 22.5636 -1.78362 0.0629103 -1601.75 171.234
71 240.965 5.34961e-10 811.912 -207.7 24.158 -1.14488 0.0333596 -1554.13 168.388
72 116.891 17.3254 -1635.04 740.037 -109.921 7.15622 -0.157332 -1553.27 169.001
73 145.371 8.9118 545.69 -124.564 13.974 -0.603041 0.0230072 -1474.07 161.355
74 118.339 15.7744 362.862 -81.2776 13.9376 -1.01413 0.0419892 -1555.37 169.292
75 138.975 12.4208 708.651 -150.451 14.1763 -0.422836 0.0137476 -1572.07 167.76
76 226.339 1.383e-10 -2085.19 895.109 -131.174 8.47959 -0.187495 -1463.31 163.188
77 141.961 12.8596 933.858 -253.407 30.1699 -1.44001 0.0365028 -1510.83 164.068
78 147.181 14.7168 -3234.62 1358.22 -197.054 12.5046 -0.277841 -1438.35 161.289
79 140.059 15.6693 923.249 -278.406 38.8999 -2.28197 0.0637452 -1367.03 157.987
80 110.129 17.4743 -2080.94 930.358 -140.998 9.40109 -0.216932 -1496.77 165.054
81 122.833 14.4977 1426.02 -498.136 72.3798 -4.49177 0.115914 -1537.65 167.149
82 140.535 10.2287 2848.13 -1072.3 157.722 -10.0832 0.251208 -1577.74 167.279
83 145.855 10.0247 -3126.48 1295.04 -186.887 11.802 -0.260848 -1515.94 163.669
84 118.143 17.6267 -229.828 166.596 -23.674 1.51129 -0.0216894 -1506.37 165.185
85 109.6 17.6717 -420.591 198.667 -23.7185 1.31464 -0.0133783 -1498.05 165.987
86 151.457 10.837 -467.018 211.857 -24.2608 1.22232 -0.0077877 -1448.22 162.07
87 234.942 1.77862e-07 -314.113 176.327 -23.2504 1.41195 -0.0171333 -1378.7 157.01
88 95.8642 18.7839 -1949.74 886.102 -135.992 9.17988 -0.214021 -1535.15 167.959
89 99.1928 17.5738 -2020.1 897.494 -135.734 9.05142 -0.208089 -1562.1 170.901
90 59.6632 22.5065 -434.533 242.689 -36.8299 2.56494 -0.0516025 -1448.53 162.257
91 112.556 18.3428 -449.284 253.089 -36.9281 2.46383 -0.0468571 -1483.99 166.91
92 71.3195 18.487 -417.003 237.99 -37.1942 2.6196 -0.0531239 -1589.09 170.216
93 168.765 8.8145 -511.439 262.005 -37.5116 2.46802 -0.0453069 -1404.85 161.196
94 99.0663 21.6891 -144.992 192.407 -36.2899 2.92878 -0.0684703 -1283.53 152.613
95 73.1104 25.6142 -348.62 228.727 -35.7135 2.53493 -0.0506617 -1508.39 170.625
