0 -7.42345 24.4237 406.507 -120.92 17.5536 -1.01752 0.0387139 -1712.93 184.005
1 49.1616 19.1942 2114.94 -785.739 112.902 -6.9126 0.171405 -1645.61 180.505
2 83.2558 7.40015 430.931 -111.804 11.1192 -0.280469 0.0144026 -1652.01 178.041
3 12.7956 18.7611 578.912 -141.424 11.4914 0.0041812 -0.000444543 -1569.91 173.863
4 15.5874 21.3433 374.753 -92.5533 11.8114 -0.595571 0.0272289 -1716.61 182.117
5 7.63227 21.7582 -2122.24 913.818 -138.297 9.20295 -0.208791 -1691.05 180.172
6 29.442 18.2984 1014.98 -373.78 56.6964 -3.67783 0.105282 -1599.9 175.047
7 26.1605 18.8062 1097.84 -388.697 56.3581 -3.54932 0.100331 -1639.33 175.844
8 33.9936 19.345 -1518.44 703.123 -111.515 7.75314 -0.179651 -1612.03 176.522
9 35.6478 16.1587 -1330.2 664.72 -111.811 8.1298 -0.196591 -1653.74 178.725
10 42.6675 18.2192 -1499.43 696.769 -111.123 7.79418 -0.183197 -1593.56 174.843
11 36.0987 19.1414 -1769.12 758.656 -112.175 7.27569 -0.155836 -1615.79 176.023
12 50.9402 16.4385 -1729.36 746.808 -111.852 7.36659 -0.160803 -1560.98 171.843
13 28.2935 19.3882 -1883.34 780.189 -111.991 7.04581 -0.145658 -1703.23 181.628
14 34.4154 18.3852 -1526.52 707.597 -112.072 7.74921 -0.179359 -1726.66 181.928
15 73.9767 12.7095 -1524.26 700.686 -111.616 7.84691 -0.185532 -1481.2 164.887
16 28.6518 20.2277 954.418 -320.268 44.3361 -2.58552 0.072212 -1602.51 175.292
17 33.193 20.4826 -1656.44 771.767 -122.653 8.5115 -0.198686 -1630.39 177.771
18 27.9317 22.1379 360.55 -59.5802 3.67965 0.151663 0.00401034 -1649.18 177.774
19 61.8561 14.7103 300.005 -51.5292 3.71961 0.0639465 0.0082949 -1691 179.771
20 49.7895 18.6699 306.264 -50.4385 3.80697 0.0649782 0.00756428 -1607.98 174.795
21 50.2432 16.2095 414.372 -77.2345 4.08679 0.298314 -0.00323336 -1629.95 177.223
22 32.3034 23.223 391.826 -62.9532 3.74241 0.172207 0.0027172 -1641.65 177.932
23 107.732 6.63601 -2618.62 1133.07 -174.651 11.8318 -0.278102 -1682.62 179.321
24 11.9775 22.4655 -862.189 392.717 -57.5166 3.68887 -0.0699049 -1776.24 186.191
25 16.0556 20.0175 -2830.66 1230.47 -189.9 12.8126 -0.300148 -1682.75 179.794
26 34.9999 20.7238 -600.05 335.671 -56.0504 4.06129 -0.0893628 -1618.17 176.082
27 29.9948 21.8076 -638.562 341.464 -55.8356 4.02373 -0.0888477 -1562.59 172.542
28 35.063 19.2755 -615.674 337.484 -56.0103 4.03605 -0.0888425 -1743.76 183.425
29 23.9604 21.541 -788.683 371.852 -56.0057 3.74082 -0.0750067 -1661.23 178.81
30 28.0646 20.6188 1421 -523.951 77.2814 -4.87907 0.129697 -1686.24 181.027
31 63.4948 17.4532 1856.13 -612.277 78.5539 -4.25582 0.101743 -1459.1 168.987
32 40.7711 23.6916 -990.64 470.062 -71.0666 4.73367 -0.0982679 -1673.53 183.678
33 35.4585 23.5395 -1044.05 479.083 -70.8655 4.62692 -0.0937397 -1720.81 186.484
34 46.49 22.5988 -1147.84 502.586 -70.8847 4.38059 -0.0819521 -1721.36 186.254
35 66.006 22.4991 -758.359 421.969 -70.3611 5.1329 -0.118635 -1625.3 181.195
36 46.5287 21.9834 -900.016 452.358 -70.8606 4.8265 -0.102115 -1734.44 187.461
37 42.8193 24.1645 -747.509 423.647 -70.9878 5.12035 -0.116128 -1709.81 185.47
38 65.1599 20.727 -945.726 458.437 -70.8027 4.84383 -0.103821 -1583.18 178.549
39 73.5332 19.1841 -838.18 434.88 -70.232 5.00332 -0.112247 -1386.51 163.132
40 60.8088 21.7092 -796.854 428.081 -70.3403 5.09208 -0.117945 -1710.48 186.362
41 52.6182 24.1621 -836.147 438.32 -70.4729 4.98779 -0.111013 -1542.54 176.116
42 87.1497 22.4026 -245.588 205.89 -35.6047 2.72672 -0.058653 -1567.99 177.474
43 38.9335 20.4458 -3979.86 1691.36 -255.947 16.9225 -0.393964 -1689.31 182.329
44 70.9712 22.7425 -2086.6 928.664 -139.971 9.22662 -0.205421 -1641.12 183.131
45 80.1553 20.1042 -2219.42 953.004 -139.876 9.00884 -0.196639 -1681.42 184.389
46 84.8034 19.3502 -2128.08 934.974 -139.8 9.14698 -0.202949 -1660.24 181.883
47 65.7078 19.821 -1813.29 854.007 -137.413 9.71873 -0.233993 -1304.96 156.713
48 57.688 22.281 760.527 -247.753 37.597 -2.4282 0.0748908 -1654.23 182.09
49 54.2331 23.3343 -612.482 364.206 -61.4613 4.48281 -0.100346 -1640.97 182.118
50 14.6066 24.4236 731.528 -229.011 31.9616 -1.88538 0.0592705 -1604.46 178.865
51 45.1181 20.2965 -672.976 361.784 -59.4358 4.27869 -0.0943997 -1560.61 173.299
52 67.2737 22.0887 866.034 -275.745 39.601 -2.38849 0.0688897 -1653.77 181.093
53 78.5087 21.0637 -3669.86 1548.79 -229.18 14.8205 -0.335662 -1680.38 183.989
54 99.5686 19.136 -24.9169 89.2166 -13.9206 0.979657 -0.00802683 -1668.2 183.371
55 80.814 20.3228 -31.5236 83.8015 -13.6064 1.03691 -0.0103328 -1521.96 174.836
56 66.8587 22.6017 28.4347 77.241 -14.011 1.0999 -0.0138783 -1716.17 185.786
57 34.6928 23.3473 -1564.46 711.031 -108.914 7.31601 -0.162256 -1602.46 178.253
58 58.6312 23.1927 -1427.14 687.035 -109.019 7.58265 -0.175672 -1653.34 183.336
59 73.1381 21.15 -5065.63 2132.13 -320.475 21.0985 -0.493889 -1600.8 180.157
60 98.6603 20.4154 -1492.22 699.646 -107.877 7.34827 -0.16807 -1641.43 182.404
61 64.2796 20.1961 -1502.44 695.716 -108.021 7.37373 -0.16749 -1618.93 178.951
62 56.8518 19.7137 -1749.75 743.681 -108.211 6.95909 -0.147406 -1657.8 182.714
63 57.693 23.2098 -1445.73 690.974 -108.428 7.43741 -0.169062 -1769.05 191.977
64 122.534 21.8168 -1563.87 728.855 -108.553 7.06966 -0.152827 -1444.32 168.545
65 117.422 20.6729 -1573.63 724.76 -108.403 7.11494 -0.154588 -1503.98 173.338
66 151.546 12.3742 -1554.4 716.002 -108.427 7.18485 -0.15713 -1530.48 174.128
67 166.371 12.0954 340.851 -54.3091 7.94321 -0.480815 0.0274762 -1511.68 171.37
68 195.013 7.16169 415.552 -75.4972 8.34718 -0.280108 0.0172242 -1484.87 170.665
69 136.557 19.3385 308.569 -46.6282 8.02898 -0.496764 0.027054 -1436.77 168.582
70 200.868 5.3169 -4057.21 1719.47 -256.34 16.7044 -0.383356 -1425.58 165.426
71 232.146 2.88913 280.639 18.7323 -11.5118 1.40764 -0.0321669 -1366.64 163.329
72 101.218 20.9446 9.9791 73.6633 -11.1182 0.805162 -0.00435559 -1469.1 169.778
73 136.43 18.9729 134.105 56.8703 -11.3888 0.979267 -0.0127493 -1561.51 177.906
74 141.344 14.3825 -1646.73 751.114 -113.325 7.49953 -0.165176 -1561.24 176.407
75 121.973 21.8531 -1733.37 779.635 -113.712 7.24332 -0.152854 -1480.68 171.04
76 227.425 1.04966 -1619.03 741.917 -113.133 7.5936 -0.170923 -1508.05 171.004
77 209.904 5.46234 -1829.05 791.877 -113.838 7.17641 -0.150159 -1457.66 166.932
78 144.287 16.8144 1293.27 -390.943 51.3529 -2.86278 0.0744089 -1473.8 169.814
79 239.532 2.94152e-09 -1806.45 808.622 -122.165 8.14436 -0.183128 -1528.52 173.506
80 129.759 15.249 2663.96 -977.556 141.51 -8.87643 0.221843 -1570.53 175.959
81 88.0576 23.6416 -2722.84 1217.08 -186.275 12.4689 -0.290724 -1554.66 174.523
82 120.3 20.4227 -265.285 192.005 -28.1685 1.83284 -0.0272339 -1534.32 174.188
83 152.476 14.4258 -467.82 227.641 -28.106 1.56065 -0.0159222 -1531.88 173.934
84 133.249 17.6468 -25.2904 141.096 -28.4927 2.40138 -0.0547057 -1559.83 175.046
85 103.996 24.9554 -44.0278 148.739 -28.4041 2.32871 -0.0508576 -1557.13 177.552
86 145.016 14.7134 130.119 107.462 -28.4451 2.71242 -0.0675987 -1559.98 177.697
87 149.782 16.8534 51.8848 127.826 -28.6686 2.55824 -0.0607253 -1436.9 168.774
88 114.502 22.3091 -2612.74 1175.4 -179.684 12.0375 -0.280237 -1582.96 178.688
89 84.6721 23.05 7.19605 154.166 -36.5015 3.41381 -0.091468 -1616.85 180.788
90 97.2538 23.5471 -142.706 193.067 -36.6124 2.95021 -0.0671888 -1583.5 178.988
91 108.13 22.8342 -115.992 185.385 -36.5165 3.04952 -0.0714381 -1388.4 167.12
92 124.581 16.0255 3377.01 -1274.58 188.106 -12.0754 0.303204 -1524.67 174.683
93 82.8194 23.7364 -2936.63 1290.37 -196.831 13.2303 -0.309937 -1496.28 175.729
94 107.915 20.0137 -3014.01 1309.34 -196.934 13.03 -0.300634 -1528.99 176.33
95 112.447 24.8823 1194.46 -347.951 42.8501 -1.97613 0.0441326 -1327.99 166.783
