0 22.8341 28.2879 882.684 -290.525 41.2641 -2.28039 0.0549122 -1050.72 130.718
1 44.1143 24.9865 851.62 -275.696 40.4314 -2.48907 0.0709551 -1637.96 177.375
2 111.641 19.1926 -1474.71 690.123 -106.002 7.21492 -0.165407 -1627.94 180.064
3 57.0249 22.1148 -1638.14 719.241 -106.502 6.99598 -0.154344 -1536.94 170.619
4 110.454 18.4582 -1747.92 752.19 -106.898 6.66305 -0.138029 -1630.1 177.034
5 98.5917 19.596 -1584.35 715.742 -106.966 7.05627 -0.156089 -1650.66 180.233
6 88.7885 21.251 -1387.11 681.159 -107.422 7.38898 -0.169839 -1613.88 177.799
7 117.006 15.0606 -1646.2 724.065 -106.612 6.93938 -0.152064 -1629.67 175.536
8 85.8061 23.3981 -2703.28 1179.2 -176.38 11.565 -0.263408 -1650.33 181.44
9 93.0472 19.3669 -1044.48 510.877 -78.9396 5.39106 -0.120062 -1670.34 180.652
10 82.9476 20 -1120.58 526.866 -79.0786 5.22684 -0.111323 -1626.82 177.095
11 142.331 15.0924 1386.51 -474.779 68.419 -4.15846 0.106854 -1585.35 175.797
12 95.6996 19.7512 -1718.7 739.093 -105.048 6.55385 -0.135912 -1621.98 175.312
13 174.485 7.63971 2734.36 -1017.83 148.052 -9.28136 0.228589 -1654.38 178.38
14 165.99 7.0237 2987.1 -1069.36 148.531 -8.9117 0.211072 -1619.31 174.273
15 152.264 9.10655 2710.52 -1009.38 147.423 -9.33993 0.233194 -1611.46 173.853
16 81.1455 22.3743 -415.073 261.114 -42.2181 3.05837 -0.0654661 -1429.22 163.71
17 70.1112 22.0914 -476.094 270.413 -42.0747 2.95237 -0.061016 -1633.14 177.78
18 97.2842 17.4163 -611.546 295.557 -42.2148 2.76277 -0.0519718 -1576.02 174.029
19 85.6922 22.3 3239.34 -1215.51 177.554 -11.2105 0.276236 -1487.98 169.692
20 135.044 12.6516 -2743.22 1173.58 -174.005 11.3295 -0.256758 -1678.25 180.115
21 114.876 17.2259 -2772.53 1179.4 -173.796 11.2873 -0.255855 -1647.56 178.836
22 211.505 1.55525 -78.4028 118.751 -20.645 1.58111 -0.0277379 -1651.12 178.192
23 139.239 15.0999 -100.301 122.984 -20.2255 1.58853 -0.0304031 -1540.14 172.13
24 81.0121 21.0249 -22.2053 109.055 -20.5851 1.68359 -0.0333213 -1622.23 176.219
25 70.4466 24.5149 -1785.65 811.313 -122.889 8.19534 -0.185678 -1579.43 175.23
26 90.5073 20.6997 -1704.62 793.705 -122.7 8.33397 -0.192426 -1622.23 178.03
27 126.51 15.7877 316.625 -27.3709 -0.170784 0.371246 -0.0021784 -1618.54 177.447
28 151.31 12.0356 142.812 8.526 -0.766017 0.129829 0.00978998 -1624.81 178.233
29 120.559 18.0976 131.719 13.6991 -0.826936 0.0931169 0.0107703 -1627.77 178.222
30 144.991 14.6316 -1913.61 838.206 -122.864 7.93719 -0.173117 -1522.29 172.108
31 116.158 18.4878 -1044.74 497.509 -73.1685 4.75134 -0.0984869 -1629 177.64
32 30.9163 19.8458 -1095.51 494.343 -73.2876 4.75429 -0.0975379 -1775.84 183.589
33 38.1972 19.9838 156.393 -63.3889 17.8976 -1.6559 0.0650618 -1666.07 174.093
34 42.3803 20.2762 -1355.93 579.619 -83.025 5.24555 -0.105772 -1562.9 170.698
35 49.0591 20.7007 -1152.03 543.751 -82.7582 5.4772 -0.116506 -1633.82 174.752
36 96.8525 14.6789 -1302.25 570.538 -82.7384 5.30679 -0.110278 -1751.73 183.947
37 44.1956 17.1489 -1019.29 503.602 -81.5969 5.77546 -0.133559 -1733.36 179.875
38 72.2887 16.2358 2225.33 -844.092 124.806 -7.93208 0.201289 -1548.23 170.941
39 78.9585 15.6996 2282.36 -853.502 124.761 -7.86945 0.197084 -1736.23 180.666
40 25.0977 19.2413 -883.236 385.839 -55.8948 3.63742 -0.0716706 -1472.16 162.04
41 51.8603 17.2228 -741.855 365.195 -56.0499 3.78729 -0.0786674 -1691.86 177.313
42 43.3378 15.9073 -726.649 358.023 -56.0414 3.82878 -0.0795955 -1695.07 176.815
43 42.6589 17.1464 1061.12 -340.54 44.5792 -2.47917 0.065889 -1657.64 174.301
44 69.0326 12.7456 -1741.63 743.88 -110.684 7.26383 -0.160305 -1765.94 181.962
45 75.6663 16.9815 -1794.03 763.577 -110.854 7.09818 -0.152924 -1700.46 178.663
46 53.2142 17.678 -1642.72 726.048 -110.142 7.37934 -0.166497 -1608.15 172.999
47 85.2354 15.4072 -1731.66 750.832 -110.743 7.19581 -0.156824 -1641.23 175.849
48 47.2619 21.8717 845.059 -281.191 41.3319 -2.54699 0.0723607 -1587.94 172.564
49 36.7318 20.8849 820.586 -277.004 41.1411 -2.61312 0.0769552 -1751.1 183.888
50 39.0347 21.6442 894.811 -289.885 41.1249 -2.49499 0.0709866 -1706.96 179.854
51 39.3227 19.4279 863.055 -288.877 41.3146 -2.48879 0.069786 -1671.67 176.733
52 52.6701 17.1484 389.278 -188.997 39.3772 -3.13531 0.101989 -1637.19 173.813
53 78.9952 15.9606 884.118 -292.729 41.2698 -2.38671 0.0635769 -1681.23 177.535
54 63.1797 18.2118 890.134 -294.389 41.3508 -2.3743 0.0634156 -1665.74 177.835
55 85.5633 12.4291 823.232 -283.863 41.0784 -2.4514 0.0679909 -1534.06 166.614
56 59.4602 18.7168 -631.774 321.593 -49.2977 3.34287 -0.0681453 -1733.02 181.246
57 34.4435 19.2737 -872.899 364 -48.2908 2.80605 -0.0450372 -1628.19 170.894
58 28.1601 23.2086 -544.285 296.617 -47.0541 3.30815 -0.0688112 -1570.83 171.884
59 69.264 19.8117 -347.623 258.816 -46.7578 3.62577 -0.0846301 -1667.36 179.487
60 69.8569 17.3624 -683.72 326.198 -47.6939 3.12332 -0.0602539 -1609.48 173.174
61 52.9726 16.7598 1066.71 -401.702 63.2778 -4.27605 0.120529 -1704.31 177.069
62 66.287 18.7726 1502.2 -487.094 64.2336 -3.61954 0.0903378 -1671.61 179.299
63 85.3125 17.4895 -1709.16 713.167 -99.2246 6.02084 -0.117888 -1675.92 179.448
64 65.3486 20.9816 -1417.94 652.737 -98.6961 6.54998 -0.144566 -1597.91 173.22
65 90.653 21.1217 41.8196 62.3786 -9.62669 0.690921 -0.0023135 -1681.39 182.223
66 110.965 16.8024 -2410.95 1037.36 -153.297 9.94993 -0.221641 -1497.96 169.094
67 141.691 10.0529 -2481.63 1051.72 -153.751 9.85373 -0.216382 -1470.17 165.118
68 148.806 11.2149 1499.15 -529.326 77.374 -4.83833 0.126069 -1782.38 188.332
69 155.425 9.37217 -789.028 411.374 -64.9318 4.51978 -0.100728 -1653.75 176.008
70 236.531 1.60684e-09 -3032.96 1296.41 -192.637 12.547 -0.285644 -1604.37 174.544
71 147.132 11.5487 -3317.07 1356.42 -193.539 12.1103 -0.263733 -1670.58 181.099
72 81.9707 20.8768 2.24535 89.0715 -16.6461 1.39759 -0.0253554 -1629.25 178.916
73 108.403 13.2011 -158.967 118.609 -16.5153 1.03655 -0.00874389 -1699.43 179.483
74 81.0891 20.642 -1856.99 824.453 -123.996 8.24086 -0.18625 -1645.04 179.744
75 114.606 17.4945 916.916 -278.26 38.3619 -2.19136 0.0594395 -1661.35 179.281
76 102.992 17.7229 1303.29 -352.177 38.4987 -1.62708 0.035867 -1614.76 176.589
77 108.429 15.6104 993.95 -293.217 38.3934 -2.17629 0.0609178 -1727 181.095
78 119.867 17.0451 -4438.01 1867.22 -276.247 17.8354 -0.408199 -1600.75 175.156
79 110.419 18.5365 686.442 -209.994 31.5475 -1.94061 0.0583858 -1632.08 179.318
80 81.6003 18.8938 763.018 -226.658 31.0577 -1.7667 0.0514052 -1706.18 181.861
81 76.699 21.2595 2523.43 -948.701 138.895 -8.60845 0.205804 -1042.26 129.558
82 76.699 21.2595 2523.43 -948.701 138.895 -8.60845 0.205804 -1042.26 129.558
83 72.3337 22.9929 2596.45 -953.286 138.131 -8.62757 0.213416 -1585.73 176.036
84 54.1622 22.6793 -2182.81 973.578 -149.126 10.0386 -0.233326 -1629.72 176.482
85 98.9915 19.4654 -2235.41 986.356 -148.943 9.93132 -0.228884 -1645.72 180.108
86 94.6603 24.0781 -2336.01 1019.33 -149.736 9.65326 -0.212892 -1569.57 177.466
87 87.9533 19.5111 1816.4 -610.563 81.9244 -4.63699 0.110348 -1660.78 180.956
88 79.2903 19.9375 -1286.09 561.766 -79.4756 4.94285 -0.0973192 -1684.27 181.358
89 64.6223 22.6244 -1094.98 521.889 -79.9559 5.44564 -0.120838 -1670.46 182.051
90 14.7203 29.6113 1634.42 -598.457 88.6547 -5.55812 0.142678 -1462.46 167.189
91 18.1795 29.5982 2299.69 -729.445 89.5617 -4.56942 0.0972854 -1583.62 175.652
92 45.1465 23.8614 1626.12 -601.023 89.587 -5.66812 0.146877 -1570.82 174.953
93 113.383 19.8427 1808.1 -630.727 89.8045 -5.39277 0.132765 -1634.07 181.608
94 15.8886 30.9115 6592.55 -2612.29 389.385 -25.0865 0.608782 -1557.69 175.727
95 113.002 18.555 1959.26 -747.971 114.486 -7.44962 0.192722 -1632.61 182.037
