0 5.76623 17.1925 -5605.85 2209.78 -315.365 19.6439 -0.434107 -1485.2 159.259
1 50.5558 8.40985 261.293 -112.539 21.808 -1.74725 0.0665187 -1718.64 174.925
2 123.695 8.20409e-08 233.594 -104.893 21.8239 -1.8042 0.067931 -1781.79 178.748
3 121.452 1.22791e-10 556.435 -177.992 23.303 -1.31867 0.0436842 -1601.23 164.227
4 152.527 7.21645e-13 2864.72 -1020.16 138.977 -8.41791 0.206585 -1695.11 169.133
5 138.952 5.25135e-12 2591.56 -974.787 139.03 -8.69057 0.216294 -1908.52 186.428
6 134.691 2.50133e-11 2761.25 -1007.41 139.41 -8.49844 0.208507 -1772.78 176.361
7 135.306 6.32492e-09 2497.38 -958.19 139.275 -8.76887 0.217471 -1791.76 178.03
8 105.102 1.54321e-12 -1090.17 444.77 -62.7551 3.80867 -0.0679395 -1722.29 172.662
9 -1.22619 18.6876 1595.4 -656.271 104.163 -7.11135 0.192427 -1785.12 179.707
10 122.048 2.44742e-09 4367.23 -1676.56 240.992 -15.165 0.368219 -1726.27 172.187
11 147.676 4.39666e-09 4693.58 -1740.12 241.641 -14.7255 0.348658 -1754.49 175.289
12 129.475 3.36398e-12 475.649 -154.05 22.6483 -1.54303 0.0569204 -1609.36 165.813
13 130.481 1.23013e-11 201.621 -97.287 21.921 -1.91307 0.0729741 -1732.68 174.703
14 136.568 1.28327e-08 -3265.43 1247.31 -170.257 10.195 -0.211057 -1779.61 179.343
15 144.397 1.29865e-08 741.145 -326.684 57.1407 -4.11212 0.119811 -1811.28 181.123
16 115.576 1.54321e-12 3699.67 -1439.62 209.818 -13.388 0.331601 -1728.31 172.582
17 109.724 3.5616e-11 1323.73 -498.622 72.5924 -4.60904 0.122783 -1806.56 177.465
18 115.284 1.37765e-07 1330.03 -501.746 72.8123 -4.56379 0.1198 -1874.5 184.027
19 134.55 7.72533e-09 1428.42 -520.009 73.1727 -4.46248 0.116453 -1657.76 170.547
20 136.717 5.76272e-10 1172.74 -456.716 71.2206 -4.8788 0.139851 -1686.15 173.026
21 135.733 1.60982e-10 -1570.65 674.929 -101.168 6.57617 -0.140298 -1618.81 166.653
22 135.318 1.15319e-10 1031.08 -396.244 60.0363 -3.92427 0.108665 -1781.85 176.128
23 162.804 3.05339e-08 974.986 -377.376 59.2408 -4.05676 0.117463 -1773.24 177.132
24 2.27854 17.0095 949.147 -376.654 59.4686 -4.04443 0.116624 -1714.55 174.992
25 -4.94656 18.4404 954.235 -377.725 59.5948 -4.02383 0.114691 -1756.24 178.609
26 122.179 3.83982e-10 931.992 -372.751 59.355 -4.09129 0.118928 -1731.44 174.503
27 124.202 4.43024e-08 1103.54 -414.767 60.5848 -3.79034 0.101888 -1710.75 172.939
28 124.036 1.18041e-08 -1865.8 763.01 -110.196 6.95161 -0.144786 -1498.47 159.331
29 133.181 5.36265e-08 -1988.4 791.226 -110.81 6.75139 -0.134751 -1666.81 171.257
30 136.514 6.31983e-10 454.58 -169.712 27.1184 -1.79444 0.0592526 -1597.09 167.812
31 152.77 3.71553e-09 481.905 -167.152 26.9283 -1.8297 0.0609687 -1828.64 185.433
32 45.6232 22.1412 465.623 -157.589 27.1225 -1.86809 0.0617572 -1669.63 179.636
33 71.2652 23.3898 659.207 -190.465 27.7526 -1.64064 0.0505962 -1600.44 178.47
34 42.1132 22.9526 478.573 -159.792 27.1579 -1.85108 0.0611952 -1527.6 169.675
35 43.9164 25.9614 456.703 -150.361 26.9593 -1.8958 0.0627387 -1515.36 169.423
36 11.5017 28.1624 -1142.84 475.753 -63.4344 3.75268 -0.0668274 -1726.35 183.755
37 80.8284 21.0253 -1045.92 456.853 -62.9811 3.8788 -0.0727463 -1592.31 175.869
38 63.6706 25.781 -798.94 403.011 -61.3384 4.20303 -0.0902386 -1353.93 160.327
39 132.286 18.4516 1853.54 -634.462 89.1454 -5.33528 0.131879 -1591.89 177.594
40 87.5334 22.7001 1537.19 -567.706 88.1994 -5.8467 0.15702 -1588.36 176.809
41 79.8715 21.755 -3533.92 1469.44 -214.623 13.8204 -0.31404 -1715.83 184.685
42 83.1472 17.9409 291.89 -107.226 22.8218 -1.75999 0.0621665 -1566.79 171.582
43 68.6599 25.35 424.479 -125.539 23.1803 -1.6451 0.0559059 -1554.24 172.848
44 119.865 20.4052 3298.11 -1245.27 184.788 -11.8551 0.294517 -1629.63 180.096
45 106.024 19.7152 -2238.31 888.576 -119.001 7.05336 -0.13954 -1614.52 178.942
46 151.82 12.5039 -2149.43 864.596 -118.118 7.1968 -0.149331 -1583.31 172.877
47 173.37 12.2643 -1861.35 807.293 -117.031 7.5879 -0.169111 -1642.3 178.18
48 55.9948 24.2468 1939.4 -737.976 112.468 -7.32162 0.189155 -1555.2 171.685
49 90.147 21.2292 1311.86 -489.752 76.9902 -5.10295 0.13851 -1638.83 180.438
50 102.131 20.1761 1472.2 -515.367 77.1451 -4.95108 0.132611 -1495.22 170.782
51 46.6661 28.6642 1561.15 -538.735 77.9316 -4.80249 0.123474 -1435.17 164.672
52 63.6367 24.5996 1169.79 -461.589 76.6599 -5.27856 0.14542 -1708.67 183.721
53 98.2984 20.3147 1314.35 -488.14 76.9512 -5.1349 0.139625 -1558.52 172.385
54 129.016 15.3401 1275.52 -484.904 77.3049 -5.12747 0.13749 -1588.94 175.992
55 70.556 25.2744 1799.67 -587.297 78.9973 -4.56027 0.11205 -1551.49 172.634
56 67.7977 23.9393 1575.81 -546.287 78.5284 -4.84346 0.125775 -1479.91 167.692
57 60.9543 24.0169 -878.646 402.169 -56.5214 3.58694 -0.0686583 -1594.38 178.056
58 62.8539 23.5347 2165.77 -752.237 103.926 -6.12009 0.146947 -1679.77 182.891
59 60.1084 25.1367 2030.06 -724.569 103.55 -6.26483 0.152341 -1596.22 176.433
60 121.947 16.4117 -1965.01 839.74 -120.236 7.58419 -0.160568 -1393.77 161.817
61 91.5653 19.2791 -2166.17 879.44 -120.947 7.34432 -0.149452 -1631.87 178.579
62 127.177 18.9989 -1896.74 821.146 -119.143 7.71238 -0.169912 -1493.47 170.836
63 229.49 4.96464 -2277.58 908.941 -121.576 7.20263 -0.142749 -1534.74 174.753
64 83.441 20.2367 1274.61 -468.905 73.3661 -4.8885 0.133918 -1579.97 173.135
65 52.1769 25.3321 1587.13 -537.229 74.6632 -4.42621 0.110955 -1643.65 177.453
66 26.9752 30.1441 1738.92 -561.847 74.7945 -4.29179 0.106397 -1591.45 175.489
67 49.2283 24.3354 1554.41 -528.919 74.0922 -4.46189 0.114772 -1585.96 173.973
68 34.3014 25.5519 1508.01 -516.912 73.6736 -4.52859 0.118423 -1556.17 171.539
69 59.0152 21.046 3152.61 -1152.58 163.945 -10.1122 0.245331 -1594.82 174.16
70 77.4146 22.5478 3300.2 -1183.16 164.708 -9.89315 0.233047 -1629.84 177.575
71 69.0641 22.28 3238.72 -1172.13 164.393 -9.95885 0.23709 -1707.56 183.431
72 59.1553 21.7806 -2977.56 1217.29 -174.376 11.0408 -0.244382 -1744.4 183.881
73 75.2447 22.4588 -644.244 315.8 -44.9597 2.89789 -0.0536852 -1479.22 167.175
74 61.9403 22.5454 -772.172 341.246 -45.4595 2.7367 -0.0461923 -1563.95 171.98
75 60.6487 24.0015 -426.523 273.161 -44.2152 3.1359 -0.0653024 -1584.28 173.598
76 67.5361 23.0154 -699.817 323.277 -44.6123 2.81515 -0.0502376 -1597.46 177.726
77 89.8166 19.2534 -569.978 299.343 -44.295 2.94641 -0.0579372 -1666.01 178.114
78 89.3162 21.5091 -972.726 384.267 -45.8771 2.47265 -0.0357193 -1584.03 173.716
79 104.535 21.6539 -851.656 360.153 -45.2534 2.59816 -0.04152 -1533.76 171.664
80 68.0394 24.3488 -756.565 341.066 -45.0658 2.70377 -0.0458527 -1456.13 165.263
81 70.3631 22.5302 1368.35 -485.737 71.8902 -4.5042 0.117925 -1673.84 180.912
82 61.2402 22.8471 1493.21 -512.983 72.448 -4.34123 0.110146 -1592.14 174.52
83 108.793 20.3386 1253.97 -453.639 70.9803 -4.68074 0.126902 -1519.53 170.335
84 72.6997 25.4463 -2108.08 919.444 -134.015 8.5703 -0.186315 -1368.67 159.116
85 48.8902 26.4687 3284.47 -1180.33 165.091 -10.0033 0.238805 -1596.92 175.724
86 111.583 21.2141 -1597.44 688.654 -97.7938 6.20625 -0.130492 -1464.5 168.747
87 93.6545 22.2788 2985.3 -1140.63 170.509 -10.938 0.271967 -1602.61 177.981
88 72.0234 21.9489 694.147 -217.255 33.3629 -2.12766 0.0657649 -1632.89 181.245
89 80.1821 22.5154 658.083 -214.567 33.7249 -2.11907 0.0631704 -1736.61 188.981
90 33.2936 27.6691 850.465 -255.118 34.5471 -1.89924 0.0531191 -1503.87 170.689
91 90.0548 27.2708 866.671 -245.012 34.2882 -1.97619 0.0563346 -1528.52 174.728
92 25.917 27.4354 -5571.18 2249.92 -325.746 20.7433 -0.471783 -1362.72 159.948
93 97.3873 24.0183 -5826.05 2321.69 -327.939 20.3094 -0.448319 -1459.42 169.598
94 39.5192 30.255 -5450.58 2230.17 -325.167 20.8147 -0.475172 -1409.37 164.829
95 65.3945 29.7473 -5801.04 2314.51 -327.161 20.3023 -0.448753 -1587.99 182.058
