0 33.2086 43.6798
1 34.7792 69.0833
2 33.531 59.7381
3 33.8873 37.6881
4 32.9602 46.1214
5 33.8196 76.2595
6 34.5582 65.3964
7 33.3561 41.4
8 34.2039 63.6452
9 34.6727 50.8571
10 32.7177 37.656
11 33.2688 42.3929
12 34.3751 72.9321
13 33.6447 47.8857
14 33.3591 56.7
15 34.2138 67.6964
16 33.0586 36.25
17 33.0862 45.675
18 32.5611 48.375
19 32.9984 64.0131
20 32.6716 53.4381
21 33.2735 51.375
22 33.3137 62.625
23 33.1287 73.9095
24 32.7545 49.6107
25 32.68 61.5024
26 32.1668 36.4
27 33.3369 87.0726
28 31.7815 71.95
29 31.694 41.65
30 32.5177 67.006
31 32.5794 64.5
32 35.251 69.6571
33 35.725 19
34 34.8964 45.3821
35 35.8592 45.5738
36 35.6948 26.8202
37 34.3634 41.0095
38 35.5284 59.1333
39 35.4523 17.3857
40 34.4591 36.8119
41 35.1822 60.8905
42 34.6682 42.65
43 34.8802 32.0036
44 33.6872 52.35
45 34.1827 43.55
46 34.1268 44.5524
47 34.4036 26.2369
48 32.6791 59.2393
49 33.6992 37.4702
50 34.4872 57.656
51 34.808 39.7405
52 33.4697 27.825
53 34.5482 62.5429
54 34.2977 41.7679
55 33.7158 33.9155
56 34.049 49.0643
57 34.3973 50.0964
58 34.3974 80.0679
59 34.6137 35.7643
60 33.5937 38.0262
61 32.4467 60.875
62 34.3193 32.0357
63 35.2592 49.7917
64 31.942 43.025
65 33.2013 64.4321
66 32.5943 33.7845
67 32.1564 56.025
68 32.897 48.8036
69 32.708 42.0262
70 33.5835 39.2857
71 31.2659 62.5333
72 31.7217 67.425
73 32.3606 22.15
74 31.4007 63.875
75 32.9685 48.6464
76 31.2751 57.65
77 31.1519 37.575
78 31.9179 67.0952
79 33.1904 33.275
80 31.4585 63.125
81 32.293 55.6464
82 31.7645 25.7738
83 32.2161 52.3214
84 29.96 22.25
85 31.6184 49.725
86 30.648 7.55
87 32.5145 70.269
88 30.6775 71.975
89 30.0756 55
90 32.1228 41.925
91 31.4566 33.8464
92 31.0896 71.069
93 32.1016 46.9571
94 30.5945 44.5238
