0 34.7476 47.7232
1 34.3904 44.9298
2 34.3047 37.5226
3 33.6194 35.0381
4 33.2818 16.9619
5 35.965 40.6964
6 34.3449 28.6262
7 33.9994 29.2964
8 33.5534 32.8048
9 34.8314 44.0571
10 33.6885 21.1881
11 35.1122 26.9464
12 33.6322 42.8536
13 33.9055 39.5595
14 33.6529 65.7619
15 34.2164 45.8631
16 34.0829 42.7845
17 34.0749 52.3952
18 35.023 36.1786
19 34.2623 31.7393
20 34.198 25.3405
21 34.4089 53.4226
22 34.3843 46.6667
23 34.1615 36.1345
24 33.6018 20.7226
25 33.8935 60.1726
26 34.2883 63.0179
27 33.9757 30.1786
28 33.299 31.5881
29 35.4618 55.1101
30 35.1526 51.644
31 35.3978 34.6929
32 36.7135 -34.5238
33 34.5553 -18.6875
34 36.5299 -22.6339
35 37.9431 -39.872
36 35.8508 -26.6071
37 37.3441 -18.8899
38 38.6975 -35.0464
39 37.0553 -32.1292
40 36.3304 -21.8423
41 37.2717 -17.1964
42 36.663 -5.67262
43 35.9998 -12.7202
44 36.2777 -10.2911
45 37.5061 -22.3655
46 36.9894 -35.8036
47 36.0106 -20.1458
48 35.5002 -24.4702
49 34.392 -25.4821
50 34.7056 -33.0571
51 36.2183 -7.36429
52 35.9356 -16.5798
53 38.5398 -34.8048
54 35.7835 -28.4196
55 36.4742 -21.4911
56 36.5545 -20.4643
57 34.826 -16.1786
58 35.4685 -12.4095
59 36.172 -39.3006
60 36.4434 -2.47262
61 37.1729 -25.5774
62 36.6202 -29.444
63 36.2086 -39.6161
64 38.6266 37.9238
65 37.9611 46.3625
66 37.7032 36.356
67 38.1189 17.7667
68 37.3086 40.9196
69 37.4667 49.2798
70 37.6433 46.1253
71 36.8919 23.1196
72 38.3503 38.3196
73 37.7837 48.3
74 37.1693 57.1071
75 37.945 59.1411
76 37.2942 17.8429
77 37.7857 16.2363
78 38.5639 31.6321
79 38.0309 36.1143
80 38.4541 31.2054
81 29.0985 43.3679
82 39.6601 43.2752
83 38.7548 27.6228
84 38.1703 57.2798
85 39.4074 25.1141
86 37.4255 43.6917
87 36.52 49.0827
88 36.8851 9.81607
89 36.798 23.1893
90 38.2218 37.5679
91 38.2687 52.9637
92 38.618 25.803
93 37.8239 37.4524
94 39.4179 30.3321
