0 32.3125 77.7
1 33.0862 96.0321
2 33.1264 60.575
3 32.8442 50.6571
4 33.304 47.294
5 34.2741 72.6
6 32.5432 77.95
7 33.1489 68.95
8 33.4562 59.825
9 32.7556 73.3
10 31.6511 77.2
11 32.3993 85.875
12 32.5071 65.2
13 32.4715 65.9
14 32.5539 64.275
15 32.5666 35.6
16 26.3873 63.662
17 32.7581 64.2881
18 31.8318 88.4
19 32.9472 47.325
20 30.6474 46.325
21 31.8126 63.6048
22 31.1196 82.8
23 31.4425 39.525
24 30.7101 68.725
25 31.7206 39.65
26 32.0233 53.1
27 31.6734 42.025
28 30.8439 45.8
29 30.7929 39.3
30 32.9926 98.225
31 31.5497 35.075
32 33.4945 29.725
33 32.8567 33.4
34 33.7062 58.275
35 33.5323 22.425
36 33.035 10.45
37 32.8507 36.375
38 32.8024 56.1
39 32.5392 36.325
40 32.6124 36.5
41 32.4047 24.375
42 33.7235 46.05
43 33.6357 34.25
44 33.1868 17.375
45 32.3442 25.225
46 32.0426 29.5
47 32.4039 22.8
48 31.5452 47.85
49 31.6014 15.375
50 33.1192 63.675
51 30.6455 43.75
52 31.7249 23
53 32.4555 47.8
54 32.9238 3.8
55 32.3211 54.875
56 31.7759 16.525
57 30.8048 -16.675
58 31.1475 0.475
59 31.6402 -10.7
60 31.7249 49.8
61 31.9046 31.65
62 30.4499 4.475
63 31.0657 13
64 31.8043 34.875
65 31.3926 27.1
66 33.0415 33.6
67 31.4762 54.675
68 31.9559 39.775
69 31.815 12.175
70 31.8869 6.2
71 31.3603 50.4
72 32.435 63.425
73 31.1496 27.35
74 31.568 -4.625
75 31.4587 13.075
76 32.5275 19.3
77 31.3013 46.95
78 31.8303 60.55
79 32.1999 29.575
80 31.0824 31.025
81 30.4434 -7.475
82 31.4374 31.65
83 32.5338 42.525
84 31.2608 37.325
85 30.7084 41.1
86 30.7822 11.225
87 31.9943 34.125
88 32.0673 18.825
89 30.8864 22.725
90 31.8561 2.5
91 31.6871 20
92 31.5158 16.175
93 31.7768 -21.225
94 32.5081 48.625
