0 35.3168 10.7226
1 36.6961 30.2762
2 36.2137 0.533929
3 35.9815 -3.13631
4 36.4526 8.69702
5 35.1438 27.9762
6 36.2845 41.928
7 36.5016 51.2298
8 35.2063 10.8548
9 34.4577 24.0637
10 36.0425 23.031
11 35.2872 12.3595
12 35.3043 27.0024
13 34.1595 11.2964
14 34.5235 14.125
15 35.3617 25.1429
16 35.8331 21.5048
17 36.7921 24.5512
18 36.1391 43.9167
19 36.5851 28.4881
20 35.7786 16.3071
21 36.2076 15.831
22 34.2852 13.8881
23 35.7516 46.4595
24 35.3866 34.7071
25 34.6833 -1.49405
26 35.4367 44.9917
27 34.7548 31.45
28 34.9322 21.25
29 35.6809 39.056
30 34.8134 19.4
31 35.3515 6.00595
32 36.9221 -24.5667
33 37.4134 -15.2083
34 36.8217 -35.6512
35 38.0207 -33.9095
36 36.2759 -30.65
37 35.9035 -42
38 37.2058 -30.775
39 37.2319 -33.6143
40 37.837 -8.95833
41 36.4732 -20.075
42 36.5891 -28.8405
43 37.1968 -27.4036
44 36.2944 -8.89405
45 37.1496 -20.381
46 35.852 -45.9
47 36.97 -5.89762
48 36.3769 -22.7131
49 36.3728 -15.1357
50 36.5187 -10.7619
51 36.4511 -6.075
52 35.3831 -51.85
53 35.1816 -26.6548
54 36.2956 -61.9167
55 35.071 -37.45
56 36.2338 2.12857
57 34.8786 -42.975
58 37.0382 -28.2452
59 36.7236 -18.1881
60 35.921 -60.5071
61 36.52 -26.1905
62 36.7509 -25.1667
63 37.229 -2.75774
64 37.0087 10.4667
65 37.2565 38.6292
66 37.0023 63.5125
67 38.5288 19.5548
68 37.948 59.7625
69 37.0097 24.4125
70 38.0651 45.5857
71 37.3363 43.5613
72 37.2601 50.4113
73 37.3328 38.9369
74 36.3161 34.0202
75 37.6069 58.6107
76 37.97 33.3792
77 36.6547 60.4351
78 35.9574 52.653
79 36.5703 40.0232
80 37.0223 45.8536
81 37.0778 39.2143
82 36.3864 20.3708
83 36.0197 53.7714
84 35.8851 48.2625
85 34.9003 59.4065
86 35.7076 42.2036
87 36.5052 45.5744
88 36.1612 15.5893
89 37.3407 36.8143
90 37.4612 28.469
91 36.6444 57.1232
92 37.5836 48.0518
93 37.4428 22.9131
94 36.2134 57.6083
