0 34.4216 -0.92619
1 33.8754 -2.25
2 33.8786 24.375
3 33.3414 -21.8
4 33.202 9.025
5 32.3931 9.125
6 33.3915 12.55
7 32.3886 17.275
8 33.2559 7.475
9 34.4291 27.225
10 31.7304 1.225
11 34.0782 24.375
12 32.0833 24.9
13 32.0424 31.225
14 32.3663 29.625
15 32.5203 -11.25
16 33.2868 37.525
17 33.759 13.65
18 32.3671 33.2
19 32.9191 18.725
20 31.6475 8.125
21 31.8364 -10.3
22 31.9337 -5.7
23 33.8921 8.44405
24 32.6083 39.75
25 32.3149 -34.2
26 32.037 37.975
27 32.5036 14.6
28 33.3086 31.075
29 31.6125 27
30 31.6552 46.75
31 31.8334 9.375
32 33.6428 30.825
33 33.3754 31.275
34 34.6258 24.9857
35 33.7539 30.55
36 32.4806 28.625
37 33.1172 20.8
38 33.0128 33.425
39 32.6358 22.5
40 33.3611 30.075
41 32.7705 20.675
42 33.1701 10.025
43 33.3905 20.8
44 33.7546 11.05
45 33.6323 54.5083
46 33.5259 30.475
47 32.6775 53.6286
48 31.6328 14.3
49 32.0559 12.7
50 32.6546 25.8
51 32.3912 39.4
52 31.7837 34
53 31.6969 41.3
54 31.8129 45.7
55 33.2233 53.2
56 32.1036 25.6
57 32.0121 40.975
58 31.1385 4.05
59 32.0258 9.4
60 32.6724 9.05
61 31.1865 52.35
62 33.3191 32.475
63 31.9261 -1.475
64 32.1089 25.25
65 32.3716 -16.875
66 32.2734 7.7
67 31.6959 -9.225
68 31.9344 -18.55
69 32.768 6.225
70 31.9938 12.5
71 32.0513 19.525
72 32.0094 21.025
73 31.7844 1.75
74 31.4518 -19.225
75 31.7804 5.75
76 31.4524 20
77 33.0378 -3.7
78 30.6913 7.175
79 32.0635 7.075
80 30.8395 4.175
81 31.5956 10.225
82 31.2989 20.175
83 31.9196 -6.75
84 31.1558 7.75
85 31.8347 35.975
86 29.3873 12.05
87 30.7726 -20.975
88 30.8173 -2.4
89 30.3558 -29.4
90 30.4853 -6.675
91 30.6377 -17.225
92 29.9486 -12.65
93 30.0002 -38.025
94 30.9283 -40.3
