0 36.042 -20.9155
1 36.6937 -22.9881
2 36.1551 -21.4262
3 35.9722 -4.54048
4 34.7308 -10.7881
5 36.4489 3.68095
6 35.5366 -38.9536
7 35.6479 -2.70714
8 35.0719 -60.7
9 34.529 -25.7869
10 34.4368 -14.4929
11 34.7247 1.71548
12 34.7685 13.5048
13 35.0654 -18.719
14 34.0623 -13.4738
15 33.1524 -42.225
16 33.8857 -18.7429
17 35.4443 -24.2952
18 33.9053 -24.5583
19 34.189 -13.7012
20 34.9622 -8.08214
21 34.6993 -7.43095
22 35.6505 -20.3506
23 32.8117 7.39286
24 34.1698 -9.35
25 34.5644 2.8381
26 35.4283 -25.5786
27 32.658 -7.66071
28 33.0893 3.24167
29 35.4759 -15.2571
30 33.8002 -14.5988
31 34.7478 -11.1476
32 33.9095 14.9964
33 34.2305 20.4417
34 33.4392 22.45
35 33.709 21.031
36 33.8057 28.5369
37 33.2588 35.0214
38 33.6832 19.8774
39 32.7407 22.45
40 33.4703 1.32024
41 33.0561 24.65
42 33.0057 35.6964
43 33.3544 16.3464
44 32.5732 12.675
45 33.3564 39.8369
46 34.2659 15.3226
47 33.0295 40.7524
48 33.7944 20.9512
49 33.2344 16.475
50 33.648 35.0905
51 32.5601 15.0262
52 32.5575 7.85833
53 33.8903 30.3
54 34.3733 -0.866667
55 32.6828 23.1333
56 32.6636 39.9774
57 32.141 36
58 33.0049 33.725
59 32.3566 10.025
60 32.9779 10.7048
61 32.5371 18.6607
62 33.5298 20.119
63 32.9809 21.0964
64 33.9061 38.025
65 34.0834 36.006
66 35.4496 52.1345
67 34.6086 43.5976
68 36.0555 26.4333
69 33.8102 38.056
70 34.4405 46.5286
71 34.5422 50.5893
72 33.9697 30.394
73 33.6387 61.0012
74 34.3648 63.7476
75 35.7384 56.6702
76 33.9758 50.8298
77 34.2655 48.2714
78 35.4307 47.15
79 34.79 37.4821
80 34.8427 49.9976
81 34.3921 35.3762
82 35.4275 48.7702
83 33.4136 62.5155
84 33.9937 54.1274
85 33.9365 17.9417
86 34.0867 63.1155
87 33.5639 64.8452
88 34.2652 48.7429
89 33.4719 21.3762
90 34.5608 55.3071
91 33.909 52.7571
92 35.0858 52.9738
93 33.9246 29.181
94 33.6068 72.8869
