0 35.6609 49.0839
1 36.4531 57.8274
2 36.2346 22.6149
3 35.1315 28.969
4 35.6336 62.1524
5 35.3045 56.8363
6 36.4815 47.6238
7 37.542 37.9
8 36.8823 69.6607
9 36.643 71.5202
10 35.8 76.8095
11 35.3955 33.8333
12 36.1986 33.6429
13 36.2944 34.4119
14 35.9146 58.031
15 35.2525 46.6167
16 34.5762 61.0881
17 36.2815 49.3786
18 34.6661 41.0441
19 36.7959 71.0827
20 34.842 53.8524
21 36.3604 13.8155
22 35.415 14.6024
23 35.8308 12.4
24 35.0055 44.0929
25 35.154 48.919
26 35.4272 57.4976
27 35.5485 50.6994
28 36.8655 49.6869
29 36.532 55.9958
30 35.2827 38.3714
31 36.6214 40.5935
32 36.9704 -55.675
33 37.6708 -5.94464
34 36.6798 -67.125
35 37.7908 -49.6976
36 38.0192 -54.2405
37 37.0423 -47.081
38 37.7394 -55.206
39 37.5676 -35.1095
40 36.3769 -69.35
41 38.712 -61.5762
42 37.3597 -42.5917
43 38.5582 -60.4786
44 38.5313 -29.2601
45 35.8069 -49.7679
46 36.8342 -42.4738
47 39.1406 -39.3262
48 36.398 -70.3
49 38.1152 -42.0643
50 36.9141 -66.825
51 35.925 -58.9
52 35.6989 -22.1762
53 37.0247 -16.8149
54 35.7347 -46.125
55 38.4409 -11.5804
56 37.1796 -29.8393
57 37.5124 -43.9762
58 35.7651 -44.2786
59 36.4784 -43.9786
60 36.9258 -61.725
61 36.2154 -44.9107
62 37.2296 -55.8738
63 37.734 -32.1786
64 35.873 36.281
65 36.3593 34.4036
66 34.1473 8.67619
67 37.5977 22.4024
68 35.9688 28.375
69 36.5316 -13.3643
70 37.2748 35.719
71 35.4518 -0.625
72 37.0281 26.1571
73 35.4 34.6821
74 36.7945 1.06429
75 35.7503 40.5262
76 36.9698 11.7732
77 37.1774 19.9357
78 34.9456 40.3905
79 35.5834 0.5
80 36.7983 5.5381
81 36.6783 22.2238
82 33.9372 7.35
83 34.7798 26.4452
84 34.0215 7.275
85 35.0964 18.5786
86 35.7142 24.2905
87 35.2801 3.96071
88 34.5862 8.06667
89 33.0438 14.775
90 34.6302 5.87382
91 36.0436 22.8298
92 33.598 15.15
93 33.1711 21.6226
94 33.3039 14.5905
