0 34.461 72.5905
1 33.1938 55.6762
2 34.6249 63.0857
3 33.9607 90.5095
4 30.9879 114.619
5 33.9436 62.0119
6 34.7955 89.7238
7 35.0154 107.402
8 35.1128 82.5369
9 33.5466 83.5071
10 34.2193 54.1357
11 34.195 53.3821
12 34.3588 85.6536
13 34.3195 79.781
14 32.8646 76.0917
15 34.3372 97.1905
16 33.1976 70.1988
17 33.8595 72.8821
18 34.8854 86.431
19 34.3423 98.6202
20 31.8407 75.0405
21 31.2828 70.6905
22 32.1795 84.369
23 34.2045 128.085
24 33.7583 89.4381
25 34.9495 84.825
26 35.2804 107.086
27 34.6426 84.4536
28 34.5733 91.9119
29 34.7553 114.988
30 34.2704 70.3167
31 34.7625 107.936
32 33.3976 -18.8857
33 33.8838 -30.6929
34 33.2963 -2.6619
35 32.456 -52.4
36 33.2254 -26.244
37 32.7215 -25.1893
38 32.2138 -22.5655
39 32.832 -30.5571
40 33.2095 -47.9286
41 32.6446 -31.7381
42 32.8767 -54.4571
43 32.455 -22.6845
44 32.5163 -43.4321
45 33.3324 -34.306
46 32.0265 -52.3155
47 31.7534 -31.2262
48 33.4631 -22.0631
49 32.6902 -38.7131
50 32.282 -19.6738
51 32.3052 -0.357143
52 32.5 -31.3524
53 34.0526 -28.5202
54 31.1035 -49.375
55 31.3488 -1.90119
56 33.7708 -48.3286
57 35.0594 -32.2833
58 34.3379 -14.2095
59 32.5146 -8.09405
60 35.2 -23.7179
61 35.1458 -13.1214
62 34.0526 -51.3929
63 35.1173 -26.0048
