0 34.7437 47.3119
1 34.0794 49.9917
2 34.0443 18.0179
3 36.6163 52.5286
4 35.5054 39.0524
5 34.3878 44.2107
6 35.1074 55.8738
7 35.0984 34.3976
8 34.7412 38.7964
9 34.984 53.2798
10 35.0123 46.6119
11 35.7564 40.0536
12 33.5269 49.5
13 35.6674 56.15
14 33.9285 42.0476
15 35.697 33.519
16 35.0509 23.794
17 34.885 30.2167
18 35.33 62.9381
19 34.7528 45.4298
20 33.5748 42.1345
21 33.2952 54.5405
22 33.5272 48.6369
23 33.0755 60.0476
24 32.6852 20.8786
25 33.2425 29.4452
26 32.9348 20.475
27 33.7395 22.6071
28 32.1355 44.325
29 33.3147 42.75
30 33.2156 17.4
31 34.0515 40.7798
32 34.9315 26.7464
33 35.526 86.6048
34 34.7028 25.55
35 33.9747 54.025
36 34.524 41.7071
37 35.3143 47.45
38 34.7685 39.2815
39 34.6525 63.4714
40 35.4328 42.594
41 36.1654 59.0667
42 35.1084 50.6905
43 35.5254 58.3155
44 33.9979 58.5119
45 34.6978 54.6048
46 34.492 61.8488
47 34.3782 50.5798
48 33.8091 45.6798
49 35.0607 52.2869
50 34.134 49.3524
51 33.8532 32.9893
52 33.5601 57.6107
53 35.2742 52.3345
54 35.0918 56.9583
55 35.4734 38.744
56 35.0072 46.3833
57 34.1942 40.4143
58 34.707 63.8417
59 35.1271 48.3036
60 33.6101 29.6393
61 33.2848 58.6452
62 32.7871 53.4429
63 35.9146 41.7036
64 34.7955 31.356
65 34.9944 25.3857
66 35.35 25.1583
67 34.7948 15.544
68 37.0498 18.7929
69 36.5942 41.1405
70 35.4853 9.71429
71 35.406 22.0964
72 35.1264 13.9762
73 35.362 36.0321
74 34.6513 16.0798
75 34.1949 21.1405
76 35.2453 37.7333
77 34.8939 41.2345
78 34.9911 21.0881
79 35.4533 19.9054
80 34.2277 -4.35
81 35.0722 21.8369
82 33.8868 3.3
83 34.8173 25.3119
84 34.5675 41.7071
85 33.8465 27.4417
86 34.0869 35.4429
87 33.753 45.25
88 35.3465 30.6643
89 33.5805 19.9345
90 34.1108 8.63452
91 34.0549 1.00119
92 33.1537 30.7
93 33.447 18.9369
94 32.9404 8.1369
