0 33.1703 23.3
1 35.0745 45.375
2 33.9256 53.025
3 33.8083 46.5333
4 34.1993 54.7226
5 33.3303 27.0952
6 34.0078 44.4345
7 34.7318 37.2143
8 33.3889 51.9286
9 34.328 32.2893
10 33.7536 55.4036
11 35.546 41.8
12 34.6653 28.4667
13 32.2987 35.775
14 35.6361 44.3417
15 34.7189 66.819
16 33.9856 63.3345
17 35.6479 67.9762
18 33.568 60.7202
19 34.2805 60.1119
20 33.1727 59.8
21 34.9385 49.2214
22 33.249 33.1798
23 34.1969 43.0262
24 33.5427 36.5345
25 34.0458 49.706
26 34.1044 31.181
27 33.836 41.9548
28 33.8492 72.3
29 34.6174 27.4607
30 34.2061 65.5643
31 33.5227 62.3917
32 34.937 15.6964
33 34.8505 44.7833
34 35.3538 46.3607
35 34.383 19.9286
36 35.1454 25.2655
37 35.3204 36.0833
38 35.8654 35.2048
39 35.5452 49.1
40 34.3676 44.6929
41 34.7596 38.1274
42 34.3574 50.8
43 35.5612 37.3238
44 34.9132 30.3833
45 35.9588 33.7226
46 35.1618 26.8726
47 34.7465 59.3619
48 34.972 47.2976
49 35.4733 45.4571
50 35.2927 65.1024
51 34.9507 73.6762
52 35.5283 19.2024
53 34.8082 29.2345
54 34.2556 27.4524
55 36.1276 38.2571
56 34.6644 42.0952
57 34.8198 46.1786
58 34.1838 32.7
59 35.6951 31.4238
60 33.0816 39.8381
61 34.8663 42.6036
62 35.6753 37.344
63 35.0133 45.6702
64 36.0594 -18.2595
65 35.8314 -0.829762
66 36.5619 -32.7964
67 37.4174 -30.4952
68 37.0932 -32.0571
69 36.8581 -21.9917
70 36.8339 -34.9548
71 35.9627 -30.5833
72 35.4747 -42.3214
73 37.2126 -32.8619
74 36.1119 -35.0679
75 36.2569 -35.1143
76 37.2528 -19.4238
77 36.3834 -27.9833
78 36.3316 -28.9238
79 36.0362 -13.5595
80 36.661 -34.2405
81 35.4799 -49.481
82 36.9911 -25.5095
83 38.1042 -27.019
84 36.7685 -37.7357
85 35.5348 -22.1417
86 35.2255 -12.444
87 36.4673 -33.9798
88 36.221 -13.9833
89 36.532 -23.1905
90 35.8636 -35.5071
91 37.1442 -14.6179
92 36.428 -25.1881
93 35.5859 -19.9452
94 34.748 -37.3214
