0 33.8118 46.1488
1 33.6447 36.2655
2 33.6445 8.60476
3 33.1931 55.4202
4 33.7736 59.2214
5 34.7259 47.1786
6 33.6445 69.6381
7 33.6069 31.406
8 33.6885 51.8536
9 34.3432 43.147
10 33.6405 52.6357
11 33.8884 50.4869
12 33.2435 34.5774
13 33.3239 43.8667
14 32.9197 22.4321
15 33.896 36.0333
16 34.3075 46.6429
17 33.9135 33.5714
18 32.0664 48.9655
19 32.9689 44.481
20 33.2102 40.444
21 33.1368 39.4238
22 32.8788 28.6381
23 33.9377 30.8631
24 31.4826 45.4524
25 33.6851 51.7048
26 32.6891 36.6095
27 32.4873 44.7619
28 33.032 53.1167
29 33.9113 48.2464
30 33.1143 40.5274
31 32.7561 53.3726
32 35.2698 -25.175
33 35.4619 3.43929
34 34.2009 2.62143
35 36.263 10.3917
36 34.3242 -7.66905
37 35.9771 6.4619
38 34.5601 4.7119
39 34.8182 23.681
40 34.9844 -12.1321
41 35.9901 2.55833
42 34.7716 -9.8369
43 33.96 -18.6964
44 35.3821 0.35119
45 34.6821 -28.5512
46 34.7457 -9.56429
47 34.8183 2.5
48 33.6382 37.7024
49 35.2412 -10.4298
50 34.2647 -18.2155
51 33.3385 3.87857
52 32.656 -35.4524
53 34.406 29.8286
54 35.4018 -15.4143
55 34.2818 -3.98214
56 32.9874 0.929762
57 33.7795 29.5417
58 34.3 -39.2714
59 33.1115 20.9071
60 34.2017 -10.8643
61 34.3426 14.069
62 33.808 -0.469048
63 33.5489 -10.0619
64 32.6497 105.15
65 33.7334 103.748
66 33.8604 60.1929
67 34.4032 80.8893
68 33.3857 108.511
69 33.9903 107.651
70 34.3361 93.8893
71 33.647 90.2143
72 35.377 93.2417
73 33.2317 96.5393
74 33.0106 77.9667
75 34.4678 92.0167
76 34.0647 81.7774
77 33.9873 76.9917
78 34.4392 94.2107
79 34.6501 77.281
80 34.7967 105.205
81 33.9078 104.111
82 33.8853 121.079
83 33.871 88.7179
84 32.5032 86.6095
85 33.9998 73.1107
86 34.0685 82.9048
87 34.3628 85.6476
88 33.7324 101.515
89 33.3308 88.6619
90 33.5442 71.1964
91 33.1418 73.5595
92 32.8022 81.8036
93 32.0049 92.369
94 34.0223 101.646
