0 33.2969 27.1
1 32.5004 8.74643
2 33.9537 11.9464
3 34.2478 23.1964
4 33.808 16.7333
5 34.356 12.3929
6 33.0536 14.6833
7 32.8815 35.6071
8 31.8839 16.725
9 31.9593 16.9821
10 33.8733 42.975
11 34.3477 12.9798
12 31.9703 3.425
13 32.6528 9.70595
14 33.3138 17.3131
15 33.3534 9.95
16 32.8973 40.9024
17 31.6754 20.9536
18 33.1467 10.844
19 34.3931 33.7286
20 31.9424 7.44643
21 32.4062 32.7417
22 33.8796 40.431
23 32.2691 10.9155
24 33.2883 25.875
25 32.0672 4.75952
26 33.8048 9.6381
27 33.1939 42.381
28 33.6052 28.3321
29 33.1827 26.4119
30 34.357 14.4631
31 33.7699 34.044
32 32.5344 43.8702
33 32.7708 38.8893
34 33.166 72.5571
35 33.7953 40.55
36 33.1617 55.0714
37 32.3829 67.9452
38 32.8271 54.675
39 32.9922 40.581
40 30.9437 64.125
41 31.6371 58.2
42 32.8913 90.6095
43 32.3162 64.925
44 30.7109 50.975
45 31.7285 69.3095
46 33.4158 57.5548
47 31.3572 70.25
48 30.543 49.675
49 30.6277 29.5
50 32.9324 42.6071
51 32.8335 69.9321
52 31.8438 65.5048
53 31.5544 56.7
54 32.3599 48.6155
55 31.7069 24.35
56 31.7138 62.1179
57 31.0053 45.3607
58 31.7355 55.0988
59 32.7173 57.3464
60 30.9274 49.4
61 31.3228 44.0381
62 31.4137 55.5381
63 32.2274 65.1357
64 33.3163 -1.22976
65 32.0321 -51.45
66 33.344 -14.225
67 33.3859 4.69643
68 33.0757 12.775
69 32.4995 -12.075
70 33.7376 -5.82619
71 32.7097 -4.65
72 32.5815 -4.4
73 32.674 -5.44405
74 33.6825 12.4893
75 32.7624 -9.725
76 30.9066 -25.075
77 31.9808 -5.025
78 33.3139 -11.0952
79 32.2647 -14.6
80 32.1535 -5.075
81 32.1403 0.125
82 32.5051 -13.3
83 33.4041 22.1857
84 32.3529 -9.4
85 32.6107 2.29881
86 32.8425 -6.32976
87 34.1528 9.05
88 32.9106 -15.45
89 32.2931 -7.77381
90 33.7293 9.64286
91 34.084 16.8833
92 33.4637 -31.9619
93 34.333 17.3714
94 33.3035 26.656
95 34.6062 -6.99286
