0 34.6148 36.7286
1 34.8561 28.119
2 34.315 17.8917
3 34.4944 28.3833
4 33.7952 53.2333
5 35.7386 5.79167
6 35.6354 16.3357
7 34.5377 28.6964
8 33.9625 36.3738
9 35.5211 36.0643
10 34.915 35.9274
11 35.2988 25.5452
12 33.5935 22.325
13 35.359 20.4155
14 34.3118 23.3429
15 34.8309 9.83095
16 35.036 3.45
17 34.5226 44.0131
18 34.8343 35.25
19 34.3741 23.481
20 33.8871 25.775
21 34.3939 14.525
22 34.4554 19.8333
23 34.173 31.3536
24 32.9564 27.475
25 33.4129 31.9
26 34.6857 38.9881
27 35.2472 21.0143
28 34.1546 -13.6
29 35.479 12.8976
30 33.8622 28.3595
31 35.387 24.6476
32 34.5696 -2.29762
33 36.6565 30.9524
34 35.2359 4.36548
35 35.2801 9.95833
36 35.3576 15.231
37 35.3389 20.019
38 34.234 -8.33929
39 34.213 17.8905
40 34.821 37.5119
41 35.6546 -4.23452
42 33.6107 -26.2024
43 34.9059 20.0607
44 35.8058 7.57976
45 35.0008 4.9119
46 34.945 9.17262
47 25.8706 -20.6881
48 34.9187 24.2262
49 34.6423 27.4
50 34.7899 33.2167
51 35.5223 18.1083
52 34.3683 -0.884524
53 34.3449 7.65952
54 33.98 8.65714
55 35.0905 34.4298
56 34.6989 -1.28095
57 32.9541 -20.4821
58 33.2186 5.41786
59 35.0549 -1.37857
60 33.3555 7.05595
61 35.2887 0.632143
62 35.7074 -0.339286
63 34.3772 -4.98333
64 35.5734 -57.0762
65 37.6139 -42.6143
66 35.6937 -69.275
67 36.3253 -45.0274
68 37.3955 -39.1
69 36.9031 -57.1655
70 36.8417 -44.7738
71 36.6143 -35.2881
72 35.8402 -29.7643
73 36.6495 -53.8464
74 36.807 -56.019
75 36.4902 -42.1357
76 36.0135 -25.2964
77 36.7738 -38.3345
78 34.9598 -69.05
79 36.7776 -55.8167
80 34.9708 -39.3524
81 34.5094 -71.619
82 36.5606 -13.5833
83 35.6973 -45.9821
84 35.0866 -44.6679
85 36.8911 -32.4917
86 35.8584 -60.9214
87 34.7006 -25.9762
88 35.6614 -38.4619
89 36.4099 -53.231
90 35.3686 -47.5321
91 35.7063 -47.8595
92 33.9918 -33.5048
93 35.47 -66.9952
94 36.0576 -58.4
