0 34.8308 28.3333
1 36.0099 35.1893
2 35.2306 14.5976
3 35.7267 -0.602381
4 35.5911 43.4238
5 33.4841 23.9429
6 36.2202 15.7571
7 35.9955 33.0631
8 35.112 45.2667
9 37.0394 40.4286
10 36.1859 28.8214
11 35.3339 30.2976
12 36.0793 18.0357
13 36.1753 40.4857
14 36.4465 43.1381
15 37.5323 2.51071
16 35.4791 20.1714
17 35.4871 -4.23929
18 36.8823 20.9952
19 36.2801 19.3893
20 36.4686 62.7976
21 35.6202 38.9429
22 36.2386 43.4857
23 36.2513 44.4613
24 35.3752 6.51786
25 36.4469 7.89286
26 37.2488 39.5845
27 37.1233 41.7155
28 37.1746 66.6857
29 35.8544 31.025
30 37.2896 37.856
31 36.2003 17.0619
32 36.7163 -6.90357
33 37.6084 -19.2429
34 39.6526 -8.14524
35 38.4193 7.4881
36 36.8958 -9.74762
37 37.3061 16.7
38 37.8665 26.5143
39 37.9011 -6.0631
40 36.5928 -24.9619
41 36.7255 11.875
42 36.6169 11.0655
43 37.667 4.67857
44 35.8038 5.88095
45 36.4995 -1.3119
46 37.1426 -20.2964
47 36.3593 -5.93571
48 35.3645 13.8143
49 34.3849 -17.2286
50 35.1675 3.22976
51 37.2345 -24.4786
52 35.256 3.84762
53 35.6575 -5.9619
54 35.4119 5.87976
55 35.4525 -26.0714
56 34.4701 -11.9083
57 34.1222 20.7333
58 35.1874 31.2048
59 35.1633 -24.4619
60 33.9048 -3.05
61 33.3072 -31.9452
62 32.3193 -13.0917
63 32.9154 3.19167
