0 35.2434 -5.15
1 34.0481 -18.5536
2 35.1937 4.40238
3 34.9924 -23.4429
4 34.9405 8.30357
5 34.9145 -17.6226
6 34.7652 17.8274
7 36.1596 17.7488
8 34.9658 -25.725
9 36.5266 -12.9786
10 34.2726 -9.98571
11 34.2682 -8.26071
12 34.8278 21.0286
13 34.8368 0.80119
14 34.9991 -30.65
15 34.4896 -1.79405
16 34.5521 17.3976
17 36.2716 -6.81071
18 35.6748 -25.0571
19 35.3506 -15.3952
20 33.9652 12.725
21 34.3875 22
22 34.8114 2.575
23 33.9839 -9.33452
24 35.097 13.6333
25 34.0421 -17.3595
26 34.3319 -9.09405
27 34.5692 -8.97619
28 33.642 -15.85
29 33.9789 2.51071
30 33.6523 -19.0202
31 32.9112 -19.3869
32 35.2251 72.125
33 34.3758 40.025
34 35.0818 35.9071
35 34.9143 42.1381
36 34.5187 49.481
37 34.715 55.2702
38 33.3977 44.125
39 34.5933 43.9119
40 34.5405 41.9857
41 33.8932 52.8095
42 33.8909 42.75
43 34.5419 65.031
44 34.0262 50.0202
45 35.1112 18.25
46 33.1882 50.575
47 34.3124 48.306
48 33.5009 55.106
49 32.9555 69.1893
50 32.4811 61.375
51 32.7399 45.55
52 32.575 69.775
53 33.025 52.925
54 32.013 64
55 32.6744 37.8155
56 33.3422 36.9655
57 33.0659 67.3988
58 32.6276 48.0774
59 33.5381 45.2131
60 33.1429 55.6
61 33.4422 43.3643
62 33.1148 48.2929
63 32.6957 68.8119
64 34.6148 51.9512
65 33.5054 38.075
66 34.7451 42.6155
67 35.9532 10.9714
68 35.2266 48.8917
69 33.8952 14.8738
70 34.3658 34.5964
71 34.8037 53.6524
72 34.6482 48.0667
73 34.1699 54.2798
74 33.3276 52.6655
75 34.9995 62.725
76 33.607 43.7262
77 33.6205 35.725
78 33.8497 54.4869
79 33.3581 33.6619
80 32.7652 42.3
81 33.4107 37.1417
82 33.528 17.6202
83 33.3723 34.8667
84 32.9815 32.6595
85 31.8574 38.2964
86 33.1571 31.3179
87 33.7926 67.4488
88 31.8191 26.0119
89 32.4325 35.95
90 32.5041 44.9476
91 33.1532 78.575
92 32.6758 26.325
93 31.2309 42.3
94 33.2394 45.6357
