0 35.3468 26.0857
1 34.6082 58.0286
2 34.969 46.9381
3 35.5036 21.8536
4 33.7411 46.2417
5 34.4569 26.3548
6 35.6903 50.85
7 34.6107 39.2619
8 33.3686 60.1833
9 33.7642 41.9036
10 35.0243 62.331
11 34.9374 36.5702
12 32.5351 3.05
13 34.3443 83.4286
14 33.6077 23.4024
15 35.0046 53.619
16 33.579 56.5643
17 34.2863 47.1929
18 34.311 59.8405
19 34.7807 19.7012
20 35.1464 37.25
21 35.9506 54.5452
22 34.8528 39.019
23 34.9709 51.3964
24 35.0643 52.3167
25 35.8092 40.9964
26 36.4448 64.6929
27 34.9194 55.4119
28 35.3493 43.7952
29 33.9895 26.3155
30 35.5675 61.1798
31 34.2374 67.2655
32 31.7249 37.319
33 32.2806 44.556
34 31.5398 35.6238
35 31.9434 31.175
36 31.1082 9.85
37 30.699 5.34405
38 29.637 22.7488
39 30.744 40.3
40 31.3817 12.15
41 31.0597 34.2524
42 30.502 14.8
43 31.0409 2.12619
44 31.2197 34.2738
45 22.5109 72
46 30.4649 21.625
47 29.7503 46.05
48 30.937 24.444
49 30.9152 19.5619
50 31.9424 42.7
51 29.9015 33.25
52 30.0137 22.4
53 31.3347 47
54 30.2993 46.85
55 30.6006 -0.15
56 32.3775 16.8405
57 32.6837 46.4738
58 31.0903 28.9179
59 31.2728 35.3952
60 33.4701 14.8131
61 34.1034 16.7619
62 33.3466 32.1119
63 33.7377 49.175
