0 35.6016 -27.375
1 35.4652 -30.2762
2 35.1015 -31.275
3 36.14 -39.7012
4 35.6329 -10.7292
5 34.7614 -20.2929
6 36.2477 -24.9548
7 35.1855 -30.6262
8 33.6828 -25.4452
9 35.1871 -36.8905
10 35.1395 -36.8226
11 34.9465 -44.7881
12 34.3884 -40.6845
13 34.5562 -18.8202
14 36.26 -7.51786
15 35.2217 -17.4464
16 33.6398 -27.131
17 34.5281 4.42262
18 34.7447 -14.7179
19 34.5787 -43.4012
20 33.5445 -12.081
21 34.8591 -23.5369
22 34.1425 -37.4333
23 34.1085 -25.7214
24 34.3298 -13.8619
25 34.5483 -14.6619
26 34.4671 -7.17024
27 35.2705 -8.41548
28 34.587 9.34286
29 34.5716 -22.1607
30 33.8645 -30.9417
31 34.0774 -27.7405
32 35.9916 14.0774
33 35.3492 -5.27381
34 35.5167 12.1262
35 36.152 27.7976
36 35.905 -6.01786
37 36.162 12.181
38 35.1057 -1.1119
39 35.1253 10.7536
40 34.9452 -14.5214
41 34.2019 -10.669
42 34.1106 3.67381
43 35.4719 19.4702
44 34.5732 -1.6869
45 34.4283 0.963095
46 35.5797 28.1607
47 33.4142 14.7024
48 33.2311 -7.04881
49 34.8724 5.39286
50 33.9113 -4.57143
51 34.0108 -18.656
52 34.2245 23.4762
53 33.5896 0.357143
54 33.567 12.3774
55 34.6914 37.669
56 33.7655 31.8393
57 32.8723 15.6238
58 33.7348 -6.11548
59 33.1247 21.1952
60 33.7883 -14.3238
61 34.6269 7.35714
62 33.4088 -9.79881
63 33.8191 31.181
64 34.972 -17.469
65 36.1922 -24.056
66 34.0988 -13.7107
67 35.9695 -28.3798
68 34.6153 -29.281
69 34.8263 -22.0798
70 35.7312 -4.90119
71 34.3756 -6.65595
72 34.7611 -40.8333
73 35.5686 -8.075
74 33.5941 -7.91667
75 35.0504 -4.33333
76 33.9274 -11.6548
77 35.5598 20.4845
78 35.2666 16.3298
79 34.8839 -45.419
80 33.5519 -17.9131
81 34.4339 -35.3357
82 34.4324 -19.5
83 33.2981 -6.35714
84 33.3157 -15.7869
85 33.4699 11.6071
86 33.0377 -37.05
87 33.7394 -12.8857
88 32.9076 -14.1857
89 33.6163 -29.9476
90 33.2939 -38.3119
91 34.3885 4.8369
92 32.4961 -11.4357
93 33.3308 -0.310387
94 33.385 -23.2643
