0 36.2991 7.3119
1 36.1023 7.5006
2 34.9195 -0.219048
3 36.0542 -7.95952
4 33.9007 8.75
5 35.5908 -29.7
6 36.1052 10.581
7 36.1817 -2.15238
8 35.4253 -32.2643
9 35.8733 -4.4381
10 35.7317 -3.06905
11 36.0193 -4.61667
12 36.0654 2.45476
13 35.8761 -7.09286
14 37.1793 11.9548
15 36.2107 -18.2762
16 35.7189 -16.581
17 36.6128 3.64524
18 35.4953 16.4952
19 34.2776 -9.78571
20 34.653 5.92619
21 34.9372 8.55714
22 34.0766 -4.05714
23 34.8348 -29.875
24 33.8785 4.01905
25 35.2985 -1.80476
26 34.6794 -24.1238
27 34.8357 -32.981
28 34.0861 -4.13333
29 35.5302 16.4667
30 35.1001 10.8095
31 34.5732 5.92619
32 32.2073 67.45
33 31.8534 52.3
34 31.9705 73.4
35 33.1122 35.725
36 33.9295 68.6357
37 32.1055 48.125
38 32.6502 41.6726
39 33.4234 46.9821
40 31.2124 68.75
41 32.6413 87.825
42 32.1796 66.85
43 33.4037 48.95
44 33.9365 77.1286
45 32.6472 70.319
46 32.1746 65.575
47 33.0434 62.7488
48 32.4002 51.9738
49 33.1146 88.9881
50 31.816 44.95
51 31.4842 76.625
52 30.7079 49.15
53 32.5637 46.619
54 32.474 19.325
55 33.069 52.05
56 31.5647 46.1
57 32.0871 52.625
58 31.7202 42.35
59 31.3051 9.875
60 30.9788 73.725
61 31.4706 64.35
62 31.4964 54.0381
63 30.605 71.275
64 30.5717 39.075
65 33.1597 88.4
66 33.4728 81.0774
67 29.3886 57.9488
68 34.6948 67.0107
69 33.8409 65.7917
70 32.0906 50.8
71 31.5808 51.7
72 32.287 55.925
73 31.9009 42.0905
74 31.5408 62.725
75 33.4998 52.05
76 30.9811 76.55
77 33.1969 53.025
78 33.2734 48.5643
79 33.1162 59.4964
80 32.2361 21.6798
81 26.435 47.2565
82 31.674 30.25
83 30.9465 62.45
84 30.4577 66.425
85 32.4647 43.856
86 29.8923 40.3
87 31.8732 48.0714
88 30.9745 32.4
89 30.3962 54.8821
90 31.8816 44.7012
91 33.1253 39.1464
92 30.8831 62.575
93 32.1864 55.4095
94 31.2074 63.5512
