0 33.186 5.03393
1 33.2521 53.4125
2 33.5012 40.7232
3 34.0108 35.2679
4 33.5422 48.3726
5 33.82 25.6315
6 33.5149 45.9619
7 34.8957 41.106
8 32.2503 1.55476
9 32.6865 34.5929
10 32.9458 28.353
11 32.5365 7.69762
12 31.889 24.5929
13 32.6063 11.9286
14 32.6645 46.2905
15 32.7835 18.1976
16 31.2979 44.3202
17 33.7058 31.6726
18 33.6323 22.0952
19 33.6041 39.9417
20 31.4698 42.7452
21 32.9897 25.3911
22 33.6226 26.7232
23 33.8324 17.3417
24 32.3249 20.0958
25 32.5623 41.681
26 33.578 30.4196
27 34.1922 40.2167
28 32.0538 43.956
29 32.2478 43.3345
30 33.8806 35.7512
31 34.0484 39.3571
32 37.506 13.7107
33 39.7085 33.6345
34 39.2765 33
35 38.7783 28.2679
36 38.9241 6.23571
37 37.0702 33.6571
38 39.1592 -3.29762
39 38.1427 8.02857
40 38.082 21.3411
41 37.9768 47.7369
42 37.7271 42.256
43 38.3403 31.4
44 37.6319 51.6857
45 35.6528 67.1738
46 37.8082 5.57738
47 37.5575 26.4387
48 35.3619 46.7512
49 38.0475 27.9583
50 37.9999 34.9839
51 39.3014 37.9815
52 37.4243 35.681
53 38.3441 36.9375
54 36.7813 21.6929
55 37.7786 64.7881
56 36.4424 76.9083
57 36.5716 36.2524
58 36.1916 16.9208
59 36.7778 34.8321
60 36.4032 16.9315
61 36.606 36.8024
62 37.3328 26.1399
63 37.3357 25.0357
