0 36.565 22.4286
1 35.7003 46.8155
2 36.3412 -9.18214
3 35.9816 2.84524
4 35.004 29.4262
5 35.9418 17.3595
6 36.9391 21.8167
7 36.4559 13.6
8 37.3879 18.619
9 37.8266 2.74048
10 39.3418 24.3155
11 39.1482 19.2333
12 38.2328 -2.74405
13 38.7179 15.1131
14 41.7196 -22.7857
15 39.7507 -11.0768
16 38.7218 0.267857
17 38.5573 0.616071
18 39.7195 13.169
19 38.9697 9.22857
20 39.899 19.1321
21 39.8761 3.75119
22 39.9054 -2.7119
23 39.6 13.4321
24 37.9233 28.3327
25 39.6569 12.1917
26 39.8726 -12.1315
27 40.2133 11.5714
28 40.5791 27.1601
29 39.9822 9.53988
30 40.3445 15.6161
31 40.1922 17.9143
32 34.9631 67.5
33 33.6508 75.9524
34 35.7117 71.7548
35 33.9561 78.7679
36 34.1605 66.9238
37 34.4486 72.444
38 34.6468 74.3345
39 36.0828 43.3774
40 33.566 66.55
41 34.5279 46.7655
42 34.8469 62.481
43 34.758 76.7869
44 32.9625 61.975
45 33.087 70.4
46 33.0174 52.1631
47 34.6291 78.9571
48 33.1633 68.606
49 32.2973 69.681
50 33.4109 69.2119
51 33.5125 70.8
52 33.5591 79.4726
53 33.5739 79.775
54 34.6129 66.2048
55 34.3639 73.1857
56 33.6859 61.8798
57 34.8283 60.8786
58 32.6918 57.8631
59 34.1899 77.4964
60 34.2322 88.5119
61 34.462 71.1321
62 33.5061 75.3667
63 33.42 79.7714
64 37.131 -29.5286
65 35.1264 -25.6405
66 35.6685 -31.3119
67 35.5996 -11.3
68 35.6447 -25.7048
69 36.6737 1.78214
70 36.66 -21.8762
71 35.5824 -36.9202
72 36.1918 -36.6048
73 36.2929 -4.15119
74 35.5394 -37.8857
75 35.6676 -20.2238
76 34.5773 -5.81548
77 35.7842 -5.83214
78 35.5854 -23.4798
79 35.8686 -9.80119
80 33.8069 -14.5
81 35.7081 -10.6429
82 36.0809 -10.0155
83 35.6184 -13.975
84 34.214 -12.5667
85 35.3252 -18.7893
86 34.4124 -19.9167
87 35.5211 -34.7
88 35.2899 4.05714
89 34.3017 -24.7905
90 36.3514 -23.5857
91 36.358 -25.7024
92 34.1761 -18.2429
93 34.5544 -10.8464
94 34.7618 -10.2524
95 34.3195 -4.4
