0 34.6833 -35.7869
1 33.6667 -29.9036
2 35.3327 -21.3119
3 33.1982 -6.4
4 34.0495 -10
5 34.3907 0.197619
6 34.4032 -34.475
7 34.6097 -24.0643
8 33.8317 17.875
9 34.1532 5.54405
10 33.108 -4.54048
11 33.4898 -22.6762
12 33.9252 -20.3238
13 34.4908 -24.725
14 33.8109 -13.4
15 34.0457 -11.65
16 33.8327 -8.6
17 33.4612 -37.65
18 33.2814 -11.275
19 32.9802 -36.25
20 32.9356 -51.65
21 32.8487 -38.55
22 32.9841 -32.075
23 34.326 -18.3238
24 33.6228 -19.825
25 34.0751 -2.58333
26 33.7773 -8.55
27 33.3617 8.675
28 32.9655 -13.6
29 32.6548 -62.1262
30 31.5102 -62.85
31 33.3334 -11.8
32 33.5701 30.35
33 32.5688 50.85
34 33.8693 42.5
35 32.4935 53.675
36 32.4098 61.55
37 32.8149 35.95
38 32.8761 62.375
39 33.7547 68.25
40 32.5783 56.5643
41 31.3142 35.125
42 32.1627 72.7
43 33.6226 42.95
44 32.0931 70.8
45 33.2399 37.575
46 33.7065 45.9
47 31.2223 34.9
48 32.7336 42.775
49 32.6251 72.5
50 32.5397 59.125
51 32.0738 23.425
52 30.9713 59.15
53 32.5943 36.2298
54 30.1548 67.4
55 31.0265 58
56 31.2399 11.2
57 32.5479 74.225
58 31.5619 57.2
59 31.9459 52.75
60 30.8751 60.025
61 31.9342 73.9
62 31.2927 37.075
63 32.0522 31.35
64 32.2916 56.65
65 31.1772 69.4
66 30.9275 64.525
67 32.0963 59.85
68 31.4388 52.175
69 31.2746 62.5738
70 31.6599 49.7083
71 31.1404 68.4
72 30.8157 64
73 30.9181 67.575
74 30.7891 37.15
75 29.9383 35.925
76 30.7731 47.25
77 30.7924 55.825
78 29.1076 30.2
79 30.7008 67.4
80 30.5401 48.65
81 29.4288 32.95
82 30.7337 59.575
83 30.4488 51.175
84 29.5282 87.25
85 29.3945 35.375
86 31.6177 50.35
87 30.8544 62.9
88 29.1173 85.55
89 29.7975 23.325
90 29.8505 55.025
91 30.9053 42.9
92 30.6543 74.65
93 29.88 65.775
94 30.7255 48.925
