0 34.9545 81.4214
1 34.3551 80.4476
2 33.1916 39.4476
3 34.0585 70.7155
4 34.5564 33.7095
5 33.0906 53.6857
6 33.87 51.6643
7 33.9023 81.3679
8 34.6205 48.2714
9 35.068 104.168
10 35.3101 68.0774
11 35.5939 37.6262
12 34.4225 50.6988
13 35.0708 64.3762
14 34.3537 33.4548
15 34.8389 39.6024
16 34.2819 56.544
17 33.4905 50.2857
18 34.1649 61.9071
19 34.5812 51.7167
20 34.2877 47.9883
21 35.0426 70.3595
22 34.0085 66.15
23 34.8392 65.3369
24 35.724 54.5143
25 33.9378 70.0321
26 33.7169 55.7595
27 32.4792 55.7714
28 34.8088 58.9881
29 34.5504 50.5762
30 26.4036 55.7595
31 34.2066 62.3655
32 35.9763 52
33 36.9839 73.3107
34 35.3877 57.875
35 36.4422 48.1893
36 35.2622 36.7
37 35.8471 44.125
38 35.1523 37.8036
39 35.9967 56.425
40 36.4764 48.5833
41 34.7233 20.6107
42 35.8636 48.1643
43 35.2053 46.8821
44 34.1625 32.4726
45 35.7099 56.85
46 34.7948 53.5
47 36.2571 50.8214
48 33.8761 49.2405
49 37.2233 57.8202
50 35.6845 39.5167
51 35.369 48.3
52 34.0371 37.869
53 35.0508 27.4548
54 34.2447 22.9905
55 35.8318 67.2
56 34.8521 53.8762
57 34.9229 17.7083
58 34.2799 32.8321
59 35.9102 32.95
60 35.0598 43.95
61 35.1226 73.281
62 34.6936 55.625
63 34.9325 46.9333
64 35.4386 2.03214
65 34.9833 10.0429
66 35.3829 -13.6012
67 35.4757 -10.0429
68 34.3556 4.84762
69 36.2651 7.53929
70 33.6519 -0.891667
71 34.3656 -1.30476
72 35.8523 11.4821
73 35.4921 -4.93452
74 34.9645 15.2583
75 34.4095 14.6
76 33.4006 5.85476
77 33.874 0.344048
78 32.9594 -11.2
79 35.8851 -0.104762
80 34.9309 22.6857
81 34.9066 17.956
82 35.3514 -14.3571
83 35.3283 -15.8238
84 33.1248 -27.1262
85 34.1617 -0.39881
86 34.5084 -18.0417
87 34.6387 4.70357
88 32.4218 23.0881
89 34.5187 -3.4881
90 33.9971 17.0131
91 34.4109 -19.9381
92 34.07 5.59286
93 34.1563 -12.8583
94 33.7065 -2.1
