0 36.7252 27.9321
1 36.1039 38.2738
2 37.0733 26.3851
3 37.5188 19.6
4 35.4444 23.0488
5 37.0421 33.1905
6 36.3773 54.1619
7 37.9585 19.9881
8 36.0789 41.1048
9 36.5245 36.2881
10 35.5299 29.7226
11 37.3274 59.6643
12 35.5334 -1.22262
13 37.4397 36.9095
14 36.2575 25.0714
15 36.8784 45.7262
16 36.3027 66.7405
17 36.71 66.8976
18 37.285 42.569
19 36.1964 26.1202
20 34.2237 34.0655
21 37.3074 55.0738
22 34.9287 22.4536
23 36.217 6.85833
24 37.6842 33.9143
25 36.465 57.9905
26 35.4529 54.7429
27 36.3948 38.5452
28 38.0205 53.1952
29 36.9858 67.3786
30 36.7111 47.8702
31 36.413 41.6744
32 34.607 -4.1
33 35.8614 16.9548
34 34.7807 -1.75
35 33.9407 6.325
36 34.6046 18.9345
37 33.268 12.2
38 33.5725 26.25
39 33.5648 2.325
40 33.0051 6.49167
41 33.7762 0.277381
42 33.2014 37.4536
43 32.8994 15.125
44 33.3362 -21.2
45 33.6791 10.05
46 33.9217 17.275
47 33.2981 -1.225
48 31.7081 11.425
49 33.2681 24.725
50 33.0779 9.65
51 34.7856 6.175
52 33.5652 -15.05
53 33.5755 19
54 33.2967 -2.525
55 33.9592 -0.05
56 33.341 -2.475
57 34.1957 -7.75
58 32.9095 26.525
59 33.9874 19.225
60 32.6965 2.975
61 31.4925 -3.175
62 32.5937 10.375
63 33.9433 17.025
64 35.7357 56.8738
65 36.8026 70.7351
66 36.5766 54.1476
67 35.6215 58.0095
68 35.0666 67.85
69 35.606 51.8476
70 34.8354 56.2583
71 35.3128 54.3071
72 34.483 60.4393
73 34.4093 64.3405
74 35.1137 58.931
75 34.3247 60.0464
76 33.8043 67.0583
77 35.3317 55.575
78 35.424 71.8417
79 34.3749 22.7452
80 33.9687 52.9
81 34.8557 49.6929
82 33.6591 71.9226
83 34.4211 64.075
84 33.3411 7.2
85 35.1512 40.9143
86 33.8575 74.7619
87 34.9327 37.6537
88 34.8312 44.6393
89 34.4063 61.675
90 34.6007 31.3714
91 33.9488 74.3
92 34.5639 81.025
93 33.9787 73
94 33.1681 62.75
