0 59.9684 13.5748 1515.85 -408.679 37.923 -1.04331 0.0124299 -3642.49 289.264
1 73.8889 10.0127 897.971 -181.975 7.86011 0.622152 -0.0202841 -3164.21 264.119
2 12.6723 21.6779 1804.94 -511.453 50.8637 -1.7026 0.024217 -3480.91 282.932
3 8.38653 17.871 2413.6 -686.714 68.2751 -2.45533 0.0358144 -3496.61 278.542
4 16.5097 18.1513 788.15 -175.34 10.2904 0.354399 -0.0130753 -3651.6 288.364
5 10.7175 19.2607 516.196 -84.5299 -0.558187 0.900148 -0.0230745 -3345.53 271.972
6 140.275 1.74686 388.939 -15.1694 -11.496 1.54425 -0.0355792 -2996.02 256.455
7 47.5581 14.6934 861.123 -176.771 8.43784 0.519997 -0.0171752 -3310.86 270.287
8 61.39 12.6602 2209.21 -617.612 59.8516 -2.03672 0.0288148 -3447.55 277.915
9 100.442 6.98158 24.2716 87.736 -21.732 1.97387 -0.0422923 -3153.78 262.405
10 58.4241 11.8491 1387.8 -362.81 31.0096 -0.632026 0.00385874 -3629.02 285.507
11 -8.11868 22.9545 2553.68 -777.538 83.9145 -3.45857 0.0575029 -3317.5 271.396
12 144 3.918e-08 -733.25 349.903 -54.0491 3.62657 -0.0719749 -3024.96 257.603
13 72.9555 12.213 2196.97 -600.807 56.7698 -1.81749 0.0234313 -3606.06 284.451
14 140.895 3.38723 108.977 69.5843 -20.1266 1.9082 -0.0412351 -3064.14 258.342
15 109.956 6.25137 1071 -247.311 16.557 0.120903 -0.0101006 -3340.84 271.315
16 89.7141 8.83046 390.127 -5.89757 -13.3528 1.66247 -0.0380647 -3120.07 262.164
17 83.2318 9.31337 1048.61 -236.584 15.2561 0.201539 -0.0118625 -3368.54 274.14
18 115.965 4.77755 505.631 -72.5514 -2.93223 1.05306 -0.0261876 -3530.41 281.048
19 2.38229 20.5323 1661.43 -455.499 43.2571 -1.29757 0.0164794 -3362.34 273.331
20 55.4083 14.3795 1639.06 -425.643 36.8589 -0.855491 0.00675666 -3506.66 279.755
21 52.0866 14.9259 802.219 -148.169 4.44443 0.738703 -0.0213538 -3149.22 262.245
22 32.3275 18.8505 1766.12 -459.158 40.6892 -1.04525 0.0101029 -3420.39 276.129
23 120.127 6.59653 1067.68 -241.207 15.997 0.149639 -0.0107341 -3372.41 273.81
24 104.585 7.41659 157.832 62.8541 -20.6699 1.99987 -0.0438985 -3060.14 258.309
25 50.4272 16.3454 1620.99 -433.685 39.6758 -1.06526 0.0116253 -3511.37 282.587
26 31.4333 16.9817 2457.3 -722.067 75.1477 -2.913 0.0459811 -3152.61 264.716
27 92.4074 14.2683 2342.15 -681.252 71.0353 -2.72078 0.0423338 -3216.83 267.917
28 92.3677 6.33763 2011.38 -547.008 50.4037 -1.50187 0.0177719 -3551.13 279.815
29 117.272 8.08374 478.768 -36.1033 -9.21587 1.45093 -0.0346085 -2929.22 252.684
30 61.4427 13.4919 2529.54 -746.908 77.617 -2.99659 0.0467764 -3480.13 281.428
31 71.8784 16.0999 1258.15 -311.936 25.9099 -0.406096 -4.74754e-05 -3068.52 259.41
32 195.837 5.49202 1100.87 -220.457 12.3268 0.389357 -0.0157084 -3198.88 270.428
33 210.976 7.30416e-11 -1310.66 570.815 -80.5875 4.93042 -0.0943961 -2760.77 247.991
34 203.253 2.03282e-11 -541.277 317.384 -51.1357 3.50506 -0.0698791 -2750.95 247.395
35 226.464 1.26142e-07 310.613 47.6011 -20.316 2.02583 -0.0448017 -2917.71 253.824
36 147.699 4.58161 487.338 -39.1946 -8.4937 1.3854 -0.0328049 -3305.23 271.314
37 192.093 3.93669e-08 -308.243 225.606 -39.5919 2.91499 -0.059474 -2783.29 247.191
38 165.465 9.73333e-11 -155.135 163.464 -32.0637 2.54398 -0.0529938 -2883.43 251.672
39 203.818 4.64659e-06 -232.133 206.469 -37.272 2.80294 -0.0576398 -2883.36 252.792
40 208.708 4.996e-12 -727.19 379.762 -58.6844 3.86936 -0.0761566 -2695.77 242.523
41 192.362 4.22995e-12 -568.682 310.524 -49.4419 3.37798 -0.067062 -2752.2 244.994
42 193.71 8.13272e-10 595.687 -52.7224 -8.91561 1.48671 -0.0357906 -3123.04 262.452
43 171.201 2.32037e-12 175.953 59.1421 -19.7925 1.93052 -0.0422083 -3071.75 259.365
44 156.095 5.72875e-12 1533.88 -415.091 38.1997 -1.0409 0.0119622 -3403.11 275.081
45 186.681 2.02121e-08 -845.483 402.137 -60.0807 3.89006 -0.0758316 -2672.65 240.869
46 185.778 1.47886e-09 930.282 -197.392 11.4534 0.350171 -0.0138999 -3426.11 277.525
47 192.509 1.58994e-08 642.766 -79.1844 -4.45857 1.20041 -0.029849 -3118.4 260.324
48 197.413 0.5941 -196.436 203.375 -38.0169 2.86835 -0.0589083 -2610.12 239.527
49 194.335 6.66134e-14 -30.019 138.71 -29.7574 2.44034 -0.0511064 -2899.23 253.702
50 174.209 3.06422e-12 893.632 -178.956 8.22389 0.538993 -0.0175004 -3409.51 275.358
51 185.161 6.66134e-14 -1015.18 454.187 -65.8168 4.16743 -0.0808821 -2771.43 244.889
52 207.155 1.04304 -229.123 220.607 -40.1711 2.98662 -0.0613229 -2889.93 253.394
53 193.854 1.68541e-07 735.936 -106.691 -1.43972 1.0665 -0.0275634 -2929.22 253.165
54 197.698 1.39188e-07 1474.91 -369.954 31.4432 -0.6333 0.00345747 -3380.23 275.515
55 207.003 2.10942e-12 988.008 -185.183 7.36284 0.651285 -0.0204962 -3259.37 270.203
56 211.771 0.107618 -329.55 254.574 -44.117 3.15718 -0.063818 -2696.99 242.492
57 140.888 9.08965 667.993 -100.033 -0.413107 0.96131 -0.0250179 -3041.49 261.03
58 199.247 3.70814e-12 1465.15 -367.812 31.5812 -0.663298 0.00449972 -3501.93 281.896
59 144.82 5.66177 996.186 -236.326 18.1158 -0.0713919 -0.00514917 -3443.82 277.397
60 153.756 3.23595 547.499 -66.4042 -4.39465 1.13542 -0.0277025 -2928.23 251.326
61 201.265 2.1474e-08 255.675 30.4544 -15.1468 1.64781 -0.0366016 -2918.1 252.002
62 196.127 4.4198e-11 -539.389 293.182 -45.746 3.12929 -0.0616544 -2736.64 246.228
63 186.029 1.34115e-11 1256.24 -318.352 27.049 -0.479012 0.00168487 -3514.75 282.116
64 127.087 10.118 772.542 -117.149 0.0470456 0.986561 -0.0259152 -3337.47 275.558
65 184.831 2.45518 -385.592 253.312 -42.6413 3.06968 -0.0622235 -2871.62 254.145
66 110.393 13.9762 141.154 73.2705 -20.4825 1.9601 -0.04273 -3084.21 266.265
67 126.9 12.4625 882.498 -149.649 3.9668 0.805587 -0.0232629 -3152.12 266.601
68 187.993 4.89608e-12 291.36 26.8473 -16.7544 1.83671 -0.0412182 -3166.1 268.741
69 200.098 6.73139e-10 -633.848 327.198 -50.3845 3.38549 -0.0661749 -2858.92 255.344
70 197.426 8.06022e-12 208.156 40.9735 -16.4804 1.74986 -0.0387829 -2941.65 257.89
71 142.124 10.5134 1390 -347.231 29.7589 -0.552998 0.00203231 -3179.43 271.026
72 137.354 8.94912 233.253 40.9026 -16.9955 1.78236 -0.0393971 -3100.32 264.66
73 207.913 0.951968 -159.633 192.024 -36.6531 2.83129 -0.0588345 -2793.68 251.858
74 193.507 5.71452 -412.095 270.569 -44.3387 3.15482 -0.0638045 -2942.19 260.85
75 181.516 3.72508 -419.482 248.986 -39.9283 2.83848 -0.0567326 -2690.36 245.201
76 173.35 1.26565e-11 10.8884 93.9343 -22.1949 2.00318 -0.042611 -3032.1 261.889
77 94.788 14.5747 -2.64662 118.77 -26.1381 2.22257 -0.0469626 -3133.63 264.991
78 126.842 12.2367 88.4959 86.8067 -21.8341 2.02042 -0.043829 -3029.76 262.727
79 116.894 8.21549 52.6403 89.5323 -22.0671 2.00727 -0.043091 -3128.15 264.585
80 163.073 9.98783 467.674 -26.6869 -8.57359 1.34365 -0.0312862 -3208.07 271.916
81 213.934 3.33447e-09 -797.994 366.325 -52.5029 3.35416 -0.0631869 -2862.48 255.934
82 93.5609 15.0501 1545.02 -417.438 39.6572 -1.13456 0.0137936 -3475.55 282.855
83 115.704 15.013 524.811 -62.409 -2.8943 1.01271 -0.0248877 -2988.69 260.812
84 187.41 1.44329e-13 -385.882 247.164 -41.8986 3.02716 -0.061356 -2851.44 251.757
85 59.7509 24.9251 176.518 85.3734 -23.8646 2.22168 -0.0487788 -2804.26 254.711
86 97.4053 16.4047 454.157 -26.3088 -9.03599 1.40365 -0.0331155 -3091.4 265.956
87 47.6667 22.293 -154.081 170.697 -32.0634 2.52327 -0.0523871 -2724.79 247.629
88 38.5258 23.1065 1651.12 -463.717 46.6665 -1.54193 0.0222184 -3483.44 287.107
89 136.082 11.4745 -493.492 268.224 -41.6238 2.92691 -0.0584748 -2912.71 258.971
90 49.7801 20.5357 725.551 -127.648 3.62685 0.72692 -0.0204101 -3183.65 267.122
91 99.4643 10.7454 1251.25 -302.756 23.6457 -0.222396 -0.00434822 -3491.68 282.937
92 158.149 3.8231 -488.84 262.496 -41.374 2.91427 -0.0581636 -2899.3 255.469
93 75.511 20.4859 44.7472 104.939 -23.5411 2.08212 -0.0445466 -2703.91 247.703
94 90.1877 13.8016 2792.75 -812.574 84.8667 -3.3239 0.0521535 -3769.26 300.141
95 32.2234 26.6768 2461.43 -674.847 66.6277 -2.33 0.0331438 -3536.93 289.966
