0 227.947 8.41549e-12 -1189.79 507.197 -68.3111 4.03741 -0.0742492 -2684.44 236.686
1 167.915 5.70067 -966.424 422.2 -57.4934 3.4678 -0.0639676 -2714.76 235.004
2 141.214 7.33995 -639.372 325.184 -47.9179 3.07783 -0.0586024 -2678.38 230.883
3 194.303 0.680743 -1006.94 430.371 -58.1628 3.49002 -0.0642876 -2590 227.984
4 231.643 1.39033e-07 -931.825 424.269 -58.3543 3.49635 -0.0638524 -3190.61 257.376
5 87.2348 15.1654 194.238 50.0097 -15.0415 1.41731 -0.0285374 -2736.99 234.524
6 83.5197 15.3381 5.82056 103.337 -20.6314 1.67068 -0.0326371 -2746.38 235.71
7 166.576 5.27193 -811.297 376.67 -52.9333 3.27121 -0.0610085 -2650.03 230.29
8 199.418 0.798563 -1311.45 535.294 -70.6062 4.09462 -0.0747088 -2575.06 226.569
9 145.466 5.50949 -602.711 297.253 -43.7187 2.8551 -0.054534 -2762.91 236.234
10 176.709 4.19749 -740.795 354.361 -50.4392 3.15203 -0.0590377 -2719.49 232.835
11 165.835 12.1209 -326.724 237.087 -37.0973 2.48675 -0.0467424 -2636.81 231.736
12 147.052 7.71156 -662.578 321.207 -45.7904 2.87423 -0.0532202 -2599.45 226.393
13 131.337 4.33818 -769.636 361.687 -52.4387 3.31057 -0.0630119 -2660.21 227.127
14 173.648 5.78164 -149.199 168.649 -28.6336 2.0381 -0.038247 -3083.18 251.693
15 180.96 3.35635 -910.891 402.498 -55.2992 3.37419 -0.062958 -2601.34 226.779
16 111.253 10.382 -470.777 249.591 -37.9001 2.57637 -0.0501775 -2705.12 231.944
17 167.919 6.04419 -812.141 372.468 -51.9401 3.21198 -0.0600299 -2602.81 227.585
18 176.787 2.47021 -720.271 339.802 -48.1575 3.01455 -0.0562338 -2697.71 231.359
19 154.337 10.0205 -676.329 324.968 -45.2364 2.81271 -0.0516455 -2619.59 229.469
20 120.938 10.3976 -461.594 261.51 -39.9272 2.66535 -0.05111 -2660.52 229.998
21 179.608 4.59876 -701.408 339.366 -48.4999 3.0595 -0.0573377 -2623.07 230.519
22 236.7 6.16711e-08 -771.077 358.452 -49.3118 3.00378 -0.0546857 -2726.3 234.139
23 136.578 9.54256 -508.761 278.826 -41.9198 2.76292 -0.0527085 -2655.69 231.069
24 167.606 4.80082 -915.201 411.858 -56.5704 3.42211 -0.0632397 -2699.01 232.404
25 200.879 3.42098 -701.024 344.198 -48.3218 2.97107 -0.0541734 -2776.92 236.605
26 237.611 9.31028e-07 -557.109 300.576 -43.3476 2.73198 -0.0499848 -2820.03 239.882
27 178.561 0.338778 -1206.42 483.228 -63.5259 3.72068 -0.0679568 -2704.66 232.095
28 144.469 8.10449 -1012.28 453.919 -62.8697 3.78769 -0.0702877 -2616.4 229.424
29 127.881 10.3211 -806.965 370.433 -51.9207 3.21244 -0.0598392 -2643.48 230.032
30 190.669 6.58844 -1028.24 446.214 -58.8386 3.43494 -0.061675 -2663.97 232
31 110.027 15.3285 -48.541 117.468 -21.6432 1.74189 -0.0350167 -2857.84 241.167
32 201.451 3.98155 -1143.56 495.597 -67.2627 4.01268 -0.074878 -2612.81 229.356
33 238.791 0.557248 -1303.96 542.265 -71.5494 4.16164 -0.0763485 -2639.15 231.573
34 217.345 7.26443 -716.436 362.542 -50.9269 3.14759 -0.0583458 -2592.18 230.055
35 185.264 4.07632 -724.607 352.958 -50.595 3.17107 -0.0594469 -2634.54 229.236
36 168.168 2.81453 -769.861 356.861 -50.4979 3.16836 -0.0597307 -2629.61 229.096
37 211.754 2.06032 -860.993 400.378 -56.1334 3.46776 -0.0653694 -2585.89 227.775
38 153.363 4.61341 -428.023 247.024 -38.4125 2.6234 -0.0510105 -2609.91 228.832
39 160.472 7.93709 -955.841 418.594 -56.7517 3.40056 -0.0623673 -2591.12 226.725
40 203.256 4.9369 -274.398 223.773 -36.8579 2.57004 -0.0502537 -2595.33 228.384
41 113.039 12.6888 -361.784 237.743 -37.3058 2.53574 -0.0485918 -2659.96 231.963
42 144.08 5.55549 -839.232 376.628 -52.5762 3.26066 -0.0612964 -2548.86 224.403
43 146.413 7.06804 -782.006 367.941 -52.3345 3.28206 -0.0621563 -2597.16 227.28
44 116.48 10.3139 195.09 41.5979 -14.0915 1.41472 -0.0298804 -2752.97 233.515
45 213.213 4.69291e-11 -866.414 388.831 -53.5826 3.27386 -0.0608111 -2586.06 226.09
46 197.026 1.25042 -736.482 345.095 -48.5038 3.02375 -0.0564281 -2574.43 224.937
47 211.174 1.48427 -882.701 392.196 -53.3049 3.23334 -0.0597249 -2546.27 224.771
48 207.489 1.33604e-07 -869.177 387.799 -53.2532 3.24079 -0.0598685 -2676.15 230.318
49 100.749 14.9457 -96.6224 132.305 -23.7009 1.84673 -0.0369722 -2691.66 230.53
50 175.254 2.36366e-10 -776.748 344.926 -48.2704 3.0186 -0.056662 -2610.05 225.117
51 227.407 3.11651e-10 -1142.84 473 -61.6672 3.5699 -0.064203 -2619.55 228.009
52 166.695 6.29157 -755.923 352.97 -49.2503 3.05862 -0.0570337 -2540.56 224.316
53 225.817 0.855729 -934.523 420.348 -57.5145 3.47823 -0.0645553 -2526.86 224.426
54 216.219 1.26452 -966.965 428.037 -57.8257 3.45655 -0.0635015 -2574.74 226.428
55 203.071 1.45093 -980.208 425.711 -57.6169 3.46611 -0.064181 -2657.08 229.873
56 213.151 0.515936 -1198.34 501.392 -66.8873 3.92665 -0.0721542 -2509.33 222.648
57 206.443 1.39198e-09 -606.155 298.813 -43.4869 2.82852 -0.0538152 -2678.38 233.285
58 224.998 2.4011 -763.24 365.929 -51.3055 3.19591 -0.0598801 -2647.94 233.196
59 242.222 1.44329e-13 -622.72 320.711 -45.5697 2.85973 -0.0530157 -2938.89 244.399
60 146.022 8.03761 -876.803 391.945 -54.3949 3.34238 -0.062726 -2511.26 220.627
61 262.792 2.07944e-07 -1016.15 455.588 -61.2674 3.63967 -0.0669143 -2574.71 228.671
62 177.43 8.45462 -962.458 425.183 -57.3678 3.44332 -0.0635322 -2554.94 226.424
63 120.483 15.627 -428.916 248.888 -37.3358 2.53411 -0.0493043 -2577.71 228.39
64 281.068 3.45368e-10 -1185.26 525.26 -70.2579 4.07544 -0.0745212 -2606.18 224.826
65 272.922 1.61204e-11 -1345.65 564.238 -73.5441 4.1789 -0.0751649 -2595.59 226.092
66 271.053 3.19655e-10 -934.52 442.778 -60.4989 3.56751 -0.0648378 -2592.71 223.962
67 284.788 4.6896e-09 -983.388 454.171 -60.8731 3.53587 -0.0633313 -2683.97 229.565
68 234.736 4.50424 -544.58 306.171 -44.3836 2.84069 -0.0539125 -2577.16 224.645
69 285.875 1.23418e-08 -925.475 433.299 -58.4096 3.44434 -0.06245 -2703.21 231.986
70 291.26 4.32987e-13 -859.153 420.012 -57.9522 3.47878 -0.0640988 -2502.42 221.855
71 256.15 1.91299 -922.943 428.932 -58.1608 3.45851 -0.0633866 -2521.02 221.876
72 272.652 4.84413e-09 -1018.75 461.566 -62.4571 3.69411 -0.0677794 -2544.85 224.036
73 260.145 7.39409e-12 -699.533 352.763 -49.5437 3.04715 -0.056294 -2578.5 224.301
74 271.988 2.32037e-12 -435.168 277.758 -41.6346 2.69703 -0.0504665 -2601.8 228.54
75 283.645 1.7124e-09 -1164.18 508.981 -67.1127 3.88519 -0.0709716 -2546.31 221.749
76 231.218 6.07746 -587.623 326.793 -47.1674 2.97664 -0.0559197 -2566.51 225.484
77 247.067 1.88497 -1079.42 470.85 -62.2203 3.60796 -0.0651935 -2592.52 223.648
78 251.871 3.8608e-10 -888.363 411.536 -56.4023 3.38931 -0.0625054 -2606.56 224.889
79 282.319 1.18237e-08 -979.059 434.629 -57.1376 3.33308 -0.0598651 -2616.36 228.119
80 275.194 0.314734 -885.805 417.906 -56.6647 3.37384 -0.0615834 -2557.6 225.061
81 248.054 9.2106e-08 -627.104 315.297 -44.0902 2.73604 -0.0503325 -2584.88 223.053
82 290.708 4.79616e-12 -839.753 408.026 -55.7517 3.33148 -0.0609661 -2544.63 223.038
83 288.285 1.23701e-10 -939.34 427.061 -56.4186 3.27663 -0.0584194 -2791.05 234.43
84 236.856 3.07365 -929.274 416.127 -55.7849 3.31861 -0.0610017 -2453.5 215.904
85 233.552 7.44227 -294.232 238.979 -37.3018 2.51069 -0.0480936 -2465.46 220.882
86 265.73 9.09128e-10 -536.112 297.202 -42.1767 2.63511 -0.0480823 -2630.48 227.989
87 296.175 3.73817e-06 -1014.66 461.328 -61.2056 3.58357 -0.0651187 -2564.57 227.149
88 256.53 0.993387 -986.097 449.352 -60.819 3.6175 -0.0665182 -2499.68 223.558
89 260.61 3.42652 -690.386 358.308 -49.9741 3.07178 -0.0564803 -2554.74 229.001
90 217.418 7.99294 -827.442 399.289 -54.7034 3.30392 -0.0609219 -2579.4 226.819
91 296.293 2.00173e-11 -619.99 329.822 -46.0054 2.84917 -0.0524301 -2612.53 229.565
92 217.566 4.98659 -733.11 354.203 -49.0574 3.02398 -0.0561771 -2499.78 221.475
93 233.543 7.20368 -469.763 279.668 -40.1031 2.55737 -0.0472743 -2546.17 226.36
94 242.888 2.45926 -811.788 380.058 -51.4889 3.1357 -0.0581932 -2500.46 223.226
95 295.003 5.32043e-06 -447.683 273.281 -39.1417 2.50576 -0.0460776 -2516.76 227.818
