0 350.545 6.12421e-10 486.696 16.1359 -13.8302 1.49174 -0.0323597 -2593.83 230.837
1 325.559 1.66533e-12 714.176 -58.0424 -5.66296 1.09673 -0.0255374 -2564.77 226.653
2 345.697 4.36706e-10 1005.93 -140.3 3.61186 0.638973 -0.0173861 -2510.68 223.956
3 319.632 1.37668e-12 129.386 112.269 -24.0451 1.94634 -0.0396304 -2664.21 232.034
4 349.129 7.04871e-09 -353.576 273.214 -42.2847 2.79155 -0.0534573 -2493.76 223.275
5 350.46 1.54954e-10 -734.552 390.188 -54.6666 3.34708 -0.0625074 -2503.09 223.702
6 340.466 5.37348e-12 -814.293 400.757 -54.917 3.32525 -0.0614347 -2534.49 226.957
7 347.12 2.72792e-09 -745.601 395.507 -54.965 3.3301 -0.0617117 -2491.43 221.573
8 319.854 1.38778e-12 524.238 -14.3721 -8.92231 1.18334 -0.0261338 -2589.72 226.673
9 361.479 7.71472e-10 -160.724 221.339 -36.6903 2.53019 -0.0490688 -2549.5 226.122
10 344.475 2.65343e-12 -450.391 298.16 -44.3255 2.85837 -0.0541427 -2543.02 226.199
11 341.534 3.47389e-11 -518.967 310.709 -44.5845 2.83057 -0.0534207 -2437.14 219.474
12 329.135 4.65183e-12 -945.597 456.769 -62.5519 3.72913 -0.0690615 -2425.84 218.73
13 305.893 1.69864e-12 -245.68 227.481 -36.7714 2.52785 -0.0492823 -2526.86 222.538
14 330.417 3.81584e-11 941.667 -139.367 4.90535 0.524171 -0.0147273 -2651.14 229.81
15 365.921 8.92221e-08 -628.213 350.026 -48.6299 2.95841 -0.053845 -2492.31 223.498
16 335.141 1.03251e-12 -229.414 233.164 -37.31 2.51952 -0.0482548 -2447.38 219.524
17 337.104 3.11562e-10 -1105.12 495.542 -65.3535 3.79646 -0.0693433 -2461.13 219.812
18 377.438 1.45872e-10 -936.62 444.081 -58.4902 3.39645 -0.0608833 -2478.06 223.106
19 340.674 7.54952e-13 -632.079 343.152 -47.5364 2.94484 -0.0550173 -2432.86 219.95
20 321.798 2.20934e-12 -594.488 333.753 -47.4465 2.96131 -0.0553266 -2411.5 217.482
21 313.765 1.09912e-11 -646.474 339.844 -47.3459 2.95695 -0.0555068 -2486.92 223.361
22 352.906 3.72032e-08 -787.66 401.273 -55.3292 3.34651 -0.0619676 -2455.12 220.768
23 342.196 6.10623e-12 -757.1 395.728 -55.0158 3.36438 -0.0629704 -2422.29 220.327
24 342.913 7.83706e-11 -499.5 318.216 -47.0894 3.01215 -0.0572314 -2505.14 223.344
25 365.804 1.62623e-08 -815.146 423.55 -58.0678 3.4962 -0.06503 -2338.19 216.327
26 336.917 1.17684e-12 313.754 62.9179 -18.17 1.64734 -0.0342495 -2623.76 230.845
27 350.109 2.24276e-10 -145.336 210.16 -34.5534 2.41825 -0.0474848 -2482.15 222.833
28 352.657 2.38564e-07 730.424 -58.0585 -5.75418 1.11029 -0.0258253 -2573.71 229.165
29 313.85 6.99441e-13 168.824 90.7831 -20.0599 1.69607 -0.0346159 -2543.42 226.323
30 353.92 7.20777e-09 -840.602 421.289 -57.7647 3.48703 -0.0649349 -2481.41 223.049
31 339.096 3.4972e-12 -230.931 224.198 -35.6978 2.45591 -0.0475054 -2491.02 225.307
32 266.939 1.01619e-10 816.466 -118.394 2.5456 0.641203 -0.0167719 -2701.37 230.3
33 267.192 9.52571e-12 1664.78 -420.858 40.7099 -1.36761 0.0207373 -3006.85 245.696
34 289.346 2.14905e-08 1778.05 -393.969 31.4472 -0.636819 0.00366878 -2698.51 233.059
35 316.677 3.20172e-09 26.6564 144.646 -27.3296 2.07334 -0.0412825 -2506.8 223.537
36 291.877 1.68754e-12 154.285 85.504 -19.4591 1.66919 -0.0342429 -2583.98 226.505
37 253.3 3.15094 1882 -493.188 49.9656 -1.8601 0.0302146 -3017.35 248.954
38 312.974 1.66867e-11 893.199 -144.51 6.87337 0.402994 -0.0124867 -2657.62 231.402
39 317.426 1.58951e-10 -280.282 236.238 -37.2599 2.5363 -0.0490669 -2425.52 220.067
40 295.696 2.08722e-12 256.141 70.991 -19.6881 1.75462 -0.0365146 -2546.82 226.831
41 300.455 4.60735e-07 590.609 -40.375 -6.26704 1.07433 -0.0244164 -2503.12 223.154
42 311.514 2.64528e-07 18.1696 136.543 -26.1811 2.00115 -0.0396955 -2554.71 224.229
43 300.669 6.26166e-12 364.593 29.6496 -13.9223 1.42549 -0.0302187 -2527.86 223.981
44 279.152 2.16493e-12 -88.9838 169.779 -29.9943 2.21607 -0.04421 -2591.69 227.308
45 295.945 1.11022e-14 -330.51 246.341 -38.4449 2.56831 -0.0490338 -2554.28 223.497
46 323.762 2.63123e-11 -338.237 250.64 -38.3591 2.56605 -0.0492763 -2506.55 223.791
47 293.05 9.54792e-13 -149.351 180.765 -30.4249 2.18557 -0.0426474 -2546.19 224.952
48 306.498 4.22042e-09 164.356 87.8002 -19.5567 1.65539 -0.0336645 -2592.57 226.938
49 316.974 8.47677e-09 -392.09 271.742 -40.93 2.70343 -0.0519653 -2494.13 223.528
50 276.676 5.88418e-13 -157.079 189.19 -31.505 2.24149 -0.0436919 -2515.24 223.798
51 298.249 6.71108e-10 -197.189 194.417 -31.6547 2.22642 -0.0433325 -2538.92 221.942
52 314.957 8.88178e-14 -638.229 346.147 -49.5807 3.10287 -0.0582991 -2541.4 224.176
53 298.043 3.53051e-12 908.925 -156.379 9.16354 0.235838 -0.0087563 -2688.09 230.598
54 127.649 15.9608 -1160.03 430.418 -50.4581 2.75454 -0.045891 -2932.26 244.543
55 302.555 5.08482e-12 -717.212 349.489 -47.7968 2.95304 -0.0550721 -2472.4 221.723
56 328.939 3.40949e-11 -535.6 325.546 -47.5571 2.99405 -0.055945 -2522.03 223.766
57 305.643 1.45439e-12 -807.312 398.565 -55.6161 3.39848 -0.063328 -2508.35 223.977
58 292.819 4.25215e-12 -609.449 329.498 -47.5981 3.02077 -0.0573077 -2402.79 216.882
59 304.055 4.30607e-07 -45.7744 157.157 -28.0426 2.08907 -0.0414096 -2539.27 225.017
60 299.348 4.54303e-11 708.002 -77.9718 -1.99125 0.861648 -0.0207191 -2552.11 223.763
61 299.082 1.95131e-08 387.211 26.9361 -13.8832 1.42388 -0.0301269 -2592.6 226.409
62 313.629 9.55617e-09 -264.998 228.022 -35.9941 2.46934 -0.0479873 -2585.1 227.513
63 288.158 1.5099e-12 -99.508 165.656 -28.4694 2.11093 -0.0420451 -2497.54 223.769
64 326.458 9.66631e-09 -290.533 254.126 -40.8052 2.72098 -0.0520787 -2575.11 223.8
65 268.754 1.87517e-11 1849.8 -484.412 49.2247 -1.87598 0.0313113 -3009.16 243.368
66 298.887 4.02388e-07 -420.904 279.88 -42.6683 2.80827 -0.053967 -2529.79 223.11
67 312.604 3.84394e-08 -457.597 293.74 -43.2974 2.76554 -0.0520859 -2551.73 221.653
68 304.012 1.24789e-11 519.551 -3.24011 -12.077 1.40253 -0.030682 -2635.82 228.14
69 296.285 1.08358e-11 -435.316 284.571 -43.1342 2.81256 -0.0538155 -2575.83 222.924
70 290.697 1.97509e-11 212.34 61.1136 -16.6162 1.51632 -0.0313176 -2679.92 228.944
71 289.151 1.5753e-10 527.133 -17.5992 -9.43865 1.23537 -0.0272844 -2663.11 228.575
72 337.628 3.92525e-08 -770.818 398.372 -55.8008 3.37629 -0.0622002 -2576.58 225.47
73 318.703 3.01981e-12 627.695 -43.8287 -5.92912 1.04857 -0.0238787 -2638.24 228.783
74 317.83 1.56242e-10 835.207 -107.125 0.55821 0.763113 -0.0191657 -2617.72 228.273
75 309.984 1.1724e-11 143.535 109.379 -23.277 1.84154 -0.0366605 -2507 219.487
76 323.023 2.94012e-08 -455.851 289.06 -42.7898 2.77084 -0.0527101 -2446.45 219.206
77 326.813 1.84643e-08 -399.533 283.261 -42.9145 2.77475 -0.0525588 -2469.82 217.678
78 378.305 6.27565e-10 -160.228 217.166 -35.4833 2.39676 -0.045189 -2583.17 225.876
79 316.067 2.44249e-13 -546.521 298.639 -42.3223 2.63165 -0.0478893 -2626.26 225.961
80 325.79 9.23872e-10 -616.125 340.418 -48.7824 3.04081 -0.0568839 -2467.79 218.447
81 303.836 1.75415e-12 -347.685 253.7 -39.347 2.60376 -0.0496475 -2531.74 220.009
82 308.983 7.75916e-09 -93.5173 173.476 -30.2106 2.17641 -0.04259 -2602 224.101
83 301.023 1.14464e-11 -303.473 238.714 -36.7954 2.46043 -0.0470785 -2521.38 220.872
84 313.328 3.09644e-07 -853.319 429.628 -60.3367 3.63453 -0.0675768 -2466.39 216.483
85 368.281 3.34132e-09 -587.236 345.099 -49.2196 3.03023 -0.055814 -2444.33 219.351
86 309.885 3.10862e-13 946.969 -162.373 8.92608 0.281096 -0.00990082 -2626.91 227.812
87 331.863 3.06666e-09 -124.949 206.771 -35.8963 2.53183 -0.0497979 -2475.27 220.42
88 288.745 5.66214e-13 1340.4 -285.045 21.7506 -0.297496 -0.000240778 -2879.57 239.596
89 320.148 1.52101e-12 -436.664 287.379 -43.4165 2.83492 -0.0540991 -2423.73 219.517
90 343.838 7.21645e-13 -890.946 435.035 -59.3113 3.54651 -0.0655167 -2399.32 218.605
91 287.481 3.21965e-13 -354.458 241.3 -36.7354 2.46584 -0.0474557 -2441.37 217.423
92 317.437 7.33533e-09 273.559 49.4394 -14.7509 1.41417 -0.0294692 -2555.5 225.37
93 287.897 1.18794e-12 -626.379 333.545 -47.0975 2.96041 -0.0558705 -2434.49 218.844
94 300.589 1.78746e-12 304.017 44.5273 -15.187 1.46235 -0.0305878 -2467.96 219.37
95 256.732 5.55112e-13 227.983 50.8943 -15.2038 1.4519 -0.0303236 -2626.86 227.395
