0 192.269 10.5683 257.611 -12.8413 -2.85225 0.780806 -0.0163357 -3618.18 305.53
1 98.3184 25.7786 -1195.79 516.886 -70.3096 4.38001 -0.0846627 -3395.83 294.348
2 215.515 6.81238 -1311.19 546.543 -74.1795 4.60631 -0.0894309 -3242.32 287.189
3 86.9343 26.2105 -532.038 293.315 -43.9587 3.08563 -0.062209 -3355.28 292.26
4 111.998 24.4826 -1141.62 488.981 -65.2426 4.01247 -0.0758604 -3379.32 294.66
5 173.149 12.7622 -49.2388 106.612 -19.0875 1.66818 -0.0333691 -3105.36 278.879
6 102.945 25.9969 -1066.41 478.944 -66.2555 4.19219 -0.0813193 -3259.67 290.6
7 114.386 23.9179 -1700.02 696.577 -92.4887 5.49124 -0.104334 -3305.75 287.934
8 224.016 6.73587 -1841.87 749.58 -100.583 5.98719 -0.11439 -2822.67 266.012
9 263.182 3.62093e-09 -291.82 193.307 -30.3713 2.28325 -0.0453017 -3504.76 297.23
10 79.0689 26.7451 -1264.27 534.676 -72.3522 4.46611 -0.0856569 -3683.31 308.823
11 109.784 23.9956 -460.483 283.494 -43.8732 3.08605 -0.0616074 -3203.56 284.734
12 267.794 2.8888e-11 -1959.53 793.081 -106.771 6.35088 -0.122043 -3400 292.377
13 200.417 9.5201 -642.625 331.233 -48.8795 3.31024 -0.0654746 -4088.99 325.076
14 150.408 17.0802 -1510.11 634.536 -86.1772 5.23339 -0.100935 -3398.85 290.399
15 141.642 20.1458 -2187.85 869.075 -114.076 6.61599 -0.125315 -3202.68 280.825
16 132.859 24.5438 -671.534 337.715 -47.2729 3.13003 -0.0607411 -3562.42 302.637
17 106.689 22.5286 776.576 -179.768 17.108 -0.270615 0.00369425 -3168.63 281.856
18 130.298 19.2167 -118.862 148.148 -25.6461 2.04899 -0.0412982 -4278.65 330.579
19 142.958 21.1591 -1532.25 659.305 -89.8729 5.44262 -0.104998 -3063.09 274.798
20 184.636 12.1164 15.0172 112.019 -22.6374 1.97715 -0.0409996 -3856.45 314.418
21 269.74 2.39302e-08 -1514.21 636.646 -86.5652 5.22419 -0.0996644 -3176.2 280.072
22 152.006 19.0949 -1622.83 676.636 -90.6197 5.41829 -0.103311 -3000.51 272.845
23 122.666 22.3336 -820.751 391.433 -55.1822 3.59368 -0.0700722 -3480.72 296.406
24 144.268 19.6534 -1328.57 580.926 -79.7195 4.8834 -0.0937672 -3429.45 293.277
25 165.258 16.0798 -1549 655.459 -89.1044 5.38901 -0.103571 -3146.89 279.371
26 127.969 21.3887 -1057.65 483.935 -67.9038 4.30633 -0.0838824 -3006.58 274.385
27 144.415 17.8095 -447.773 266.346 -40.5742 2.85176 -0.0566098 -3971.25 317.067
28 115.671 21.2725 -681.649 340.411 -49.2213 3.28895 -0.0646297 -3531.99 296.54
29 237.397 4.8505 1049.45 -261.156 24.9835 -0.55755 0.0067443 -3396.69 292.568
30 129.607 21.3118 132.851 58.0282 -13.5821 1.40403 -0.0290066 -3363.78 291.001
31 209.496 7.42834 683.756 -165.295 16.4356 -0.255808 0.00355082 -3526.43 299.687
32 252.639 2.13163e-11 -1707.26 706.287 -96.5399 5.80445 -0.111633 -3134.81 274.888
33 242.67 1.05804e-11 -1229.39 543.847 -77.347 4.85028 -0.0945615 -4094.24 321.642
34 240.372 1.05327e-10 -1029.64 455.306 -64.3965 4.11625 -0.0803965 -3774.8 306.227
35 242.317 2.8762e-08 -1041.34 458.811 -64.5013 4.09215 -0.0796288 -3753.83 303.451
36 258.279 1.29438e-09 251.723 69.3294 -22.9141 2.15959 -0.0465776 -3499.19 288.752
37 228.892 1.57652e-12 6.99539 79.9613 -16.1368 1.48777 -0.0297773 -3514.99 290.261
38 246.238 7.39153e-09 -1836.39 737.28 -98.9405 5.87237 -0.112054 -3082.06 272.066
39 239.583 1.83964e-11 -684.536 367.584 -57.256 3.87091 -0.0776055 -3111.97 270.539
40 232.966 2.50577e-11 -186.589 148.528 -24.7611 1.95775 -0.0389452 -3432.97 287.294
41 240.782 4.42979e-11 -18.9171 87.9757 -16.7717 1.53503 -0.0314015 -3350.82 282.52
42 238.88 1.0163e-10 -351.338 226.284 -36.8258 2.70325 -0.054723 -3368.6 284.234
43 232.702 2.82774e-11 -506.14 274.358 -42.1032 2.93466 -0.0585462 -3601.9 292.633
44 242.701 1.25154e-09 263.864 32.1052 -15.0911 1.66447 -0.0365585 -3627.44 297.554
45 277.74 9.14047e-11 1611.47 -384.555 31.3269 -0.564179 0.0020761 -3786.19 302.299
46 251.25 1.69864e-12 -957.453 439.724 -62.6739 3.98393 -0.0769898 -3040.03 267.386
47 251.234 6.33604e-11 -1044.16 463.198 -64.7979 4.07521 -0.0788792 -3637.65 294.614
48 238.192 6.12843e-12 895.583 -199.694 15.3358 -0.0296437 -0.00336617 -3872.68 306.2
49 237.476 2.93066e-10 446.368 -73.6525 3.0716 0.500922 -0.0118886 -2776.98 255.591
50 247.7 1.37668e-12 779.197 -176.748 14.7854 -0.0630284 -0.00203676 -3359.15 284.493
51 264.154 5.13589e-10 -199.287 221.084 -40.6403 3.03973 -0.0623189 -3184.88 274.16
52 264.161 8.87956e-11 1780.84 -450.05 39.5597 -0.973354 0.00930563 -3868.68 307.865
53 240.198 2.17604e-12 128.367 60.0873 -15.9959 1.58151 -0.0331438 -3543.48 291.096
54 243.505 2.97651e-11 -1311.77 562.898 -78.4307 4.85209 -0.0942439 -3424.82 285.38
55 236.526 2.49578e-11 729.926 -180.29 17.2781 -0.284436 0.00348221 -3145.68 273.765
56 231.894 5.137e-11 538.029 -109.672 8.13141 0.18612 -0.00503468 -3263.18 277.591
57 239.409 4.11798e-09 -555.939 292.115 -44.3367 3.07704 -0.0616493 -3680.68 298.776
58 209.324 5.78234 -457.216 268.138 -41.8837 2.97335 -0.060204 -3374.15 283.869
59 259.767 5.88418e-13 -414.615 287.532 -48.1755 3.4114 -0.0692306 -2883.38 257.73
60 238.564 3.0087e-12 56.2126 70.2022 -15.6142 1.51154 -0.0313044 -3787.49 302.886
61 238.463 2.639e-11 -758.153 362.784 -52.9574 3.49461 -0.0686624 -3221.65 274.279
62 226.121 9.40359e-12 767.435 -210.405 23.1212 -0.719953 0.0142239 -3038.83 268.455
63 235.77 1.14523e-07 240.736 14.8967 -10.1583 1.29538 -0.0286704 -3510.68 287.437
64 1016.7 1.21507e-08 2101 -499.213 38.4487 -0.703206 0.0025259 -4307.74 328.414
65 462.618 0 2725.03 -654.663 51.5543 -1.10895 0.00591736 -3713.39 301.974
66 270.536 3.33067e-14 687.548 -48.2765 -13.4519 1.88386 -0.0442875 -3787.55 305.061
67 1891.87 0 3014.83 -648.83 42.0414 -0.375579 -0.00964302 -3661.37 297.744
68 214.988 0 -809.993 421.707 -66.4855 4.46015 -0.0894745 -3171.48 277.904
69 209.417 2.14717e-11 823.076 -162.085 7.6483 0.518162 -0.0152469 -3531.65 294.764
70 205.832 5.87863e-11 205.226 34.2975 -14.3978 1.56389 -0.0331034 -3786.59 306.372
71 326.089 2.55351e-12 4234.25 -1197.47 120.121 -4.71116 0.0733913 -4279.13 333.011
72 228.244 1.33227e-13 229.859 91.3356 -28.9489 2.63338 -0.0573748 -3828.85 308.94
73 264.491 2.1827e-09 1788.19 -415.193 29.9119 -0.269528 -0.00589479 -4066.28 319.81
74 493.678 7.54139e-09 576.783 13.1299 -22.9422 2.41309 -0.0536536 -3129.43 275.297
75 801.088 3.18309e-09 4215.04 -1136.79 107.573 -3.90214 0.0562543 -4100.41 319.174
76 243.767 0 1106.27 -222.394 10.9927 0.491269 -0.0167463 -3721.49 301.319
77 559.553 2.21736e-09 2412.19 -589.658 48.2422 -1.15496 0.00998335 -4138.42 319.408
78 262.945 1.11022e-14 235.545 111.503 -33.7064 2.96299 -0.0647227 -3325.08 281.7
79 201.97 3.66374e-13 327.51 -16.5319 -7.71081 1.23559 -0.0275243 -3782.92 308.501
80 195.731 2.93765e-11 535.767 -92.778 2.35745 0.654328 -0.0159049 -3749.62 302.648
81 198.495 9.54792e-13 1239.58 -336.907 32.8103 -0.964998 0.0148632 -3633.9 297.082
82 218.895 1.58089e-09 -776.721 422.728 -67.42 4.47608 -0.0882446 -2693.1 254.44
83 238.373 2.3912e-10 1687.6 -415.919 34.3319 -0.719376 0.00585983 -3801.74 304.324
84 254.802 4.49474e-10 2523.34 -706.426 70.5208 -2.64829 0.0428629 -3531.2 291.956
85 205.085 5.55112e-13 -79.7606 113.616 -21.9959 1.88567 -0.037981 -3393.95 291.023
86 211.696 4.82727e-09 -1101.55 481.995 -69.3423 4.46817 -0.0883553 -3719.03 305.179
87 217.396 1.0714e-09 659.456 -75.504 -6.73545 1.43943 -0.0350417 -3669.97 301.441
88 224.873 8.90332e-10 499.183 -26.2809 -12.0157 1.63489 -0.0367523 -3824.33 309.141
89 195.244 1.59872e-12 69.5556 71.8816 -18.933 1.84919 -0.0392461 -3639.9 304.428
90 226.984 1.48354e-08 291.585 63.6239 -25.3963 2.46518 -0.0549274 -3889.47 310.551
91 256.446 1.58367e-09 -174.861 261.135 -53.358 4.05036 -0.0857144 -2912.87 265.065
92 214.423 7.54952e-13 1825.07 -479.122 43.1083 -1.17534 0.0145383 -3829.52 312.063
93 218.078 4.26987e-09 1291.06 -291.627 19.2843 0.13566 -0.0117061 -4076.5 322.396
94 227.837 2.77343e-08 1452.24 -363.631 30.3587 -0.569175 0.00339647 -4200.23 325.035
95 195.113 1.31006e-12 -609.974 310.53 -48.6682 3.40053 -0.068471 -4348.81 334.508
