0 271.549 8.38845e-06 191.709 88.2538 -22.0626 1.90227 -0.0398654 -2633.57 229.567
1 188.961 10.337 1968.59 -507.537 48.9302 -1.6627 0.0239589 -2915.96 241.616
2 262.214 0.893302 426.602 9.20547 -12.6696 1.43863 -0.031811 -2446.46 220.007
3 217.1 5.67959 -131.876 180.935 -31.4735 2.28358 -0.0452848 -2473.76 219.394
4 220.289 7.03549 -32.8936 164.129 -31.0263 2.32333 -0.0467965 -2555.46 224.185
5 298.354 1.63203e-12 -1214.51 537.517 -71.5374 4.17176 -0.0772033 -2381.35 215.733
6 264.056 8.88178e-13 -924.447 432.101 -59.3202 3.58192 -0.0669025 -2399.05 216.708
7 260.15 1.59338 -962.712 438.735 -59.6365 3.56196 -0.0659866 -2517.9 220.273
8 261.458 3.19776 483.547 17.8043 -15.7507 1.64423 -0.0358873 -2551.76 224.613
9 270.746 3.25101 315.458 49.0194 -16.5037 1.57411 -0.0333118 -2440.45 219.536
10 279.277 0.672462 -587.708 346.979 -51.3472 3.23154 -0.0608154 -2434.95 218.496
11 248.443 6.36843 886.262 -121.707 1.86917 0.739664 -0.0197615 -2525.77 223.545
12 259.187 3.95513 261.064 71.2429 -19.8803 1.75516 -0.0364906 -2453.62 219.204
13 261.295 7.86553 -310.053 260.579 -40.8257 2.72207 -0.0524847 -2345.06 214.493
14 295.191 7.77156e-14 -415.077 273.507 -41.0239 2.69608 -0.051849 -2414.9 216.203
15 290.575 1.96509e-12 -671.944 362.133 -52.1149 3.26194 -0.0617967 -2396.47 216.226
16 202.327 9.03321 767.069 -110.404 2.63641 0.604697 -0.0159487 -2638.05 226.407
17 303.671 1.33076e-06 -152.277 200.269 -33.3154 2.37231 -0.0468424 -2444.21 222.325
18 266.083 2.75441 -1080.73 496.262 -67.6941 4.0246 -0.0749326 -2501.94 223.377
19 252.76 4.68807 761.884 -89.3131 -1.47084 0.890424 -0.0222523 -2530.64 223.588
20 243.937 1.84766 85.9898 101.784 -21.3852 1.75681 -0.0358147 -2484.41 218.403
21 256.361 1.16319e-07 -660.036 343.261 -49.3891 3.11404 -0.0590784 -2458.33 217.993
22 260.449 1.43404 -334.076 241.562 -37.217 2.51355 -0.0486315 -2491.97 221.133
23 288.299 3.15303e-12 -767.071 396.013 -55.8147 3.43062 -0.0644998 -2407.89 217.703
24 270.941 3.43059e-12 -942.96 459.763 -64.389 3.89538 -0.073228 -2434.57 218.49
25 285.933 3.97178 -986.204 473.334 -64.7113 3.86697 -0.0721871 -2393.36 218.341
26 274.134 0.756945 -1154.48 492.979 -65.1212 3.82598 -0.070699 -2353.71 215.112
27 241.096 9.31876 -903.013 424.443 -57.1552 3.43143 -0.0637964 -2433.79 219.723
28 304.421 1.04672e-08 -565.974 326.851 -47.8292 3.05731 -0.0583655 -2419.06 218.551
29 285.275 2.70894e-12 1458.45 -285.893 19.1361 -0.0524764 -0.00638107 -2561.86 225.452
30 287.696 1.15643e-07 -698.802 364.885 -51.5885 3.20895 -0.0606926 -2344.82 213.135
31 271.396 4.8977 -151.227 204.068 -34.931 2.49729 -0.0496875 -2399.77 218.952
32 218.948 6.52792 911.292 -151.968 6.25951 0.498208 -0.0151043 -2623.92 228.083
33 283.417 8.65974e-11 -1164.43 499.107 -66.318 3.87925 -0.071011 -2530.1 224.572
34 233.573 4.32987e-13 -413.334 262.841 -40.6258 2.71227 -0.0522311 -2552.8 224.034
35 248.908 1.06789e-09 -929.493 409.803 -54.9651 3.30028 -0.0609304 -2537.18 223.309
36 236.111 6.4726e-12 -336.403 212.465 -32.684 2.26645 -0.0438547 -2585.23 226.737
37 273.948 2.04503e-11 -265.817 207.564 -32.5556 2.2777 -0.0444014 -2556.34 226.401
38 254.738 2.54241e-12 -769.407 363.245 -50.7389 3.15314 -0.059076 -2576.09 227.259
39 241.018 1.88738e-13 -813.862 371.762 -50.8698 3.13708 -0.0588101 -2522.83 223.932
40 214.531 1.58762e-12 -398.306 237.776 -36.3164 2.45599 -0.0473422 -2616.8 225.627
41 263.873 2.11636e-07 -724.47 350.04 -48.7517 3.04939 -0.0574493 -2517.87 224.514
42 109.622 16.5384 1014.07 -191.957 10.7484 0.266588 -0.0108578 -2684.11 227.272
43 271.028 1.82881e-07 -487.206 271.81 -39.2421 2.55228 -0.048116 -2544.11 225.599
44 112.53 15.5789 903.985 -194.266 15.0614 -0.0857181 -0.00277119 -2889.61 239.713
45 236.07 1.79322e-09 -880.943 382.016 -51.4495 3.14392 -0.0586649 -2547.9 224.343
46 204.628 5.92809 -170.424 179.264 -30.0239 2.17776 -0.0429906 -2546.69 224.393
47 249.893 1.0535e-07 -995.639 417.998 -54.6449 3.23725 -0.0593156 -2548.82 222.853
48 183.324 8.36655 323.818 10.6912 -9.94624 1.17103 -0.0252093 -2588.84 223.791
49 247.227 5.12233e-08 -1165.63 482.764 -62.9874 3.68597 -0.0677495 -2477.1 220.7
50 250.719 2.71068e-08 -1599.26 615.285 -77.2566 4.3368 -0.0783533 -2426.18 219.205
51 262.445 1.41243e-07 -1527.61 609.781 -77.4268 4.3373 -0.0780369 -2494.96 219.977
52 272.094 1.67644e-12 -924.021 409.814 -54.1803 3.23434 -0.0595934 -2444.37 218.918
53 280.189 6.79499e-09 -1090.08 470.743 -61.8625 3.61869 -0.0662402 -2446.82 218.702
54 274.868 1.64091e-11 -906.606 402.841 -53.6929 3.20091 -0.0582898 -2543.56 224.954
55 262.194 5.80647e-12 -159.874 179.085 -30.2263 2.17417 -0.0422856 -2476.18 221.755
56 260.934 6.27165e-11 -1027.95 440.561 -58.4841 3.47626 -0.0641562 -2550.43 223.875
57 285.278 8.43769e-13 -1483.28 588.729 -74.307 4.19722 -0.0759087 -2494.11 224.462
58 267.812 3.44169e-12 -153.56 188.752 -32.1124 2.31793 -0.045841 -2464.88 222.237
59 245.282 2.08722e-12 -1361.27 536.348 -68.2012 3.91907 -0.0716443 -2467.15 221.799
60 258.741 2.44249e-13 -82.6089 151.157 -26.2485 1.96671 -0.0390793 -2488.39 220.119
61 232.616 3.33067e-13 -1172.39 479.655 -62.6713 3.67307 -0.0676162 -2442.68 217.766
62 143.191 16.1427 801.199 -128.812 5.06112 0.495388 -0.0143287 -2553.57 223.265
63 219.175 4.17877 -105.576 149.149 -25.8071 1.94671 -0.0387825 -2497.15 220.662
64 322.418 3.89688e-12 -503.339 331.17 -49.8697 3.17014 -0.0600826 -2571.62 224.114
65 316.537 7.91589e-12 -241.019 228.22 -38.1813 2.63865 -0.0512682 -2668.04 231.04
66 307.058 4.90719e-12 -859.612 418.222 -58.7419 3.57954 -0.0667726 -2663.52 230.915
67 256.032 3.9968e-13 -399.7 267.545 -42.2383 2.83021 -0.0546084 -2623.34 228.885
68 261.537 5.1581e-11 603.696 -46.9192 -6.56198 1.13582 -0.0261279 -2724.65 233.095
69 289.931 1.59814e-09 -247.598 215.681 -34.8942 2.41433 -0.0466915 -2651.9 229.863
70 310.153 1.07657e-08 -267.819 222.625 -35.3101 2.39506 -0.045143 -2674.98 233.846
71 254.781 2.25486e-11 1636.28 -392.628 34.2743 -0.891127 0.00994947 -2967.46 245.845
72 261.9 3.75122e-10 143.014 102.192 -24.1744 1.97989 -0.0402904 -2734.02 231.727
73 258.805 4.44533e-11 479.268 -15.7298 -9.64298 1.27033 -0.0281774 -2738.24 234.532
74 271.109 2.83107e-12 -673.265 338.139 -48.4683 3.05846 -0.0575231 -2636.37 229.932
75 257.808 4.94049e-12 547.207 -49.1308 -4.58682 0.967403 -0.0220969 -2764.28 234.526
76 325.132 5.54017e-09 -307.028 246.539 -39.0123 2.61071 -0.0494359 -2720.52 235.652
77 263.183 2.77556e-13 -844.044 388.704 -53.5861 3.26693 -0.0609118 -2671.72 227.282
78 269.192 5.67135e-08 -971.284 429.377 -58.1914 3.48228 -0.0640424 -2639.18 229.463
79 271.358 1.82732e-10 -1001.36 436.357 -58.4582 3.46328 -0.063171 -2733.67 233.586
80 295.505 1.38914e-09 137.378 103.328 -22.6937 1.85562 -0.0376033 -2613.46 227.987
81 276.424 2.32037e-12 -736.015 358.142 -50.1007 3.09845 -0.0577107 -2572.34 225.466
82 275.148 2.99538e-11 -1032.27 447.336 -59.7665 3.53079 -0.0645894 -2629.78 227.3
83 291.343 3.66374e-13 -181.733 189.729 -31.7646 2.25877 -0.0439918 -2672.73 230.178
84 257.376 8.88178e-13 -668.088 334.606 -47.5772 2.98373 -0.0561802 -2618.39 224.186
85 252.636 1.14353e-12 -67.153 155.224 -28.3601 2.13845 -0.0427139 -2661.16 230.894
86 275.479 1.38526e-09 -1014.62 447.395 -60.9582 3.66425 -0.0681195 -2536.09 224.85
87 272.118 2.91434e-11 -667.827 341.143 -48.7568 3.08352 -0.0584275 -2589.72 227.669
88 285.739 4.44089e-14 6.61348 143.81 -27.9623 2.14994 -0.0432868 -2625.92 229.429
89 277.497 9.50351e-12 -298.005 240.539 -38.7147 2.64058 -0.0511564 -2607.6 228.4
90 293.774 9.69413e-09 -753.1 382.332 -54.6694 3.4174 -0.0647612 -2541.98 226.96
91 272.098 1.92069e-12 -912.592 408.306 -55.2765 3.36093 -0.0627235 -2628.25 230.673
92 282.134 1.80196e-09 -691.652 367.825 -54.2293 3.45165 -0.0662911 -2546.96 225.858
93 338.268 1.68221e-10 -790.901 400.686 -55.4801 3.36848 -0.0620266 -2560.89 230.891
94 251.895 1.31006e-12 1037.51 -212.199 14.7905 0.0215428 -0.00567486 -2813.44 239.05
95 262.531 1.30743e-08 -185.111 186.026 -31.3621 2.27374 -0.0448655 -2627.75 231.11
