0 207.524 3.58543e-07 -842.874 385.196 -53.4001 3.23612 -0.059011 -2696.94 232.493
1 158.201 3.0516 -894.14 383.984 -52.9156 3.2523 -0.0607219 -2526.63 222.344
2 175.976 2.68979 -926.977 401.459 -55.132 3.35887 -0.062301 -2581.7 226.676
3 158.697 5.40734 -699.662 326.887 -46.5735 2.93954 -0.0548903 -2568.29 225.57
4 148.285 6.99725 -494.148 295.213 -45.954 3.01149 -0.0574485 -2581.04 225.483
5 158.793 3.5305 -595.975 309.943 -46.3368 2.97363 -0.0558479 -2616.4 227.071
6 211.051 7.40418e-08 -979.128 432.366 -59.1871 3.55691 -0.0654006 -2584.35 228.515
7 174.886 2.05256 -574.017 287.738 -41.9225 2.69467 -0.0503392 -2563.31 224.168
8 206.581 3.17979e-09 -719.259 343.331 -49.1257 3.06535 -0.0566743 -2672.54 231.507
9 189.626 3.9746e-12 -938.095 403.996 -55.3065 3.34665 -0.0616533 -2736.85 233.216
10 203.715 1.06078e-06 -647.061 329.632 -48.7941 3.12015 -0.059161 -2660.26 228.882
11 81.0787 17.1537 -868.543 394.803 -55.7277 3.47085 -0.0659946 -2527.07 223.199
12 150.272 7.09584 -164.468 163.501 -28.3649 2.12298 -0.0425224 -2662.13 229.639
13 175.284 1.2777 -709.847 328.201 -46.9154 2.95314 -0.0552014 -2725.82 230.26
14 165.026 5.23566 -1083.85 446.697 -59.3801 3.52734 -0.0649749 -2454.55 218.91
15 182.188 4.73328 -1064.47 446.756 -59.4031 3.52693 -0.0648349 -2565.88 225.682
16 181.687 3.89466 -808.904 368.459 -51.7869 3.23996 -0.0613389 -2545.66 224.52
17 183.457 4.43932 -701.738 332.743 -46.3413 2.86169 -0.0523771 -2605.56 227.001
18 179.265 2.29613 -1119.82 463.841 -62.0665 3.68751 -0.0684116 -2535.48 220.695
19 127.155 8.80713 476.965 -54.4045 -2.18618 0.783145 -0.0181136 -2828.5 235.128
20 208.709 4.98657e-10 -1185.97 484.178 -63.9715 3.73958 -0.0683322 -2588.71 223.869
21 190.302 3.04218 -783.558 376.918 -54.0246 3.39255 -0.0645352 -2476.39 221.612
22 205.951 1.93446e-07 -542.724 278.78 -40.4548 2.58137 -0.0474812 -2759.29 233.356
23 197.09 0.572253 -961.965 417.451 -56.8523 3.41119 -0.0626311 -2616.85 226.571
24 174.437 1.87993 -698.963 327.717 -46.3243 2.86683 -0.0524456 -2737.22 230.429
25 220.532 1.12157 -599.611 317.012 -46.0002 2.89818 -0.0536408 -2710.67 232.92
26 210.45 0.902992 -614.094 312.327 -45.533 2.91932 -0.0552542 -2569.92 224.922
27 179.581 2.46998 -1287.22 510.893 -66.4486 3.83858 -0.0697374 -2500.06 220.115
28 165.241 5.74676 -986.551 426.922 -58.3108 3.53687 -0.0661366 -2456.95 219.671
29 74.4123 17.3171 -406.523 255.117 -40.578 2.77195 -0.05448 -2582.86 224.838
30 185.734 1.15824 -780.638 356.715 -50.1443 3.13017 -0.0588427 -2496.26 220.835
31 179.634 4.30823 -980.355 421.389 -57.2918 3.48602 -0.0654123 -2443.58 219.644
32 224.953 0.921125 -1036.82 467.159 -64.7907 3.9211 -0.0734936 -2610.16 230.141
33 261.592 5.59007e-07 -1017.96 467.878 -64.8434 3.91868 -0.0733073 -2660.52 233.735
34 246.34 5.45564e-11 -606.154 330.54 -48.8472 3.12293 -0.0591487 -2642.2 231.219
35 205.528 3.84884 -734.468 362.721 -52.0438 3.27722 -0.0621081 -2629.36 230.254
36 205.747 2.38203 -818.396 382.562 -54.097 3.37712 -0.0636683 -2643.44 233.107
37 157.781 10.3071 -71.483 137.895 -25.4518 1.98833 -0.040083 -2700.55 234.567
38 239.123 2.45125 -468.768 276.487 -41.4069 2.74132 -0.0524547 -2589.52 231.054
39 243.363 2.31545 -392.52 251.717 -38.3238 2.58192 -0.0496237 -2577.59 230.04
40 280.69 1.52093e-06 -941.666 437.589 -59.6577 3.58969 -0.0663141 -2582.8 231.668
41 235.673 4.88498e-13 -984.043 438.012 -59.5919 3.5892 -0.0667237 -2592.05 228.185
42 257.132 5.84466e-10 -718.327 369.854 -53.2707 3.33929 -0.0629806 -2591.83 229.799
43 206.409 6.7586 -571.26 314.646 -46.061 2.9743 -0.0569629 -2641.94 230.49
44 241.831 1.77237e-07 -603.776 316.043 -46.0519 2.97431 -0.0567641 -2659.7 233.013
45 268.42 6.85008e-12 -746.86 378.162 -53.1273 3.24862 -0.0595001 -2848 244.023
46 218.759 2.60057 -753.268 371.112 -52.6219 3.27352 -0.0613676 -2590.7 228.898
47 234.224 3.9968e-13 -358.145 240.121 -37.5894 2.53127 -0.0483278 -2691.51 230.616
48 270.422 2.14944e-06 -142.443 183.302 -30.9544 2.20741 -0.0425175 -2565.63 228.217
49 243.08 0.145891 -487.247 263.795 -37.7293 2.44361 -0.0454775 -2592 228.118
50 266.352 2.9944e-09 -700.52 342.847 -47.2615 2.92838 -0.0540065 -2649.46 234.389
51 282.035 4.46013e-06 -750.502 367.702 -50.3346 3.06981 -0.0564104 -2491.53 224.968
52 246.847 2.31993 -885.977 404.863 -54.6651 3.28421 -0.0600885 -2674.23 233.882
53 245.279 5.72431e-11 -1225.31 537.542 -73.118 4.30145 -0.079346 -2716.02 235.234
54 236.375 1.28231e-11 -1063.57 446.521 -58.6805 3.45146 -0.0625386 -2596.23 229.964
55 235.242 0.427621 -798.978 371.75 -51.3912 3.15862 -0.0585406 -2527.79 225.522
56 264.774 3.55271e-13 -1106.22 483.073 -64.4655 3.79088 -0.0696438 -2573.41 226.067
57 245.639 3.41695 -1575.35 640.349 -82.5925 4.67316 -0.0847432 -2601.07 230.774
58 185.663 7.5862 -844.933 401.689 -56.3002 3.47956 -0.0653925 -2538.52 228.972
59 115.673 19.431 832.915 -205.159 21.2582 -0.610441 0.0102626 -3013.72 250.407
60 220.878 3.11925 -967.948 444.234 -61.4518 3.72255 -0.0695587 -2521.3 225.298
61 271.144 0 -561.715 308.387 -43.861 2.7359 -0.0496467 -2830.16 241.861
62 224.942 6.49163 -1033.68 458.301 -61.198 3.63667 -0.067179 -2411.19 220.313
63 250.915 2.23273e-08 -1094.46 463.952 -61.2513 3.62607 -0.0669178 -2469.57 222.603
64 198.442 9.64708 -915.309 439.045 -61.0238 3.67004 -0.0680619 -2489.86 220.751
65 262.495 3.37457 -628.202 350.042 -50.6581 3.16531 -0.0593891 -2535.72 222.988
66 231.858 1.90366 -604.976 322.814 -46.6704 2.94465 -0.0552526 -2569.56 223.203
67 220.631 6.73749 -1191.79 522.536 -69.1589 3.96536 -0.0712667 -2582.86 224.997
68 234.286 3.80138 -666.059 358.468 -52.3593 3.30349 -0.062776 -2553.37 224.415
69 216.755 2.53264 -891.235 415.217 -57.3341 3.45992 -0.0643763 -2496.16 217.448
70 257.189 4.06272e-08 -804.538 377.447 -51.2866 3.07101 -0.0555786 -2528.52 222.075
71 195.59 4.60638 -757.268 363.173 -50.684 3.11097 -0.0576598 -2562.24 222.733
72 277.862 0.0628784 -681.524 358.602 -50.8007 3.11608 -0.0573069 -2594.61 226.208
73 216.215 1.20191 -253.934 202.141 -33.2091 2.33616 -0.0457525 -2755.12 230.919
74 268.2 0 -622.266 318.404 -44.2703 2.73105 -0.0497184 -2555.08 224.757
75 240.011 2.51373 -929.331 435.201 -59.6959 3.54561 -0.0648294 -2637.82 226.284
76 174.972 8.66671 -367.643 246.813 -38.6257 2.61511 -0.0507249 -2632.43 227.26
77 235.408 1.73592 -1230.36 510.429 -66.4081 3.80955 -0.0688039 -2538.87 221.076
78 211.312 7.74551 -512.803 297.234 -44.0195 2.85289 -0.0545466 -2542.35 222.593
79 231.57 3.78152 2.64497 132.45 -25.2818 1.97014 -0.0397602 -2611.69 226.947
80 222.49 4.50845 -799.455 387.288 -53.613 3.25784 -0.0602633 -2612.22 226.52
81 238.185 1.85875 -714.061 355.623 -49.7673 3.05647 -0.0564439 -2525.85 222.007
82 238.663 1.91743e-07 -992.88 440.601 -59.2814 3.48646 -0.0633475 -2677.68 226.81
83 181.022 8.51305 -1045.82 451.446 -59.5579 3.46161 -0.0624735 -2558.71 220.838
84 269.104 3.91175e-08 -626.736 326.837 -45.5125 2.78016 -0.0502722 -2668.79 228.651
85 194.058 9.44649 -549.407 305.118 -44.4665 2.84875 -0.053881 -2430.16 218.213
86 199.575 6.0642 -968.48 431.297 -58.337 3.50699 -0.0653787 -2430.68 217.109
87 137.113 12.4081 -311.48 200.554 -30.7816 2.14649 -0.0416284 -2737.98 231.185
88 236.314 2.21198 -1083.26 481.202 -64.9352 3.83453 -0.0706024 -2595.85 226.85
89 198.15 6.85022 -516.363 297.381 -43.7494 2.80038 -0.0523793 -2528.21 224.266
90 204.748 5.62298 -353.904 236.421 -36.5638 2.47583 -0.047721 -2616.78 226.444
91 276.337 1.11022e-14 -1078.42 465.334 -60.7399 3.53407 -0.0639488 -2518.88 224.435
92 217.844 2.00074 -385.46 241.33 -36.3476 2.38367 -0.0441985 -2541.89 222.313
93 120.283 16.9271 -735.551 345.894 -47.881 2.99592 -0.0566317 -2549.95 223.709
94 148.653 17.1141 -350.61 226.961 -33.4852 2.25627 -0.0432591 -2619.66 226.556
95 218.182 8.50067 -1294.47 542.751 -70.4635 4.06165 -0.074189 -2454.07 222.448
