0 115.872 15.3798 -782.061 316.18 -38.914 2.27608 -0.0386651 -3231.68 260.506
1 156.368 12.7102 -666.578 339.155 -47.6391 2.94895 -0.0541871 -2684.94 233.335
2 228.666 6.59803 -67.1402 155.789 -26.9539 1.96467 -0.0371479 -2675.99 236.218
3 201.848 2.60626 -513.98 275.319 -40.3344 2.65317 -0.0505838 -2642.96 231.354
4 274.153 0.764509 -106.138 168.132 -28.6659 2.05723 -0.0389128 -2570.05 230.021
5 267.693 2.04609e-09 -880.329 413.041 -56.6708 3.44191 -0.0638324 -2691.72 236.062
6 232.49 5.17967 -428.548 284.674 -43.6611 2.88195 -0.0551765 -2536.64 228.141
7 222.116 4.73698 -750.992 370.271 -52.2762 3.23891 -0.0605045 -2611.68 229.188
8 242.496 5.72783 -725.257 372.278 -52.3995 3.23123 -0.0596589 -2520.68 229.951
9 165.952 16.4079 -658.168 358.987 -52.0469 3.26472 -0.061297 -2756.26 238.426
10 202.166 8.42069 -923.112 416.223 -56.9022 3.45389 -0.0641498 -2478.35 224.305
11 200.237 10.7817 96.0481 118.69 -25.0598 2.01221 -0.0407183 -2436.86 223.315
12 171.118 12.777 -1108.31 477.133 -62.4307 3.61227 -0.0649151 -2670.26 232.259
13 203.698 6.17356 -1016.46 453.299 -61.4329 3.68027 -0.0682769 -2521.42 225.575
14 229.36 8.37912e-09 -365.493 221.874 -33.1108 2.21665 -0.041321 -2668.43 230.969
15 215.9 1.41433 -520.457 296.889 -44.5905 2.91216 -0.0557972 -2556.85 225.162
16 197.241 9.31095 -284.792 224.159 -35.5097 2.45773 -0.0480134 -2591.4 227.948
17 197.98 8.91396 -937.51 434.879 -59.787 3.61504 -0.0671684 -2454.76 223.729
18 207.737 5.37466 -788.114 368.524 -51.2136 3.19475 -0.0603092 -2533.63 226.687
19 215.688 6.75681 -814.794 397.263 -56.0144 3.50091 -0.0669071 -2474.85 224.539
20 218.871 4.52233 -747.431 356.186 -48.8487 2.98368 -0.0544664 -2853.27 241.977
21 217.94 6.02739 -834.188 395.42 -54.0194 3.25514 -0.0594025 -2660.29 233.199
22 204.656 5.87136 -1062.13 464.543 -62.5661 3.71531 -0.0683311 -2582.47 228.625
23 228.356 5.31803 -843.677 397.778 -54.7884 3.36638 -0.0632745 -2449.52 222.464
24 174.271 13.0907 -1315.87 560.808 -74.2953 4.30883 -0.0791356 -2486.34 223.689
25 219.02 7.70405 -697.685 361.397 -51.0988 3.18437 -0.059639 -2443.97 223.466
26 191.702 8.86743 -733.393 363.365 -51.0276 3.18354 -0.0597813 -2530.77 227.71
27 262.081 7.32397e-08 -1110.95 480.759 -63.9688 3.78139 -0.0696525 -2557.34 228.882
28 196.332 8.75442 -929.765 425.597 -58.1529 3.52665 -0.0656607 -2453.87 224.061
29 241.824 5.33119 -864.603 399.519 -53.0332 3.1308 -0.0558428 -2584.28 230.842
30 164.471 14.3895 -854.213 405.826 -56.0454 3.44602 -0.0649087 -2520.71 227.055
31 195.734 10.9255 -849.158 409.07 -56.4392 3.42896 -0.0636274 -2415.29 221.415
32 208.869 1.42023 -869.761 403.9 -56.4668 3.43735 -0.0633316 -2918.3 245.007
33 233.536 1.38354e-08 -1449.26 578.625 -73.9174 4.12473 -0.0725781 -3252.61 259.307
34 108.342 15.2815 -209.832 195.733 -34.029 2.48714 -0.0500371 -2645.9 230.978
35 148.567 9.52438 -912.476 413.867 -57.6773 3.54743 -0.0669006 -2678.2 231.848
36 183.618 5.9776 -1166.46 495.307 -66.5368 3.93889 -0.0727559 -2573.22 228.383
37 124.44 8.29053 -783.636 360.723 -51.2227 3.20754 -0.0603213 -2588.16 226.875
38 93.833 17.2551 -202.468 175.408 -30.0306 2.23735 -0.0448874 -2727.92 236.324
39 139.193 10.6381 -775.112 372.896 -52.7009 3.25186 -0.0603646 -2670.53 231.409
40 134.943 7.27432 32.9516 84.4225 -18.4337 1.6044 -0.0329175 -2837.91 237.138
41 222.133 6.10623e-12 -252.567 202.949 -33.4789 2.33681 -0.0447119 -2795.55 237.417
42 167.89 2.67241 -556.575 287.833 -42.951 2.81029 -0.0534935 -2688.9 231.385
43 135.64 6.68128 -1116.27 462.553 -62.3557 3.72603 -0.0690987 -2639.09 229.024
44 99.4308 13.4633 -668.325 334.57 -49.0105 3.1117 -0.0584903 -2564.24 226.13
45 241.274 1.79252e-09 58.4919 100.016 -20.3422 1.6246 -0.0309573 -2953.81 245.757
46 143.564 8.91551 -561.133 290.881 -42.9534 2.81832 -0.054204 -2503.6 222.445
47 173.729 7.04686 -796.668 373.684 -52.645 3.28194 -0.0618929 -2624.72 229.477
48 126.29 16.0425 -502.105 290.212 -43.9929 2.912 -0.0563996 -2513.6 224.202
49 221.066 0.142764 -989.869 432.041 -58.6072 3.51704 -0.0645362 -2743.44 238.182
50 225.823 5.66214e-12 -709.93 349.884 -49.6439 3.09397 -0.0575071 -2609.06 229.607
51 144.653 9.51622 -1048.42 447.042 -60.5326 3.63589 -0.0675875 -2605.14 227.638
52 117.61 10.4907 -745.135 341.085 -47.8375 3.00564 -0.0566202 -2635.44 227.835
53 216.761 1.12847e-08 -1115.62 471.516 -62.7771 3.69608 -0.0676678 -2568.24 225.693
54 146.97 10.0445 -1117.2 466.935 -62.3777 3.7163 -0.0688941 -2529.88 225.252
55 143.247 5.9812 -484.314 253.792 -37.9376 2.54679 -0.0492092 -2712.31 230.866
56 206.582 3.87602 -708.007 342.391 -47.8168 2.94778 -0.0539309 -2785.85 237.656
57 233.062 4.72955e-12 -733.081 346.73 -48.0415 2.92939 -0.0530879 -3149.19 253.368
58 99.1714 16.4166 102.758 88.7117 -20.9331 1.82191 -0.0380879 -2617.04 229.629
59 176.995 7.52639 -835.452 388.809 -53.6024 3.27925 -0.0607296 -2617.78 231.724
60 172.036 6.54644 -1165.15 492.705 -65.8713 3.88699 -0.0717935 -2601.37 227.154
61 220.31 1.13214 -492.497 271.678 -39.5158 2.50831 -0.0454163 -3136.82 253.185
62 101.436 17.9698 -1139.03 479.875 -63.8586 3.77625 -0.0694809 -2620.17 231.196
63 188.963 6.11285 -868.893 399.93 -54.8294 3.3185 -0.0609093 -2645.12 232.368
64 119.403 18.4052 -512.286 306.995 -46.2568 2.99708 -0.0570559 -2722.61 234.369
65 257.889 4.46051 -930.955 444.931 -61.4045 3.68679 -0.0677022 -2791.38 242.937
66 170.437 12.1302 -207.732 198.707 -33.1665 2.3844 -0.0472147 -2677.61 234.471
67 117.941 16.5466 391.506 -12.6356 -7.63974 1.08319 -0.023579 -3006.61 248.64
68 264.864 1.9984e-13 -774.181 382.674 -53.9413 3.32861 -0.0617143 -2733.27 239.507
69 229.809 2.17281 -436.401 262.585 -38.3438 2.44164 -0.0441309 -2934.15 244.316
70 249.172 2.25919e-10 -917.588 418.374 -57.2233 3.46333 -0.064263 -2558.15 226.925
71 216.057 5.06262 -1089.19 473.317 -63.5271 3.7831 -0.0698994 -2668.59 235.554
72 213.548 7.42946 -673.328 350.184 -50.9521 3.26965 -0.06271 -2647.84 235.658
73 254.518 3.65263e-12 -907.294 416.707 -57.1631 3.42738 -0.0621846 -3092.03 256.147
74 220.107 5.28252 -800.475 381.317 -53.1099 3.29398 -0.0617378 -2578.02 231.56
75 232.672 3.83969 -1078.24 471.72 -63.301 3.75942 -0.0693447 -2578.88 229.544
76 213.106 5.90103 -958.151 432.669 -58.7787 3.54112 -0.0655218 -2654.07 233.856
77 249.396 3.95656e-09 -279.53 209.012 -32.4555 2.17561 -0.0397332 -3020.42 249.271
78 141.547 16.5611 -871.565 404.767 -55.0166 3.31845 -0.061095 -2654.26 232.003
79 209.885 5.75051 -861.428 396.228 -54.4526 3.35093 -0.0627059 -2520.95 228.733
80 238.992 1.77704 -460.264 259.409 -37.1348 2.37035 -0.0426985 -2950.17 247.869
81 145.281 10.5341 -453.422 198.299 -23.3407 1.39934 -0.0214137 -2868.1 240.901
82 145.281 10.5341 -443.682 199.467 -23.2005 1.41617 -0.0193941 -2868.1 240.901
83 153.066 16.6186 -246.522 223.501 -36.156 2.49459 -0.0479627 -2617.33 233.076
84 164.615 10.4548 -1462.15 572.856 -72.303 4.05782 -0.0721191 -2657.88 232.96
85 170.357 11.4953 -1295.59 539.589 -70.9977 4.15241 -0.0766022 -2579.98 231.867
86 196.937 11.4387 -1134.02 492.704 -65.3866 3.88315 -0.0721583 -2438.83 225.947
87 143.591 13.2021 -599.253 308.933 -44.4433 2.8585 -0.0538732 -2662.23 235.513
88 236.68 2.33328 -1161.51 500.001 -66.6898 3.91028 -0.0713222 -2670.03 235.355
89 173.617 11.4061 -573.148 291.017 -41.4304 2.68071 -0.0503145 -2658.13 236.39
90 149.96 13.2511 -194.545 178.745 -29.6857 2.18205 -0.0433471 -2622.21 232.108
91 97.7956 20.3491 -870.223 388.85 -53.6363 3.3437 -0.0635282 -2527.12 227.93
92 85.3983 20.6672 -405.808 239.825 -36.5298 2.50819 -0.0487333 -2715.16 237.638
93 220.233 8.23281 -363.283 249.841 -37.3112 2.46117 -0.0459113 -2641.53 234.866
94 146.23 13.6083 -294.024 212.11 -33.4514 2.37006 -0.0466624 -2684.77 236.838
95 163.827 13.3068 -801.977 378.093 -52.4501 3.28005 -0.0620678 -2609.73 234.609
