0 152.183 9.34423 -434.417 257.349 -38.2966 2.56097 -0.0496783 -2550.23 223.624
1 134.82 13.3202 -1205.47 500.456 -65.2853 3.81845 -0.0705416 -2389.29 216.713
2 82.6676 17.7201 -853.216 364.272 -48.4939 2.9402 -0.0540862 -2401.3 215.285
3 112.479 13.3742 -764.954 353.192 -48.3195 2.96503 -0.0549334 -2532.46 221.587
4 147.161 15.3106 -722.994 349.366 -48.2077 2.97513 -0.0551824 -2510.05 223.082
5 67.9008 20.3209 -62.3347 115.559 -20.8442 1.66229 -0.0331954 -2772.9 233.003
6 106.853 15.8617 -973.352 416.779 -55.4175 3.30179 -0.0605538 -2473.16 219.745
7 120.867 14.555 -472.67 255.42 -36.9811 2.42189 -0.0457645 -2393.48 214.52
8 106.84 13.5894 -785.034 351.466 -48.3294 2.99418 -0.0560035 -2478.74 218.977
9 146.717 14.8805 -726.146 352.377 -48.5828 2.9853 -0.0551523 -2427.01 218.724
10 141.255 12.8675 -1394.31 550.669 -70.386 4.03359 -0.0737578 -2426.93 217.793
11 131.159 13.3284 21.147 95.4307 -18.35 1.47542 -0.0280935 -2704.16 230.228
12 126.973 17.0397 -861.599 388.081 -51.8497 3.09532 -0.0563623 -2483.57 219.494
13 41.1972 23.9112 550.045 -92.7726 4.54168 0.369806 -0.00967197 -2943.2 242.85
14 129.698 14.9604 -408.853 246.858 -36.5121 2.38399 -0.0442129 -2733.66 232.571
15 104.123 17.3782 -799.888 357.829 -48.3367 2.96402 -0.0550867 -2444.66 218.143
16 180.35 5.07847 -621.882 306.279 -42.851 2.68664 -0.0495435 -2729.31 232.845
17 89.1661 18.3335 -976.3 408.311 -54.0065 3.23759 -0.0598564 -2509.16 220.698
18 106.45 19.0558 -494.949 272.61 -39.7124 2.60988 -0.0501631 -2632.96 227.381
19 112.229 19.3224 -651.13 324.001 -44.9025 2.81625 -0.0528125 -2347.76 214.738
20 151.703 13.2684 -674.396 329.093 -45.337 2.79608 -0.0512884 -2590.47 226.322
21 132.287 14.3076 -739.316 338.237 -45.5159 2.77621 -0.0507208 -2580.01 224.663
22 69.7823 21.5662 -643.575 316.444 -44.6256 2.8405 -0.0541033 -2479.9 218.639
23 146.248 15.984 -646.923 324.923 -45.0482 2.81484 -0.0527132 -2380.91 214.659
24 93.6234 18.1898 -1093.57 456.362 -60.0224 3.52789 -0.0646175 -2551.83 222.79
25 122.427 14.6811 -1020.51 431.444 -57.2723 3.41764 -0.0631796 -2450.05 218.887
26 162.253 8.08483 -1069.49 442.722 -57.7031 3.38564 -0.0618841 -2471.55 217.769
27 119.535 19.3901 -371.823 236.69 -35.3865 2.3764 -0.0454816 -2366.14 215.316
28 168.307 11.4452 -694.715 328.752 -44.4185 2.70779 -0.0490976 -2653.37 228.668
29 90.1674 23.8173 -475.654 274.476 -39.9475 2.61208 -0.0500741 -2485.53 219.81
30 113.062 19.1814 -595.132 293.215 -40.5417 2.56655 -0.0478983 -2407 216.332
31 140.431 20.3259 -435.993 255.194 -35.9814 2.31655 -0.0427061 -2404.75 219.179
32 172.845 10.5565 -987.207 451.709 -61.9928 3.71557 -0.0688999 -2425.52 218.769
33 153.716 7.89343 -664.566 333.258 -48.2614 3.04881 -0.0574957 -2634.58 225.81
34 126.824 6.73225 -444.579 254.397 -39.9407 2.71151 -0.0528972 -2684.85 228.544
35 188.456 4.98643 -325.252 219.049 -33.9212 2.26933 -0.0419851 -2834.54 237.971
36 202.908 3.15892 -729.543 350.908 -49.5467 3.07731 -0.057407 -2538.93 221.983
37 184.874 5.08398 -580.021 296.387 -42.8654 2.73559 -0.0511912 -2596.52 224.562
38 193.681 6.57398 -753.906 361.247 -50.545 3.13038 -0.0582654 -2478.47 222.799
39 190.611 5.94248 -794.608 369.889 -50.8498 3.1066 -0.0574518 -2516.78 222.006
40 138.468 8.24297 -900.061 405.488 -56.6081 3.45869 -0.0647737 -2629.47 224.651
41 174.955 6.27929 -844.162 387.819 -53.43 3.23968 -0.0597996 -2544.45 221.703
42 130.943 11.5224 -720.687 346.047 -49.1675 3.07201 -0.0576239 -2556.67 222.164
43 172.182 8.92352 -957.246 425.315 -57.5815 3.46633 -0.0645049 -2478.31 219.983
44 193.062 3.47066 -616.172 315.055 -45.7869 2.93236 -0.0556822 -2538.15 222.657
45 228.57 0.467083 -823.345 376.739 -51.4563 3.11093 -0.057076 -2529.65 220.755
46 201.555 3.94375 -583.569 299.726 -42.2767 2.64936 -0.0487092 -2673 228.681
47 149.698 8.91537 -708.833 340.048 -47.9714 2.97987 -0.0554341 -2624.7 224.655
48 207.434 2.14394 -743.422 346.471 -48.0858 2.96744 -0.054975 -2472.97 218.559
49 172.129 5.24769 -863.28 379.672 -51.6708 3.15347 -0.0587568 -2467.97 217.642
50 157.063 10.8331 -639.245 318.128 -45.3602 2.87972 -0.0543162 -2443.9 218.448
51 148.19 11.6722 -1062.22 449.087 -59.3785 3.4975 -0.0641379 -2504.08 219.344
52 158.38 6.82596 -878.203 387.872 -52.3958 3.13015 -0.0569203 -2608.21 223.155
53 153.744 6.29893 -905.442 387.94 -52.2489 3.13508 -0.0573154 -2629.34 224.559
54 169.134 8.93017 -602.336 306.144 -43.0404 2.68091 -0.0490523 -2584.52 224.643
55 129.534 10.2813 -975.044 406.481 -53.8671 3.22173 -0.0592746 -2485.14 219.032
56 202.479 1.95557 -1112.3 459.927 -60.3481 3.51196 -0.0634694 -2672.66 227.999
57 183.277 5.68934 -1062.96 451.495 -59.8301 3.54143 -0.0651779 -2518.11 222.57
58 144.721 10.3333 -901.93 399.696 -54.3782 3.3191 -0.0622677 -2490.37 220.62
59 170.961 8.7386 -949.595 411.027 -54.7615 3.28976 -0.0609159 -2482.6 220.725
60 157.02 10.2131 -931.486 412.286 -55.2275 3.27192 -0.0594411 -2577.27 223.254
61 181.039 7.16184 -1051.67 445.621 -58.634 3.44596 -0.0629323 -2435.18 217.054
62 140.007 10.9885 -786.697 362.293 -49.6631 3.04737 -0.056637 -2439.47 217.467
63 138.719 9.65841 -1063.99 444.514 -58.4968 3.45171 -0.0630834 -2526.33 223.625
64 203.405 3.4457 -1018.56 441.999 -58.94 3.44072 -0.0618497 -2665.09 227.261
65 169.307 7.41258 -1056.04 458.913 -61.9155 3.67439 -0.0677338 -2553.91 223.247
66 100.406 11.2798 -964.729 419.612 -57.5041 3.47123 -0.0644645 -2525.47 220.155
67 115.982 9.86477 -1021.06 433.686 -58.0709 3.43314 -0.0624398 -2628.91 226.464
68 144.568 6.09742 -975.172 421.194 -57.612 3.46667 -0.0641168 -2639.6 225.647
69 159.747 7.31916 -1007.8 435.438 -58.2975 3.41723 -0.0615559 -2931.92 239.836
70 89.9585 13.9384 -1457.75 562.26 -72.197 4.11546 -0.0745949 -2577.53 223.685
71 101.177 17.2186 -594.903 308.581 -44.2528 2.8372 -0.0539254 -2453.38 219.659
72 107.764 10.4058 -957.026 417.576 -57.0749 3.42917 -0.0633414 -2552.39 220.669
73 96.292 14.3762 -520.644 219.656 -26.7376 1.59581 -0.0256393 -2832.36 233.955
74 78.4418 15.5043 -174.515 160.6 -27.5565 2.03027 -0.0400983 -2570.04 220.189
75 121.318 9.82614 -851.783 377.606 -51.7745 3.16573 -0.0590836 -2495.55 217.655
76 146.597 9.10426 -729.693 350.353 -48.7594 2.98256 -0.054659 -2552.76 222.307
77 162.428 2.08978 -969.215 401.676 -53.0934 3.13526 -0.0566188 -2649.87 225.013
78 144.167 7.13057 -1424.69 558.895 -72.0506 4.10486 -0.074294 -2508.08 219.6
79 113.001 10.4507 -598.354 293.14 -41.984 2.6797 -0.0500961 -2523.74 220.848
80 156.439 9.31471 -466.764 262.917 -38.6043 2.49955 -0.0465593 -2615.61 225.664
81 147.848 9.80064 -1025.12 441.204 -59.054 3.49576 -0.0641628 -2511.92 219.438
82 124.094 6.71521 -1229.82 498.655 -66.2218 3.88137 -0.0715803 -2555.17 220.025
83 119.677 11.7459 -450.703 258.589 -38.9305 2.58847 -0.049975 -2523.36 218.792
84 109.227 10.3199 -1134.74 471.986 -63.4205 3.74488 -0.0690846 -2538.47 218.818
85 119.033 13.5005 -1050.75 451.295 -60.6427 3.61935 -0.0670618 -2461.25 220.047
86 89.6155 15.8612 -918.93 406.92 -55.9526 3.38998 -0.0629614 -2441.85 216.317
87 157.008 13.6292 -803.552 375.126 -51.2034 3.14137 -0.0587384 -2389.15 216.711
88 114.413 13.9015 -1121.17 481.119 -65.4052 3.90347 -0.0727919 -2552.45 223.27
89 75.7609 17.6011 228.9 -16.7194 -1.18634 0.497484 -0.00927336 -2645.65 228.733
90 124.198 12.8071 -918.133 405.006 -54.915 3.30806 -0.061003 -2600.91 225.859
91 87.099 13.28 -848.954 367.69 -50.4369 3.12665 -0.0589357 -2535.97 222.101
92 63.6083 19.0541 -160.162 167.725 -29.2022 2.15439 -0.0429184 -2575.31 222.304
93 194.388 2.73933e-06 -1159.07 498.224 -67.1824 3.9879 -0.0742561 -2396.09 217.343
94 120.089 15.6058 -353.027 228.272 -34.3558 2.2846 -0.0425166 -2521.24 223.511
95 75.21 15.361 -1156.26 470.459 -62.2771 3.68002 -0.0679661 -2474.78 218.981
