0 118.085 4.06234 1575.84 -403.326 33.728 -0.648696 0.00237208 -3510.01 283.977
1 152.931 5.45231e-11 957.139 -177.335 4.08421 0.94698 -0.0278692 -2915.83 253.175
2 122.276 3.59712e-12 1542.26 -426.651 38.7536 -1.01013 0.0104685 -3836.33 296.318
3 65.6796 6.89601 2701.45 -802.289 83.2047 -3.24608 0.0509682 -3855.28 298.635
4 133.102 8.26419e-09 1414.34 -345.031 25.2432 -0.187394 -0.00622592 -3448.87 277.276
5 137.338 4.92169e-09 -2.38358 107.165 -26.3394 2.30105 -0.0490288 -2959.36 255.868
6 144.926 9.32587e-13 -330.252 236.569 -43.181 3.20428 -0.0661199 -2818.95 249.4
7 170.176 7.77951e-09 -269.209 225.335 -43.1495 3.22582 -0.0665787 -3110.32 261.032
8 -29.3426 30.2053 294.863 -52.8426 5.00282 0.0459976 -9.19193e-05 -2096 184.943
9 168.9 7.66942e-11 297.226 44.1999 -21.2043 2.14327 -0.0476751 -2988.4 259.445
10 125.68 7.21645e-13 854.282 -186.664 8.85481 0.549995 -0.0184239 -3265.82 268.282
11 138.778 2.55757e-09 175.36 70.8315 -24.4228 2.30038 -0.0504295 -3092.67 261.58
12 106.594 3.29891 1027.91 -241.726 15.3527 0.245084 -0.0134867 -3559.71 283.978
13 144.101 2.0124e-07 161.508 58.1409 -20.5714 2.01224 -0.0442371 -2808.82 245.736
14 121.682 4.07975 965.935 -199.244 8.963 0.615206 -0.0206752 -3309.57 273.467
15 145.933 1.66816e-07 203.92 40.546 -18.9255 1.96658 -0.0439493 -2784.85 246.149
16 123.707 2.73115e-12 305.589 -19.8865 -8.92638 1.35765 -0.0316607 -3304.05 270.881
17 133.291 4.17862e-07 -452.392 260.634 -45.1015 3.25905 -0.0664641 -2983.83 256.197
18 150.486 7.94476e-11 1145.55 -250.576 13.5407 0.426425 -0.0177654 -3429.05 276.227
19 131.696 3.03091e-12 15.9094 105.309 -26.825 2.3437 -0.0500957 -3017.41 256.542
20 138.613 9.65894e-13 3192.36 -933.202 95.1449 -3.7056 0.0571193 -3618.07 284.817
21 143.43 1.29544e-08 -314.247 213.026 -38.6721 2.91386 -0.0603255 -2737.6 243.111
22 156.144 3.13661e-08 446.585 -31.6113 -10.9741 1.58789 -0.037403 -3125.53 262.547
23 123.202 1.28786e-12 -40.7539 112.193 -26.4366 2.29501 -0.0492247 -3272.08 268.165
24 134.316 2.22045e-14 2742.47 -796.107 79.7725 -2.96011 0.0441436 -3905.61 300.22
25 137.325 2.44249e-13 736.927 -128.963 0.0314084 1.06306 -0.0284869 -3111.33 260.723
26 131.77 2.44027e-11 520.831 -49.4747 -10.3721 1.64419 -0.0399465 -3145.32 263.667
27 149.793 1.48323e-07 650.799 -104.364 -1.77069 1.11496 -0.0289555 -3141.44 263.352
28 161.28 7.1676e-11 2125.12 -581.074 54.2928 -1.63865 0.0192794 -3493.08 283.771
29 115.571 4.14917 1172.23 -256.032 14.5566 0.385285 -0.0174211 -3068.89 261.01
30 149.893 2.97972e-08 -457.116 263.337 -44.754 3.2249 -0.0658261 -2858.92 250.977
31 147.323 6.98885e-11 -615.618 310.944 -49.9476 3.46557 -0.0696448 -2890.77 253.998
32 87.0762 8.26096 1868.31 -490.613 42.6544 -1.03442 0.00832782 -3500.01 282.881
33 100.242 6.1411 820.498 -135.742 -0.291228 1.14299 -0.0308135 -3167.17 267.555
34 66.4045 9.21997 358.903 -7.91671 -12.8103 1.66086 -0.038742 -3386.59 276.307
35 139.347 3.77032e-11 -101.04 142.964 -30.6092 2.51005 -0.0527637 -3060.88 259.843
36 108.592 3.36243 1659.24 -463.142 43.3063 -1.21991 0.0137787 -3803.73 297.288
37 134.941 5.23137e-11 -499.082 263.839 -43.7191 3.13882 -0.063904 -2790.08 247.7
38 112.725 7.58282e-12 1645.56 -460.591 42.0992 -1.13829 0.0121439 -3586.26 284.205
39 134.05 1.69987 122.404 80.602 -24.0996 2.25424 -0.0496539 -2948.61 255.776
40 92.1674 4.67804 2639.96 -786.012 82.1211 -3.23822 0.0519566 -3633.47 290.675
41 127.995 7.66054e-13 574.294 -94.6406 -1.47122 1.04056 -0.0269624 -3143.54 261.557
42 136.402 1.75304e-11 1801.19 -477.867 41.469 -0.990417 0.00775486 -3466.97 280.255
43 138.887 1.1321e-07 -166.654 161.357 -32.5997 2.61897 -0.0549592 -2902.45 253.37
44 132.275 0.992461 1579.66 -419.371 36.5393 -0.831255 0.00619105 -3441.33 278.694
45 129.494 1.01961e-08 -21.123 94.6679 -22.9019 2.06925 -0.0444648 -2948.23 254.446
46 127.893 4.61942e-10 247.933 30.6755 -17.9079 1.92342 -0.0433421 -3171.29 265.12
47 147.904 4.04688e-08 649.798 -88.0041 -4.58585 1.26099 -0.0314893 -3008.55 254.853
48 121.341 1.64313e-12 2989.33 -900.072 94.9506 -3.84328 0.0616712 -3785.25 293.212
49 134.102 1.9218e-11 1220.85 -280.436 17.3146 0.250507 -0.0149296 -3022.98 257.998
50 119.031 2.42656 657.071 -120.37 1.78941 0.874396 -0.0240023 -3081.08 259.169
51 117.464 3.99462 925.562 -211.998 12.9683 0.309326 -0.0137563 -3448.98 278.891
52 98.5654 4.64992 880.45 -219.561 15.9433 0.0894733 -0.00887873 -3467.8 280.584
53 78.8694 7.01838 2519.37 -718.485 70.7845 -2.5071 0.0358833 -3616.39 287.752
54 135.176 2.60059e-09 2395.35 -684.279 66.5847 -2.26834 0.0309657 -3717.07 292.549
55 117.407 4.32987e-12 1355.23 -380.275 34.8777 -0.878136 0.00886381 -3594.63 283.961
56 66.202 9.47907 2516.69 -749.95 78.3173 -3.05252 0.0481243 -3387.07 276.001
57 147.478 0.606875 944.352 -216.409 13.6141 0.274725 -0.0130011 -3378.49 277.117
58 131.733 0 1033.81 -237.401 14.1077 0.323929 -0.0148895 -3267.96 269.475
59 138.555 8.4573e-08 620.704 -110.716 0.672404 0.927259 -0.0245623 -2935.17 254.493
60 120.138 3.4861e-12 2105.72 -606.378 58.8537 -1.95908 0.0265738 -3723.95 290.498
61 136.205 1.23604e-09 517.322 -70.4438 -5.00262 1.26486 -0.0318347 -3178.83 264.874
62 103.378 4.98091 102.117 79.2061 -23.1221 2.15585 -0.046822 -2956.32 256.835
63 20.8185 17.245 1995.64 -601.428 63.4063 -2.3808 0.0369048 -3542.7 286.508
64 86.8973 10.9487 2365.91 -631.41 58.6682 -1.855 0.0235733 -3827.24 297.169
65 117.005 12.3104 1311.92 -344.768 32.1926 -0.831174 0.0094798 -3723.02 293.599
66 100.477 10.9276 367.504 13.5208 -16.4037 1.86511 -0.0425034 -3033.95 260.691
67 153.258 4.37751 42.1978 99.3842 -23.9724 2.13452 -0.0458313 -2935.23 255.222
68 162.429 7.97025e-07 889.181 -170.584 6.18881 0.689273 -0.0208561 -3156.79 264.008
69 174.191 3.81917e-12 196.833 67.9515 -23.2806 2.18047 -0.0475469 -3088.36 257.547
70 152.476 1.73195 361.603 -10.562 -11.0389 1.482 -0.0341872 -3394.96 274.787
71 148.068 7.70173 619.566 -48.7371 -10.1425 1.57946 -0.0374755 -2944.3 257.872
72 111.031 8.30066 656.135 -94.1939 -1.85719 1.05696 -0.0268912 -3296.99 273.079
73 119.218 8.20814 897.003 -166.793 5.86637 0.692695 -0.0207091 -3259.89 268.879
74 152.775 1.8 223.484 44.1159 -18.896 1.94724 -0.0435417 -3174.85 265.99
75 143.382 6.14455 -670.957 329.471 -49.6421 3.30089 -0.0643928 -2991.89 257.173
76 163.599 6.07692e-10 1004.66 -222.441 13.261 0.318214 -0.0143095 -3308.51 270.487
77 159.734 9.16933e-11 446.856 -63.2252 -2.10238 0.905448 -0.0219051 -3517.39 278.865
78 86.81 9.23497 1643.2 -456.942 43.9972 -1.36125 0.0182429 -3775.03 294.52
79 139.853 9.95994 210.506 49.2906 -17.7531 1.81837 -0.0402095 -3105.92 264.858
80 83.6468 12.3608 247.472 40.7523 -17.7177 1.8357 -0.0406993 -3272.54 270.367
81 130.407 5.61389 22.3991 116.046 -27.0845 2.3092 -0.0490109 -3125.84 262.35
82 61.8388 13.3481 2406.35 -726.134 78.4652 -3.24634 0.0549417 -3404.93 275.372
83 84.0923 13.0596 -283.972 210.174 -37.2284 2.78664 -0.0571575 -2988.6 257.372
84 91.5905 13.6157 547.789 -92.3647 2.01049 0.682441 -0.0176999 -3585.55 284.957
85 68.6311 15.4806 2021.34 -552.342 53.0216 -1.69836 0.0224544 -3694.02 293.065
86 12.8985 25.2824 915.172 -262.059 28.2644 -0.905556 0.0153975 -3109.54 265.663
87 95.2622 12.0848 769.073 -158.827 7.92985 0.514689 -0.016913 -3465.62 280.993
88 58.1528 17.4777 1467.88 -357.616 28.8104 -0.448059 -0.000472405 -3444.95 280.609
89 70.1637 15.1828 55.4569 75.8367 -19.4849 1.86723 -0.0405147 -3359.16 278.851
90 69.5507 14.099 -485.675 273.811 -44.6769 3.16821 -0.0641805 -2951.35 256.602
91 81.5184 12.8334 456.459 -34.6167 -8.55923 1.38422 -0.0327209 -3158.12 266.118
92 40.7484 17.4475 398.82 -73.0004 2.25438 0.575443 -0.0143638 -3315.39 273.122
93 68.0055 15.4195 104.952 69.6895 -19.6067 1.9064 -0.0419004 -3096.08 264.146
94 27.5283 21.9236 242.831 8.56635 -10.636 1.38606 -0.0313624 -3355.17 278.184
95 84.0902 16.6225 2568.49 -732.807 75.5676 -2.88188 0.0443892 -3689.04 293.291
