0 335.532 3.33067e-13 -13.9236 165.568 -30.5649 2.24871 -0.0444856 -2468.85 220.357
1 345.586 1.14671e-07 22.3789 162.058 -30.4546 2.25648 -0.0449017 -2450.54 219.736
2 302.205 5.32907e-13 -769.259 395.43 -55.6443 3.41105 -0.0639734 -2386.77 215.843
3 304.688 7.2268e-08 1267.34 -247.271 16.4233 -0.00316473 -0.00607924 -2690.68 228.758
4 324.582 5.69803e-07 -304.942 258.888 -40.5701 2.66355 -0.0504453 -2545.74 221.139
5 314.6 8.39329e-12 -425.234 285.998 -42.8765 2.77883 -0.0529958 -2463.84 217.564
6 309.221 2.4003e-11 -384.192 276.456 -42.6046 2.80238 -0.0536669 -2381.14 215.657
7 298.372 6.4948e-12 190.51 80.0851 -19.4718 1.66947 -0.0341416 -2586.95 223.708
8 338.776 2.74514e-10 -583.675 349.65 -50.9993 3.1802 -0.0594886 -2470.62 220.066
9 294.686 5.32907e-13 -947.586 433.779 -58.5215 3.49619 -0.0648239 -2386.98 214.927
10 312.348 5.75459e-07 -844.256 420.608 -58.3566 3.51942 -0.0654432 -2449.09 217.651
11 323.581 2.7145e-11 -595.849 336.844 -47.9593 3.00197 -0.0565287 -2451.05 218.548
12 317.927 2.21712e-11 -995.039 456.573 -60.7731 3.57449 -0.0656222 -2382.25 215.038
13 336.113 8.45464e-09 -984.255 452.638 -60.6705 3.58345 -0.0659546 -2358.31 213.615
14 286.33 4.21885e-13 -425.412 261.107 -38.4106 2.51219 -0.0477117 -2519.49 220.459
15 324.721 2.91034e-10 147.47 109.484 -23.4656 1.86851 -0.0373804 -2494.41 220.411
16 288.874 7.77156e-13 260.164 51.6462 -15.8676 1.4947 -0.0312818 -2579.42 223.485
17 327.463 4.17444e-12 -834.425 411.916 -56.3981 3.38575 -0.0625765 -2363.71 213.976
18 327.576 4.10016e-10 -444.783 299.587 -45.3334 2.92117 -0.0554334 -2467.98 218.836
19 299.782 1.21014e-12 85.2663 107.153 -21.6426 1.74173 -0.0349885 -2442.08 217.189
20 337.641 1.08287e-09 -687.933 368.625 -52.2785 3.22951 -0.0604181 -2404.42 217.141
21 310.13 1.33227e-12 -617.722 357.981 -52.0376 3.24973 -0.0613218 -2411.82 215.991
22 319.858 2.84217e-12 -703.021 372.704 -52.4976 3.21341 -0.0596847 -2396.9 215.271
23 343.241 3.44169e-13 99.7939 146.23 -29.1166 2.2208 -0.0449208 -2355.42 215.192
24 343.306 1.27276e-10 -299.39 261.64 -41.0205 2.7069 -0.0515103 -2502.49 221.837
25 307.627 8.10463e-13 -379.402 270.409 -41.0345 2.69334 -0.0515013 -2398.53 215.739
26 339.126 1.04123e-08 -689.399 370.006 -52.0095 3.20488 -0.059993 -2381.51 216.224
27 320.981 2.4869e-12 -484.995 300.507 -44.4604 2.85414 -0.0539707 -2448.45 219.251
28 317.92 1.11022e-14 -1.03382 174.062 -32.5368 2.37464 -0.0471448 -2465.06 218.873
29 318.548 1.81066e-10 -293.498 253.764 -40.5798 2.73315 -0.0530036 -2454.59 219.027
30 299.453 1.9984e-13 -28.9908 162.773 -29.5206 2.17264 -0.0430684 -2462.54 218.206
31 356.699 1.22569e-11 -21.9463 164.401 -29.5348 2.1709 -0.0428441 -2440.45 220.026
32 257.923 9.99201e-14 44.5536 138.571 -28.6962 2.23973 -0.0452278 -2782.14 239.568
33 287.11 7.50539e-09 403.706 38.7979 -17.1854 1.70038 -0.0363916 -2679.67 237.798
34 302.813 6.34968e-09 -472.921 297.865 -45.1969 2.96029 -0.0563499 -2675 237.293
35 296.162 1.26454e-11 -48.0011 165.241 -30.8787 2.33043 -0.0468771 -2714.94 237.587
36 261.565 5.65104e-12 1383.42 -297.145 22.0985 -0.221196 -0.00292646 -2987.01 250.887
37 279.782 1.25566e-10 725.519 -94.0711 0.299746 0.764681 -0.0189088 -2811.9 243.063
38 296.34 1.55431e-13 34.3801 138.043 -27.7157 2.18985 -0.0444713 -2664.41 238.488
39 280.139 3.5083e-12 80.0956 104.861 -22.0546 1.8203 -0.0368357 -2745.44 238.055
40 256.898 3.33067e-14 472.182 -28.0752 -6.99421 1.12453 -0.0253894 -2879.18 245.737
41 283.122 1.07025e-10 -334.23 232.847 -36.2836 2.4829 -0.0477336 -2733.51 238.054
42 287.73 1.31333e-08 -211.077 213.057 -35.5379 2.53485 -0.0501799 -2709.57 239.117
43 287.37 1.26821e-10 -915.263 432.389 -59.6461 3.6257 -0.0674815 -2687.75 238.305
44 286.424 7.85039e-11 -153.192 192.799 -33.3165 2.39618 -0.0469683 -2667.99 234.637
45 283.846 2.78888e-11 -894.713 417.544 -58.1967 3.57159 -0.066926 -2732.29 238.335
46 261.502 1.94289e-12 -1203.91 506.669 -66.7824 3.91062 -0.0718448 -2643.71 232.149
47 295.543 3.22076e-11 508.699 -6.62197 -11.6196 1.39827 -0.0304419 -2669.56 235.502
48 302.571 3.42875e-08 -30.3414 180.623 -32.8861 2.41326 -0.0478916 -2669.02 236.591
49 266.467 8.43769e-13 -192.8 197.976 -33.1512 2.37673 -0.04689 -2700.72 235.463
50 295.291 5.57479e-08 -546.589 317.591 -47.0479 3.04621 -0.0579978 -2631.52 235.172
51 300.17 3.89261e-09 237.678 84.2886 -21.9207 1.90318 -0.0394463 -2580.04 232.182
52 283.327 2.86438e-12 -962.023 431.92 -58.467 3.52064 -0.0651437 -2642.25 233.463
53 283.32 1.16684e-10 -899.792 420.815 -58.0791 3.54903 -0.0666119 -2615.86 231.36
54 271.529 6.43929e-12 -910.46 420.907 -57.8981 3.55485 -0.0670288 -2641.32 234.628
55 259.963 8.47988e-11 1463.96 -321.132 24.58 -0.343305 -0.000596876 -2909.44 246.597
56 282.046 5.4269e-08 -704.873 362.654 -51.134 3.18699 -0.0597657 -2688.34 235.422
57 296.521 9.02861e-09 -585.572 338.467 -50.732 3.2365 -0.0609731 -2763.88 239.472
58 275.7 1.19901 -102.725 186.612 -33.1002 2.43308 -0.0484316 -2671.63 238.501
59 302.821 1.0849e-09 -634.189 354.152 -51.4505 3.29366 -0.0630604 -2594.85 235.73
60 268.573 8.99281e-13 1054.44 -171.005 6.16364 0.589478 -0.0174784 -2878.08 244.336
61 287.894 2.7091e-08 -142.134 197.39 -34.3694 2.47867 -0.0489564 -2631.03 233.973
62 266.901 2.44249e-12 329.223 29.8374 -14.1866 1.4902 -0.0318863 -2842.39 245.144
63 279.906 0 -1442.88 610.826 -81.2009 4.7039 -0.0866428 -2675.08 236.497
64 326.336 0 -478.058 306.346 -45.1483 2.89125 -0.0545892 -2593.71 228.561
65 331.556 2.5091e-12 -848.055 403.295 -53.7943 3.21464 -0.0589726 -2546.27 226.116
66 354.399 0 -516.858 317.635 -45.3166 2.84017 -0.0525938 -2453.04 223.602
67 247.776 7.32793 -636.219 330.436 -45.3669 2.82068 -0.0524137 -2513.4 225.721
68 304.757 1.17426e-09 -383.236 254.305 -38.4795 2.56525 -0.0489338 -2581.65 229.087
69 338.501 0 -308.797 251.989 -38.7449 2.55861 -0.0481983 -2532.61 226.206
70 328.436 6.73905e-12 -164.849 173.384 -27.0838 1.90981 -0.0359266 -2614.09 230.807
71 252.706 8.38385 -119.465 165.755 -26.5925 1.93684 -0.037878 -2613.38 229.793
72 306.076 5.60484e-06 -46.9475 153.749 -26.4058 1.96158 -0.0385291 -2586.26 228.545
73 333.238 7.9408e-09 -156.579 210.765 -35.1214 2.44533 -0.0473128 -2517.02 225.851
74 340.635 7.53708e-08 -332.225 244.249 -35.9246 2.37497 -0.044532 -2483.9 227.068
75 301.667 6.88338e-13 35.127 129.444 -24.2301 1.86813 -0.037006 -2505.73 222.869
76 332.979 2.99843e-09 453.598 2.826 -10.0469 1.21646 -0.0264302 -2570.19 227.796
77 254.016 6.21242 769.803 -85.996 -1.55517 0.842716 -0.0201745 -2601.11 226.812
78 308.546 2.44249e-13 -573.57 320.014 -45.3457 2.855 -0.0534533 -2555.26 226.241
79 170.954 19.5649 -279.317 222.478 -33.6108 2.28575 -0.0438989 -2523.83 225.289
80 334.47 3.80806e-12 -576.231 327.567 -46.5924 2.93552 -0.0550868 -2388.29 219.883
81 337.415 4.00294e-09 -377.441 265.671 -39.8129 2.61202 -0.0495768 -2484.26 222.78
82 329.796 1.18239e-11 -416.809 275.007 -39.9603 2.59411 -0.0490896 -2508.42 224.989
83 279.642 3.22742e-11 195.926 66.6254 -16.1806 1.45013 -0.0295325 -2637.23 228.022
84 318.611 7.90595e-09 -467.954 292.259 -42.686 2.74017 -0.0517887 -2535.87 223.321
85 313.411 3.30846e-11 83.1892 125.593 -24.7952 1.96516 -0.039804 -2516.64 226.952
86 290.266 1.93179e-12 -377.593 249.557 -37.0898 2.47985 -0.0477412 -2591.62 227.964
87 223.912 10.7777 308.229 36.2237 -13.3931 1.369 -0.0290631 -2612.47 228.988
88 307.761 1.20986e-08 -505.178 297.577 -43.7513 2.8471 -0.0544507 -2504.28 225.445
89 340.787 5.94913e-10 -247.257 218.553 -33.2392 2.27134 -0.0434009 -2383.34 221.887
90 340.712 8.99281e-12 -184.764 209.472 -32.9308 2.2948 -0.0446539 -2420 222.921
91 274.548 2.33147e-13 -418.687 266.843 -39.4738 2.59901 -0.0497889 -2502.47 222.482
92 310.482 7.58867e-06 1063.7 -202.221 14.1597 0.040209 -0.00598952 -2646.56 234.397
93 309.215 1.11022e-14 -113.538 183.03 -30.7421 2.22074 -0.0437779 -2498.59 225.131
94 249.691 9.15261 251.151 61.2187 -15.4184 1.42445 -0.029299 -2477.53 224.414
95 231.483 6.36712 1264.96 -269.039 21.3949 -0.288652 -0.000586658 -2688.05 236.067
