0 161.825 1.11022e-14 875.611 -172.76 8.40586 0.391194 -0.0131111 -2885.62 234.433
1 156.218 2.48357e-11 -203.804 187.856 -34.6609 2.53863 -0.0510143 -2661.21 224.272
2 193.875 1.62028e-09 -1119.27 499.243 -70.8289 4.27006 -0.0803474 -2685.32 225.634
3 159.62 8.77076e-13 67.5926 73.7167 -18.7017 1.63711 -0.0336863 -2839.41 229.842
4 143.828 3.33067e-12 -282.836 195.944 -34.3923 2.45482 -0.0485688 -2745.31 224.043
5 212.062 1.51498e-08 -1639.86 643.401 -84.9185 4.81445 -0.0872237 -2613.17 221.705
6 170.246 5.55112e-13 -740.853 357.202 -54.2789 3.4843 -0.0672719 -2637.12 221.446
7 189.776 5.09259e-11 -1672.31 654.133 -85.4771 4.82522 -0.0876443 -2557.02 217.492
8 147.554 6.21725e-13 -616.066 303.839 -46.647 3.05421 -0.0590883 -2707.19 223.824
9 196.14 8.10096e-10 -1108.76 489.941 -68.6034 4.11518 -0.0770084 -2480.36 216.281
10 166.263 1.09912e-12 -625.266 323.891 -49.7966 3.21406 -0.0617607 -2595.46 217.619
11 173.01 3.37408e-10 -10.3504 130.392 -28.201 2.20414 -0.0447363 -2633.42 220.942
12 151.123 2.10942e-12 83.3359 78.6309 -20.7733 1.81128 -0.0378192 -2711.24 224.375
13 193.6 7.36411e-11 -722.099 357.213 -53.4131 3.3816 -0.0643978 -2634.69 221.596
14 221.043 3.81531e-09 -998.252 463.392 -66.4997 4.04906 -0.0763475 -2565.63 220.285
15 228.004 1.78026e-08 -1385.31 585.47 -79.4538 4.60214 -0.0845277 -2549.82 219.136
16 152.204 1.88738e-13 -419.995 246.377 -40.4476 2.76493 -0.0542268 -2723.47 224.128
17 191.179 8.7171e-08 -1618.68 640.718 -85.2345 4.87061 -0.089373 -2557.12 215.861
18 215.492 6.24456e-10 -1627.21 644.898 -85.4247 4.86185 -0.0885534 -2572.28 219.988
19 166.962 4.55191e-13 -418.878 243.171 -39.4582 2.70815 -0.0531711 -2687.53 224.766
20 208.288 6.45599e-08 -541.089 300.903 -47.145 3.10701 -0.060315 -2577.65 219.693
21 175.865 9.21485e-13 133.163 72.5692 -20.2104 1.76904 -0.0366985 -2671.61 222.187
22 183.937 3.45568e-10 -1261.29 511.135 -69.1052 4.04511 -0.0744639 -2585.73 217.35
23 194.16 8.83683e-08 -531.564 291.986 -45.9372 3.03288 -0.0586652 -2688.29 224.394
24 187.085 1.51767e-11 -1016.53 453.839 -64.4277 3.93413 -0.0745371 -2520.99 217.434
25 194.348 5.03408e-09 -1342.18 545.61 -73.5457 4.31027 -0.0798081 -2521.92 219.004
26 194.863 1.53222e-10 -1130.91 476.199 -65.2601 3.87898 -0.0719883 -2564.19 217.963
27 164.288 1.07692e-12 -1524.08 584.565 -76.5823 4.40053 -0.0808597 -2565.77 217.914
28 154.62 9.90319e-12 485.47 -53.0825 -4.88892 1.0134 -0.0237102 -2678.1 222.625
29 180.377 1.18221e-08 -159.601 173.893 -32.3681 2.38744 -0.0478268 -2663.67 223.564
30 175.837 2.68008e-11 43.9275 113.788 -25.9845 2.10574 -0.0433596 -2736.63 228.064
31 245.861 5.84416e-08 -1502.65 600.226 -79.0439 4.5259 -0.0824725 -2495.95 219.597
32 225.895 2.32488 -504.798 300.603 -45.0165 2.92861 -0.0559854 -2504.56 223.578
33 296.134 2.51848 72.6893 134.68 -27.0198 2.11673 -0.0429366 -2506.87 226.107
34 250.993 1.21997e-09 246.661 49.5888 -15.7294 1.51448 -0.0319421 -2651.9 229.679
35 277.047 0.000160532 250.279 51.4749 -15.819 1.50906 -0.0317581 -2553.54 224.43
36 237.904 2.63153 -1158.18 491.45 -64.7394 3.78936 -0.0693833 -2554.01 227.019
37 271.441 1.50644 -514.361 309.098 -46.2377 3.01082 -0.0579771 -2460.82 221.785
38 214.765 10.1778 1447.87 -317.52 24.9439 -0.38749 -2.93976e-05 -2690.38 232.577
39 295.591 8.80685e-08 -826.896 399.144 -54.4898 3.32849 -0.0623253 -2463.84 223.564
40 307.709 3.02436e-10 -228.736 225.037 -36.1587 2.49488 -0.0485548 -2441.54 221.737
41 307.013 2.11708e-10 -372.448 253.124 -37.2262 2.42498 -0.0449633 -2597.42 230.256
42 241.521 1.62308 -143.997 175.5 -29.7395 2.15839 -0.0424783 -2561.45 224.736
43 290.922 1.15906e-09 -849.225 401.876 -54.3558 3.285 -0.0610171 -2404.21 218.24
44 309.616 4.44089e-14 -1747.72 693.76 -87.0723 4.82919 -0.0869353 -2400.01 220.891
45 293.955 2.10942e-13 -638.614 342.686 -48.8214 3.09424 -0.0588875 -2430.11 222.089
46 281.12 1.44329e-13 -747.787 362.537 -49.5594 3.03945 -0.0567042 -2485.58 219.999
47 314.811 1.61426e-11 -919.394 402.261 -51.0804 2.94066 -0.0517548 -2505.73 222.587
48 246.574 5.12705 -1102.02 479.451 -62.866 3.67528 -0.0675124 -2460.13 219.65
49 308.002 2.24265e-12 -1045.37 469.804 -62.4709 3.70398 -0.0685415 -2468.12 224.467
50 293.045 4.4964e-12 11.7547 126.687 -23.3413 1.83705 -0.0368568 -2535.78 226.811
51 282.297 5.66214e-13 495.837 -24.05 -6.75465 1.04619 -0.0233074 -2556.02 225.138
52 298.272 0 -1081.63 474.922 -62.1497 3.60987 -0.0652645 -2548.96 227.206
53 279.613 2.9976e-12 244.572 71.4623 -19.2201 1.69678 -0.0351443 -2427.65 217.969
54 298.264 3.86802e-10 -934.022 434.022 -58.6838 3.52577 -0.0656218 -2359.52 216.743
55 273.604 1.66533e-12 -489.732 294.84 -43.4831 2.82501 -0.0540624 -2455.85 220.642
56 284.318 1.00808e-11 669.426 -65.2336 -3.53155 0.951937 -0.0224795 -2585.92 227.498
57 292.144 7.08078e-10 -141.108 176.944 -29.6737 2.17384 -0.0430615 -2478.32 225.15
58 293.659 5.31593e-09 -757.013 364.169 -49.5828 3.04136 -0.0562903 -2464.33 224.094
59 286.13 0.245811 -783.071 370.797 -49.7882 3.02519 -0.0558301 -2456.54 222.04
60 248.811 4.32303 491.705 -21.8244 -6.94135 1.05419 -0.0236106 -2518.84 222.293
61 281.358 3.84004e-10 -1304.99 539.881 -69.6963 4.00851 -0.0731138 -2459.57 221.98
62 288.962 7.0721e-06 -524.172 320.07 -46.76 2.9987 -0.0573299 -2403.31 219.325
63 259.963 4.41901 -641.626 336.079 -47.032 2.96726 -0.0561877 -2422.59 221.61
64 271.669 1.24858 -582.836 326.43 -47.1159 2.97834 -0.0561121 -2613.26 227.658
65 268.307 1.47315e-10 -955.625 424.483 -56.7805 3.39459 -0.0626145 -2606.26 227.989
66 285.12 1.97587e-06 -521.582 302.828 -44.4183 2.86556 -0.0544011 -2572.93 227.693
67 214.907 6.72878 -499.355 295.348 -44.186 2.88418 -0.0551649 -2648.85 231.04
68 228.202 2.93941 238.137 50.4711 -15.7876 1.51071 -0.0315307 -2795.19 237.836
69 235.746 1.209 -394.238 244.706 -36.9753 2.4892 -0.0478242 -2663.25 231.371
70 282.097 5.96929e-09 -1044.09 471.912 -63.4743 3.76311 -0.0695127 -2556.92 226.933
71 246.374 2.89749 -810.858 390.837 -54.4198 3.34954 -0.0625721 -2541.81 228.112
72 278.38 2.53131e-12 -1236.37 530.879 -69.6695 4.01348 -0.0727154 -2643.67 231.438
73 223.395 7.07166 781.447 -108.726 1.8727 0.675352 -0.0173762 -2673.72 232.238
74 211.125 7.76088 -310.793 243.313 -38.8961 2.6581 -0.05187 -2627.78 228.939
75 259.809 1.60982e-12 -743.383 349.993 -47.7662 2.95104 -0.0548445 -2700.54 233.775
76 229.837 7.35748 -310.976 231.826 -36.1157 2.48716 -0.0483745 -2655.05 234.062
77 274.119 1.32281 -1261.46 537.579 -70.6678 4.08161 -0.0744641 -2558.14 225.84
78 285.518 8.42848e-07 -754.142 364.869 -49.9609 3.06455 -0.056977 -2549.21 225.139
79 283.546 4.44089e-14 -1239.92 508.586 -64.9937 3.74385 -0.0681713 -2556.73 226.367
80 249.867 6.94285 103.05 103.311 -20.7407 1.68019 -0.0335274 -2606.13 227.439
81 281.343 9.04277e-11 -1422.53 561.595 -70.5979 3.99413 -0.0719671 -2603.28 230.251
82 258.965 0.749414 -169.612 183.321 -30.4707 2.18794 -0.0426747 -2641.94 230.99
83 287.43 2.86882e-11 -440.671 260.889 -37.8226 2.47956 -0.0469405 -2565.88 226.717
84 265.541 2.23155e-12 283.61 28.5398 -11.3737 1.21007 -0.0253325 -2728.41 232.573
85 208.307 8.7978 -112.738 181.268 -31.7325 2.30766 -0.0455754 -2579.42 228.073
86 266.578 3.43805 289.534 37.6558 -13.5156 1.37988 -0.0291346 -2743.54 237.321
87 273.307 2.86418e-07 -459.561 273.583 -40.3051 2.65735 -0.0508151 -2594.54 230.246
88 249.251 4.89191 -837.136 406.602 -56.6265 3.50351 -0.0662662 -2588.29 232.393
89 291.376 2.50805e-09 -1192.35 507.203 -65.6221 3.79825 -0.0687123 -2541.83 231.992
90 195.16 9.67965 562.43 -45.2771 -5.41176 1.05155 -0.0243581 -2651.51 232.592
91 305.395 1.11022e-14 -665.984 338.328 -46.2303 2.88678 -0.0541734 -2407.1 221.827
92 217.591 4.32698 1732.82 -432.076 39.8439 -1.19067 0.0155607 -3109.26 254.713
93 227.389 10.6597 288.496 49.8585 -15.827 1.53192 -0.0324433 -2480.64 224.706
94 217.786 7.19318 1789.32 -415.979 35.2738 -0.853219 0.00779701 -2849.35 242.064
95 275.485 4.41663 -729.947 367.795 -50.8391 3.18507 -0.060296 -2516.97 231.65
