0 163.684 8.39694 -1075.28 454.772 -60.6709 3.61825 -0.0668865 -2695.24 234.087
1 222.947 4.75107 -959.348 442.987 -60.5339 3.64305 -0.067421 -2594.95 231.852
2 183.566 7.69845 -410.1 245.52 -36.6771 2.46306 -0.0473821 -2597.13 227.032
3 187.979 6.72221 -949.07 417.554 -56.5502 3.43737 -0.0645573 -2459.41 220.25
4 171.673 7.37538 -697.746 340.08 -48.2052 3.01491 -0.056284 -2509.91 222.192
5 198.678 1.3143 -533.205 294.976 -43.951 2.84621 -0.0538335 -2523.82 223.352
6 122 12.6917 -524.677 288.997 -43.4928 2.87045 -0.0554718 -2566.18 225.177
7 159.528 6.70876 -701.776 339.714 -48.679 3.08185 -0.0585096 -2581.14 224.417
8 211.374 1.64352 -831.316 398.498 -56.3961 3.47522 -0.065114 -2539.02 224.965
9 133.739 16.4005 -742.211 358.829 -50.1818 3.13439 -0.0592576 -2544.4 224.485
10 135.573 12.8575 -1024.75 455.439 -62.2559 3.73489 -0.06952 -2483.13 220.899
11 141.789 8.775 -960.608 411.687 -55.5321 3.35165 -0.0622797 -2588.17 224.477
12 238.693 1.50091e-10 -956.665 439.882 -60.6423 3.6578 -0.0680244 -2608.61 228.226
13 177.438 8.6446 -380.552 256.405 -40.0837 2.69606 -0.0519364 -2592.97 228.04
14 203.698 8.65355 -820.937 386.988 -53.0675 3.23586 -0.0599916 -2502.47 224.107
15 161.248 9.87708 -556.767 285.755 -41.0408 2.66503 -0.0507658 -2664.84 229.74
16 229.395 6.05386e-07 -942.884 420.033 -57.2375 3.44426 -0.063733 -2524.17 222.04
17 159.551 9.26344 -468.036 276.819 -42.1393 2.78232 -0.0534282 -2508.23 221.266
18 205.101 5.4473 -677.124 343.174 -48.3454 2.98635 -0.0550618 -2553.32 224.44
19 189.65 2.58025 -656.3 328.626 -47.4646 3.03908 -0.0579058 -2600.01 228.519
20 239.215 0.851769 -636.07 335.185 -48.0616 3.00977 -0.0562771 -2527.14 222.026
21 158.182 11.7597 -912.527 415.309 -56.7839 3.4647 -0.0651866 -2506.17 223.244
22 222.54 7.74936e-12 -761.937 350.96 -48.8911 3.03363 -0.0565212 -2523.51 222.468
23 167.004 8.9568 -721.292 328.137 -44.6821 2.79893 -0.0527329 -2642.8 227.773
24 213.642 4.58721 -1282.9 542.719 -71.8804 4.16057 -0.0759865 -2616.48 227.973
25 266.743 3.21965e-13 -1221.44 508.583 -65.5905 3.76655 -0.0678536 -2535.6 226.336
26 223.687 5.77316e-13 -481.264 266.965 -39.2311 2.54754 -0.0474214 -2488.15 222.839
27 207.177 6.41401 -1127.13 477.644 -62.7815 3.68511 -0.0675808 -2458.94 221.938
28 119.949 15.3449 -1100.22 475.964 -64.7466 3.90662 -0.0737316 -2531.92 224.837
29 251.318 2.53411 -1031.53 462.371 -61.8115 3.63428 -0.0660932 -2447.63 222.282
30 165.567 12.3928 -516.767 302.922 -44.8473 2.89393 -0.0548219 -2391.21 218.824
31 175.643 10.2915 -1180.46 497.734 -65.5596 3.85392 -0.0711917 -2439.09 221.146
32 214.948 7.89502 -708.801 373.313 -53.4078 3.31237 -0.062048 -2569.07 226.511
33 191.685 9.76354 -282.151 220.792 -34.2525 2.27808 -0.0420582 -2737.37 233.299
34 170.43 11.6982 -1132.85 484.669 -63.4965 3.67837 -0.0665196 -2490.74 221.993
35 149.858 13.0013 50.3248 97.8389 -19.5226 1.616 -0.0325248 -2744.73 232.839
36 233.731 3.30874 -1071.98 461.255 -60.7965 3.57369 -0.0653717 -2492.53 222.766
37 175.796 10.692 -751.297 374.223 -52.9917 3.29752 -0.0620421 -2591.09 228.772
38 189.966 6.94998 -865.49 396.025 -53.8452 3.23764 -0.0592663 -2573.93 225.471
39 250.627 5.102e-06 -294.452 205.548 -30.5011 2.01206 -0.036213 -2667.61 229.766
40 257.32 1.19295e-08 -657.411 336.534 -47.2799 2.93077 -0.0543146 -2481.54 219.891
41 222.301 9.32587e-13 -779.785 367.092 -51.3616 3.16859 -0.059143 -2617.21 225.737
42 261.461 0.897001 -275.371 219.303 -34.0144 2.27662 -0.0424458 -2720.21 232.315
43 205.316 4.49285 -802.45 374.544 -51.5217 3.1587 -0.0590548 -2540.3 221.708
44 231.315 2.44987e-07 -1003.51 437.099 -59.2429 3.53872 -0.0652296 -2572.66 224.294
45 196.617 7.93743 -281.639 202.262 -30.5729 2.06236 -0.038304 -2529.57 221.897
46 172.565 12.3618 -416.987 262.269 -38.8735 2.53805 -0.0477969 -2533.67 223.358
47 201.698 6.65646 -734.904 350.235 -48.0943 2.95987 -0.0550498 -2431.38 216.626
48 165.692 8.56414 -662.355 335.29 -47.8637 2.99117 -0.0558266 -2536.55 221.478
49 244.131 3.25295e-12 -465.78 266.349 -38.9904 2.51486 -0.0466481 -2543.88 223.421
50 216.128 1.43219e-12 -369.016 215.624 -31.5081 2.08993 -0.038421 -2569.29 224.63
51 223.092 3.70894 -974.758 431.737 -57.251 3.38161 -0.0618031 -2527.37 222.511
52 196.077 6.39333 -636.416 323.881 -45.9764 2.90687 -0.0549478 -2543.46 222.507
53 185.58 10.9345 -632.35 324.387 -45.8353 2.91125 -0.0555312 -2516.92 221.65
54 112.754 17.4863 -653.617 328.288 -46.3315 2.88968 -0.0536262 -2462.6 219.103
55 166.975 10.4803 -550.391 295.539 -42.4437 2.74231 -0.0524498 -2489.32 220.506
56 173.27 7.784 -388.298 246.466 -37.4086 2.4965 -0.0479201 -2556.43 221.561
57 175.095 8.29442 -684.494 330.976 -46.1275 2.88948 -0.053911 -2470.46 222.374
58 166.012 5.85428 -1043.16 434.732 -57.2581 3.36609 -0.0611441 -2615.13 225.362
59 171.175 8.97259 -798.348 369.062 -49.9416 3.04682 -0.0563639 -2480.94 222.174
60 151.099 13.2726 -140.05 167.276 -28.1463 2.05255 -0.0403169 -2742.27 232.4
61 93.4117 20.8721 -1325.53 548.105 -71.6907 4.14293 -0.0759852 -2439.75 219.078
62 112.49 16.8914 -661.302 329.099 -46.0711 2.87075 -0.0532466 -2505.44 222.136
63 158.391 11.5484 -719.492 338.874 -46.1078 2.85548 -0.0531065 -2433.29 219.656
64 194.533 0.501326 -1179.69 483.216 -63.1646 3.61213 -0.0641732 -2873.45 236.028
65 113.002 6.09023 -949.187 403.257 -55.2074 3.29819 -0.0599291 -2753.97 229.327
66 155.128 7.92684 -1118.63 477.547 -63.7506 3.74083 -0.0682891 -2613.28 227.212
67 93.5161 10.7925 -525.778 261.748 -38.2935 2.51804 -0.0480754 -2674.94 225.5
68 114.991 9.45153 -694.485 332.641 -48.1886 3.06302 -0.0582523 -2556.9 220.916
69 91.368 8.71259 -1045.59 426.798 -57.8373 3.47278 -0.0643772 -2647.95 223.923
70 136.328 7.76713 -866.862 388.789 -53.5855 3.25002 -0.0600293 -2578.07 222.328
71 130.099 8.74599 -1178.02 481.009 -63.0448 3.65907 -0.0661289 -2576.37 224.855
72 154.651 9.14281 -366.759 236.01 -35.908 2.35365 -0.0433846 -2636.2 225.975
73 164.436 4.79624 -842.336 373.093 -51.0141 3.10245 -0.0572435 -2576.99 222.331
74 153.209 6.15754 -399.153 239.364 -36.5753 2.43705 -0.0458782 -2617.99 226.63
75 75.2303 11.2397 -464.831 242.357 -36.4308 2.43479 -0.0465805 -2616.19 222.258
76 179.419 4.8277 -643.68 322.785 -46.4089 2.91893 -0.0544213 -2526.25 221.03
77 155.447 4.34131 -908.322 392.884 -53.3766 3.21626 -0.0593621 -2552.26 218.944
78 98.8472 10.4657 -1168.42 475.802 -63.0332 3.6853 -0.067402 -2541.6 218.586
79 120.839 6.86209 -678.607 313.306 -44.5012 2.81799 -0.0528545 -2638.79 225.448
80 175.131 3.19171 -862.917 380.413 -51.927 3.12979 -0.0571693 -2693.68 227.926
81 119.041 9.99294 -679.202 320.073 -45.347 2.8437 -0.0529111 -2546.51 220.797
82 129.946 5.35133 -949.39 404.852 -55.1343 3.30428 -0.0605442 -2663.59 225.055
83 134.08 7.458 -1153.73 460.311 -60.3066 3.5505 -0.0654608 -2505.43 218.048
84 191.588 2.16063 -496.163 272.027 -39.77 2.52818 -0.0461691 -2774.77 232.464
85 145.187 7.93938 -785.27 357.038 -48.8201 2.95788 -0.0536874 -2569.07 223.685
86 144.262 10.5245 -743.867 349.08 -48.4579 2.98185 -0.0549072 -2546.16 223.642
87 107.018 11.3997 -1083.11 432.911 -56.3784 3.32171 -0.0607346 -2606.93 223.978
88 113.153 15.4904 -671.82 337.296 -48.3376 3.04252 -0.0572743 -2551.03 223.048
89 72.1656 18.0899 -750.572 343.547 -48.2169 3.03554 -0.0574654 -2494.01 220.636
90 98.7628 8.85817 -865.04 378.499 -52.6087 3.2341 -0.0604754 -2544.15 219.952
91 82.2535 17.4948 -737.724 338.672 -47.0978 2.95306 -0.0557408 -2512.53 220.346
92 106.358 13.5191 -954.878 422.432 -58.5906 3.58453 -0.0678431 -2559.46 221.319
93 106.48 12.9974 -1345.04 524.505 -67.4714 3.88565 -0.0708866 -2450.33 217.503
94 129.721 11.0254 -513.518 273.976 -39.7737 2.57955 -0.0485997 -2441.75 217.961
95 133.49 8.13672 77.7984 67.5507 -15.076 1.37163 -0.0279899 -2697.19 229.024
