0 136.234 16.8249 -909.573 421.363 -58.1884 3.56307 -0.0665742 -2685.6 238.802
1 125.39 17.453 -1047.73 467.409 -63.103 3.77576 -0.070017 -2610.41 233.426
2 147.812 13.5493 -505.462 289.316 -43.3802 2.89375 -0.0562531 -2663.53 236.605
3 130.257 15.0118 -675.765 337.92 -48.7842 3.14404 -0.0603487 -2683.7 236.959
4 132.105 12.4816 657.615 -103.947 3.58864 0.529758 -0.013928 -3030.36 252.427
5 195.877 8.46735 -1486.35 605.693 -78.8878 4.53191 -0.0829614 -2549.33 230.085
6 186.231 8.49146 -1195.82 505.943 -66.9981 3.95302 -0.0729796 -2594.02 232.959
7 160.578 8.08369 -927.874 407.422 -55.8234 3.42143 -0.0640124 -2627.53 232.136
8 252.341 0.134248 -724.424 357.328 -50.0556 3.10453 -0.0573481 -2696.95 238.136
9 168.236 8.39893 -861.416 401.428 -56.1333 3.46293 -0.0647812 -2665.47 235.79
10 219.415 4.28351 -896.143 408.934 -56.2787 3.4463 -0.0641672 -2702.49 238.669
11 174.431 7.66902 -400.19 249.752 -38.3999 2.59805 -0.0499327 -2664.96 234.633
12 190.81 5.54573 -733.681 359.26 -51.4578 3.26377 -0.0620381 -2605.69 232.786
13 168.497 7.8188 -741.8 363.677 -51.9297 3.24072 -0.0604778 -2699.81 235.413
14 158.2 13.1243 -592.743 305.064 -43.3896 2.80059 -0.053086 -2581.5 232.005
15 218.673 3.03163 -749.165 362.347 -50.8974 3.15833 -0.0584153 -2810.83 243.387
16 254.891 0.123088 -315.688 223.298 -34.4059 2.31882 -0.0429016 -3132.57 260.186
17 166.04 10.8734 -604.069 320.007 -46.7557 3.00792 -0.0570921 -2729.49 237.243
18 197.74 6.67126 -864.003 391.041 -53.125 3.24346 -0.0600628 -2561.31 230.345
19 147.966 16.3388 56.7466 97.3832 -19.5517 1.66688 -0.0342103 -2656.35 234.542
20 196.941 6.95763 -925.318 419.095 -57.4927 3.51051 -0.0656019 -2657.87 234.927
21 256.165 4.71023e-10 -759.45 351.66 -47.2252 2.84428 -0.0508138 -3004.38 250.403
22 177.719 12.4841 -119.231 177.678 -31.1167 2.29468 -0.0454892 -2540.65 230.225
23 166.09 8.64766 -620.945 313.722 -45.1208 2.88771 -0.0541739 -2645.46 234.175
24 248.637 0.807483 -856.148 394.496 -53.5208 3.22142 -0.058396 -2792.94 242.474
25 237.451 5.90184e-07 -672.563 326.725 -45.4888 2.81343 -0.0509017 -3005.68 251.775
26 112.92 17.7413 -692.847 341.496 -48.8145 3.12138 -0.0594944 -2560.25 230.994
27 179.269 5.51798 -896.902 401.795 -55.3366 3.40639 -0.064026 -2617.59 231.063
28 166.124 11.4098 -931.232 429.56 -59.3478 3.61478 -0.0675979 -2549.12 228.472
29 216.339 5.69263 -1152.53 498.447 -66.574 3.93464 -0.0724313 -2513.14 229.436
30 127.964 15.9106 -1173.05 495.662 -66.2714 3.9465 -0.0735642 -2555.74 229.132
31 204.932 8.60766 -1001.86 450.864 -60.7521 3.62245 -0.066629 -2625.64 232.809
32 208.128 7.211 -1084.38 467.215 -61.471 3.57099 -0.0641194 -2834.25 240.562
33 147.017 16.3554 -951.53 440.216 -60.3917 3.64565 -0.0678623 -2512.93 225.561
34 204.588 5.32562 -1026.81 455.405 -61.2051 3.59165 -0.0648192 -3000.01 247.828
35 173.864 10.5624 -1182.43 502.969 -66.7246 3.90799 -0.0718238 -2438.33 219.89
36 192.939 8.53408 -504.951 284.482 -40.9434 2.5816 -0.0469237 -2905.76 242.85
37 178.291 10.6099 -692.68 342.044 -47.2044 2.88663 -0.0524856 -2786.24 237.317
38 190.853 13.4513 -629.343 332.75 -46.6341 2.91862 -0.0542645 -2526.87 228.358
39 187.327 9.25175 -635.04 327.637 -46.55 2.92664 -0.0547195 -2530.65 224.271
40 131.36 15.3051 -52.2396 137.394 -25.3285 1.9705 -0.0397709 -2680.54 231.647
41 95.3525 18.3831 1071.03 -265.29 25.5763 -0.730686 0.0110135 -2934.57 242.432
42 178.327 14.1192 -587.04 310.329 -43.8326 2.79467 -0.0526903 -2429.41 222.049
43 151.498 11.373 -983.29 426.384 -57.2625 3.44503 -0.0640712 -2516.56 222.927
44 156.003 13.0601 -941.735 421.969 -57.1102 3.45627 -0.0644513 -2451.11 221.984
45 130.72 11.602 -749.351 354.578 -50.0474 3.11908 -0.0583134 -2597.21 227.11
46 211.072 8.50631 -888.177 407.108 -54.6869 3.2976 -0.0611289 -2453.9 221.447
47 146.156 13.672 -626.75 312.02 -43.8713 2.79972 -0.0532515 -2463.53 219.927
48 157.095 10.9685 -803.738 374.821 -51.3279 3.10495 -0.0566227 -2727.25 233.53
49 157.978 9.17843 -921.372 402.21 -54.0868 3.257 -0.0597498 -2602.93 229.358
50 220.31 5.76555 -914.505 410.446 -54.576 3.22716 -0.058293 -2566.54 226.195
51 135.801 15.1564 -530.685 285.7 -41.622 2.70954 -0.0515864 -2403.27 218.031
52 156.91 15.7833 -1012.78 440.662 -57.4562 3.32636 -0.0591697 -2598.89 228.401
53 196.12 10.8159 -671.497 340.114 -46.943 2.88561 -0.0529014 -2497.78 223.78
54 138.27 14.4192 -278.82 208.807 -33.0986 2.30866 -0.0448669 -2535.91 223.931
55 101.544 20.7659 -619.957 316.224 -44.883 2.86825 -0.0545765 -2520.69 223.881
56 149.74 15.1954 -447.257 265.346 -38.1822 2.41465 -0.0436008 -2926.53 242.641
57 219.701 5.34629 -560.213 296.546 -41.8794 2.63462 -0.0481577 -3017.27 250.064
58 142.486 15.6215 -502.137 280.615 -40.9641 2.68589 -0.0516033 -2495.12 222.106
59 153.86 10.7981 -883.389 384.411 -51.2573 3.08871 -0.0565909 -2548.38 225.276
60 111.384 16.6513 -686.668 332.041 -46.7088 2.93706 -0.0552474 -2595.13 225.769
61 177.135 12.2265 -993.957 433.879 -57.0607 3.35359 -0.0605528 -2654.29 232.824
62 137.425 19.8267 -841.882 396.652 -53.5822 3.21773 -0.058805 -2651.9 232.088
63 149.64 17.2031 -626.583 316.929 -44.1211 2.81317 -0.0534768 -2493.69 224.855
64 289.954 4.69884e-09 -1233.86 525.506 -67.5694 3.78336 -0.0666416 -2580.91 222.007
65 316.491 2.17898e-09 -972.822 458.586 -60.7518 3.48313 -0.0616807 -2531.72 221.679
66 296.112 2.51903 -1120.82 512.196 -68.4687 3.99201 -0.0732686 -2446.18 219.467
67 127.268 20.3386 -936.281 439.996 -60.084 3.59109 -0.0667951 -2488.22 217.485
68 307.929 5.55112e-14 -798.154 405.507 -55.9437 3.33293 -0.0605371 -2680.61 229.513
69 266.822 7.10543e-13 -1118.75 484.648 -63.7487 3.68018 -0.0667452 -2371.56 210.413
70 245.041 4.83561 -461.247 281.935 -41.509 2.68785 -0.051087 -2418.96 215.849
71 204.461 12.0679 -242.663 228.926 -36.5036 2.49225 -0.0484169 -2449.09 218.368
72 277.756 2.43589e-08 -1172.9 508.605 -66.2581 3.78072 -0.0677674 -2566.03 223.278
73 254.382 3.74346 -619.456 340.673 -48.4577 2.99015 -0.0551759 -2512.02 220.818
74 332.345 6.47371e-11 -965.247 442.328 -57.1532 3.21301 -0.0555354 -2994.87 241.509
75 287.915 5.77316e-13 -788.047 378.013 -50.7659 2.99465 -0.0534633 -2665.58 226.823
76 242.082 5.49874 -674.596 351.058 -49.4305 3.08052 -0.0582489 -2490.01 218.888
77 294.877 2.35589e-11 -655.101 340.262 -46.5178 2.80203 -0.0505178 -2555.84 221.699
78 288.407 1.3356e-11 -683.013 345.159 -46.6653 2.79001 -0.0498589 -2554.62 222.83
79 273.154 4.84057e-12 -933.684 423.934 -56.3296 3.29647 -0.0594109 -2532.75 220.763
80 284.672 3.33678e-10 -461.862 274.402 -38.6914 2.39486 -0.0428409 -2517.94 219.09
81 316.033 8.02003e-10 -311.847 239.588 -34.7512 2.16679 -0.0378495 -3032.21 244.512
82 238.795 3.71631 -1002.32 440.295 -58.073 3.39467 -0.061682 -2441.79 215.083
83 279.418 1.48821e-08 -1070.19 470.643 -61.6986 3.54862 -0.0635346 -2546.47 221.766
84 267.926 8.78186e-12 -727.876 356.134 -48.1838 2.86266 -0.0510587 -2555.65 220.828
85 155.614 19.953 -785.777 385.007 -51.9078 3.08142 -0.0554216 -2545.58 224.199
86 294.94 1.52462 -961.852 443.752 -58.6104 3.4116 -0.0612716 -2517.24 223.985
87 221.74 8.25961 -1175.66 505.953 -66.292 3.83038 -0.0698519 -2463.91 217.6
88 204.062 12.2023 -763.261 378.671 -51.3913 3.05717 -0.0548074 -2513.36 223.232
89 233.294 5.97103 -664.529 338.749 -46.662 2.85773 -0.0522668 -2458.48 220.396
90 238.011 5.54381 -721.321 360.778 -49.6687 3.03154 -0.0560075 -2492.19 220.319
91 266.772 2.3298 -831.156 396.927 -53.6309 3.21635 -0.0591816 -2403.13 215.947
92 245.151 3.10621 -1170.63 504.719 -66.2257 3.8217 -0.0694363 -2407.82 215.222
93 254.999 1.89312 -587.421 305.323 -41.226 2.49545 -0.0441886 -2740.85 233.143
94 204.586 7.01921 -911.004 401.513 -53.8314 3.24583 -0.0601303 -2489.8 220.882
95 239.946 4.22741 -625.399 305.421 -41.4706 2.6142 -0.0491159 -2449.25 219.603
