0 251.46 2.921e-11 -223.162 213.254 -38.3023 2.88804 -0.0597635 -3236.55 274.522
1 253.914 2.44249e-11 -270.378 209.98 -35.3327 2.62527 -0.053366 -3385.17 280.869
2 256.025 7.7692e-08 -360.539 222.125 -34.6747 2.53204 -0.050918 -3297.77 281.123
3 262.033 1.44329e-13 -1261.5 550.417 -76.8513 4.79761 -0.0940871 -3261.78 278.999
4 257.343 4.57079e-11 -1151.43 511.804 -72.0534 4.51945 -0.0883187 -2922.71 259.532
5 255.073 1.48248e-10 -828.566 397.079 -57.4346 3.72154 -0.0726703 -3135.85 270.787
6 252.478 1.00853e-10 -483.347 297.162 -48.0196 3.38693 -0.0691507 -3013.59 264.087
7 253.16 3.35287e-12 -693.027 355.167 -52.6853 3.46281 -0.0673295 -2958.82 260.509
8 250.022 7.7649e-11 -157.747 170.176 -30.7262 2.41981 -0.0500944 -3394.14 284.148
9 266.239 2.83107e-12 -1700.41 692.628 -92.4123 5.45806 -0.103371 -2540.64 242.073
10 252.846 7.32747e-12 -96.0345 125.973 -22.1053 1.81937 -0.0366815 -3315.23 278.853
11 269.992 3.91964e-10 1455.07 -348.378 29.2236 -0.559691 0.00346781 -3421.24 283.24
12 253.06 4.57412e-12 313.774 -5.71277 -6.91871 1.05356 -0.0228163 -3307.32 275.33
13 257.126 2.67564e-11 -945.724 449.42 -65.0159 4.13225 -0.080485 -2620.65 241.249
14 249.861 2.12164e-11 1594.67 -449.344 47.7538 -1.79547 0.0305929 -2871.3 256.819
15 266.927 6.38711e-11 2078.63 -561.189 55.2221 -1.91973 0.0288559 -3480.12 284.12
16 255.613 8.41549e-12 784.35 -156.657 10.1155 0.250236 -0.00914584 -3213.23 272.321
17 262.996 4.80549e-10 455.583 -59.9442 0.611101 0.6572 -0.0153438 -3189.12 274.742
18 256.675 2.38143e-11 -654.422 343.39 -51.6543 3.4652 -0.0689991 -2988.38 260.812
19 261.936 1.61349e-10 119.718 76.3442 -18.8227 1.77036 -0.0376829 -3409.91 281.76
20 257.157 3.20299e-11 481.508 -52.6582 -2.39082 0.875854 -0.0201457 -3374.47 281.209
21 258.101 8.15905e-08 36.8926 104.08 -22.3107 1.96338 -0.0415703 -3275.11 275.698
22 334.389 1.23649e-08 583.684 -7.07718 -16.5674 1.93306 -0.0440756 -2954.82 258.475
23 266.526 2.88658e-13 -800.339 388.153 -56.2031 3.67172 -0.0725061 -2652.46 244.426
24 258.878 1.58318e-11 -572.283 314.256 -47.9841 3.27339 -0.065205 -2971.28 261.48
25 253.971 3.53051e-11 1188.41 -296.122 27.1242 -0.61583 0.00676155 -3324.68 279.93
26 267.45 3.16034e-09 867.946 -157.475 7.08133 0.542344 -0.0166901 -3258.07 273.453
27 259.182 1.15907e-11 -145.237 179.646 -32.8635 2.53459 -0.0523937 -3066.71 262.534
28 320.492 2.90878e-12 938.973 -129.373 -1.74737 1.2012 -0.0314388 -2964.51 258.866
29 273.918 5.32907e-13 963.758 -171.166 6.48728 0.681752 -0.020782 -3075.13 266.266
30 263.812 9.9587e-12 -491.953 282.89 -43.5249 3.02448 -0.0607091 -2770.13 249.832
31 276.917 5.21805e-13 503.108 -15.1184 -12.1173 1.60516 -0.0374079 -3073.94 263.17
32 272.655 6.71685e-12 2142.75 -551.919 48.2836 -1.25558 0.0118185 -3674.97 296.109
33 239.103 8.77076e-13 156.954 84.7644 -24.152 2.24814 -0.0491767 -3015.28 265.409
34 240.151 3.46889e-10 1902.79 -502.37 46.2486 -1.32467 0.0157691 -3288.27 278.283
35 241.238 1.34781e-11 1055.87 -211.955 10.6658 0.49809 -0.0176207 -3426.94 283.149
36 260.007 5.4623e-12 1260.32 -264.475 15.2108 0.317314 -0.0148168 -3198.17 270.316
37 225.298 9.99201e-13 388.825 -14.0128 -9.92739 1.42185 -0.0327482 -3101.2 268.312
38 210.289 5.25135e-12 1546.91 -410.937 38.2908 -1.07202 0.0135989 -3488.41 286.633
39 216.912 2.37999e-10 2086.02 -598.809 61.7179 -2.29054 0.0357102 -3040.39 262.49
40 224.155 5.798e-09 -193.779 186.733 -34.4248 2.65807 -0.0549305 -2806.37 252.304
41 243.998 3.78619e-08 2974.6 -864.996 90.7983 -3.71218 0.0615567 -3284.4 272.387
42 251.445 5.08683e-08 2943.69 -828.181 82.9113 -3.12556 0.0479255 -3390.6 280.409
43 265.99 9.32587e-13 1106.71 -203.529 7.19418 0.752171 -0.0232193 -2870.48 254.079
44 240.348 1.59872e-12 1844.39 -485.111 44.5762 -1.28452 0.0157421 -3354.02 278.224
45 211.253 1.54321e-12 689.493 -125.659 4.64263 0.608881 -0.0170079 -3450.87 281.366
46 213.029 6.08402e-12 -175.244 169.256 -31.4443 2.49542 -0.0521259 -3074.81 265.734
47 211.755 9.3181e-11 1033.34 -256.195 22.3649 -0.39993 0.0032099 -3270.42 272.063
48 228.177 2.03171e-11 54.4217 121.197 -28.7577 2.45191 -0.0523066 -2884.6 254.739
49 221.728 1.39e-11 1883.9 -526.327 52.7188 -1.84476 0.028215 -3312.31 276.075
50 237.73 8.81961e-11 2241.04 -626.99 62.7815 -2.27845 0.0348205 -3317.4 274.071
51 213.624 2.09832e-12 1211.03 -291.817 23.2892 -0.276424 -0.00194014 -3517.62 283.705
52 209.892 4.54636e-11 453.364 -62.8163 -0.782008 0.78494 -0.0186453 -3319.34 274.572
53 237.32 4.69659e-08 2636.18 -743.82 74.6634 -2.77292 0.0421316 -3312.44 274.966
54 301.568 3.27838e-10 3060.49 -876.105 89.9313 -3.55711 0.0567629 -3401.41 277.086
55 287.128 2.30926e-12 2258.77 -585.183 52.4386 -1.51749 0.0172953 -3565.87 285.29
56 205.754 1.9984e-13 1147.67 -313.695 31.5551 -0.980844 0.0156912 -2944.43 256.455
57 223.187 1.04285e-09 216.439 50.6287 -18.4073 1.86868 -0.0413422 -2988.66 258.466
58 214.006 1.11355e-11 1784.79 -506.129 51.6565 -1.83786 0.0285381 -3347.78 277.22
59 249.37 5.79353e-08 2995.1 -863.905 89.1918 -3.52908 0.056267 -3223.81 270.086
60 204.406 6.66134e-13 1769.47 -518.016 54.9572 -2.09009 0.0345231 -3067.5 263.651
61 224.644 8.3953e-08 1207.06 -286.41 22.5107 -0.232077 -0.00274558 -3361.59 276.701
62 223.969 2.44726e-10 1772.61 -477.283 45.348 -1.38744 0.0180342 -3678.16 290.467
63 703.486 4.25382e-09 3969.34 -1145.63 118.085 -4.79586 0.0762328 -3589.51 285.331
64 38.2678 23.1544 411.785 -98.452 10.4468 -0.140718 0.00424901 -3456.88 281.26
65 212.45 1.05482e-10 23.2546 70.6657 -15.5121 1.50374 -0.0312923 -3673.64 295.578
66 208.142 3.88911e-11 -727.934 354.421 -53.8301 3.65337 -0.0734244 -3323.22 281
67 131.677 11.8996 -492.44 253.327 -37.9778 2.66738 -0.0529795 -3445.58 283.564
68 215.906 2.13574e-10 -404.579 227.45 -35.825 2.6044 -0.0522655 -3553.42 291.334
69 213.043 3.81251e-11 -744.159 379.826 -58.6365 3.91586 -0.0780148 -2806.11 252.136
70 38.877 26.1184 -575.187 288.156 -42.5216 2.91572 -0.0573547 -3460.41 288.944
71 216.611 4.15537e-08 -323.968 197.986 -31.9117 2.38609 -0.0481811 -3326.27 278.377
72 46.2414 23.6417 -1244.54 517.588 -70.7564 4.35768 -0.0838051 -2957.82 260.058
73 203.962 1.24678e-11 -205.516 153.293 -26.542 2.11709 -0.0432686 -3644.98 294.732
74 212.717 4.22291e-08 -1326.4 553.946 -76.8449 4.74281 -0.0918828 -3268.55 275.167
75 213.722 0 -1744.16 699.207 -93.6971 5.46243 -0.101202 -2665.63 247.007
76 211.812 3.14238e-10 578.392 -118.248 7.40794 0.330062 -0.00950512 -3202.24 275.49
77 205.667 3.32401e-11 257.514 -20.1782 -2.9884 0.764786 -0.0159189 -3625.84 292.522
78 209.201 1.01896e-10 94.4183 44.0098 -11.6341 1.23942 -0.0249613 -3294.5 277.171
79 214.395 1.1001e-07 -753.898 348.024 -50.3325 3.32123 -0.0649724 -3566.81 289.484
80 77.1098 19.3733 -1885.71 745.423 -99.2029 5.81712 -0.110202 -3000.78 261.585
81 198.425 2.06124e-09 -312.598 189.18 -30.5448 2.26672 -0.0448561 -3680.45 293.706
82 199.963 1.25988e-10 -873.252 399.3 -58.139 3.75154 -0.0730214 -3514.1 283.442
83 174.352 5.52714 -932.158 409.357 -57.8195 3.71524 -0.0724513 -3159.04 270.182
84 133.901 10.5125 -1600.08 643.629 -86.616 5.15419 -0.0978827 -2724.67 245.555
85 123.383 12.7029 -1031.78 442.996 -61.5722 3.87459 -0.074566 -3344.41 279.008
86 27.5399 27.1711 -1773.35 703.297 -93.7434 5.57221 -0.106956 -3436.73 283.654
87 209.284 6.1573e-11 -1672.15 656.522 -87.2469 5.17246 -0.0980151 -3277.65 274.749
88 200.978 1.74083e-11 -1288.03 545.071 -76.6743 4.76473 -0.0925887 -3006.08 261.41
89 206.693 4.26694e-09 -1249.06 513.559 -70.4987 4.37208 -0.0846978 -3535.57 287.534
90 39.6158 25.0168 -1808.35 715.505 -95.3429 5.64645 -0.107951 -2763.37 250.38
91 174.345 4.90149 -1255.91 519.151 -71.0403 4.36739 -0.0840117 -3464.81 282.198
92 196.098 6.20581e-10 50.4723 34.3744 -7.52166 0.862767 -0.0149898 -3510.88 286.97
93 196.995 1.65009 -1745.25 689.685 -92.3858 5.49801 -0.105127 -3153.58 269.285
94 203.203 2.23233e-10 -1434.68 541.37 -67.6102 3.77374 -0.0652299 -2753.65 241.35
95 46.2264 24.7068 -489.949 247.294 -36.0685 2.52066 -0.0498664 -3687.47 293.486
