0 403.055 1.11022e-14 2274.7 -468.154 32.9642 -0.594567 0.00318496 -2918.12 238.659
1 520.005 4.2889e-10 2796.32 -605.721 47.2199 -1.26942 0.0151647 -2587.09 222.647
2 477.775 3.44169e-13 2295.08 -494.008 36.639 -0.734621 0.0045414 -3046.22 247.906
3 540.913 8.73975e-08 2363.36 -457.326 28.6741 -0.281997 -0.00380587 -2670.1 224.825
4 430.369 6.66134e-14 1188.17 -151.8 -0.0518401 0.89009 -0.0211306 -2713.22 229.503
5 484.752 4.67226e-10 1645.12 -286.184 13.6423 0.328488 -0.0131526 -2763.72 233.484
6 562.145 5.66724e-09 1581.03 -239.121 6.68886 0.713708 -0.0203296 -2651.16 229.422
7 486.473 1.33227e-13 1787.25 -326.119 18.4847 0.0548223 -0.00771535 -2873.42 236.686
8 422.496 1.88738e-13 245.295 133.931 -30.768 2.34015 -0.0462203 -2789.69 236.28
9 503.854 4.48197e-11 648.345 15.123 -18.6975 1.82405 -0.0383283 -2908.33 241.505
10 473.222 5.32907e-13 1181.03 -165.291 3.01074 0.744046 -0.0194598 -2848.28 237.958
11 432.819 3.88578e-13 1098.11 -150.406 2.40565 0.692571 -0.016925 -2738.24 231.249
12 431.449 1.43108e-11 2170.09 -420.572 26.165 -0.174188 -0.00573717 -2849.16 238.082
13 487.219 6.66134e-14 2935.99 -669.748 54.0424 -1.50174 0.0169233 -2751.48 230.31
14 519.178 2.22025e-08 1914.16 -351.252 19.621 0.0669148 -0.00879344 -2599.97 223.667
15 496.54 6.99441e-13 1486.29 -239.495 10.1533 0.394326 -0.0127001 -2855.28 236.608
16 419.655 1.33227e-13 941.602 -84.9866 -8.03087 1.35691 -0.031085 -2608.27 226.101
17 516.258 3.43009e-08 1317.45 -187.38 3.41952 0.757512 -0.0196503 -2693.08 227.365
18 418.576 7.77156e-14 1889.39 -400.549 28.6351 -0.447242 0.000702707 -2854.11 235.973
19 518.428 8.60756e-11 2190.71 -429.515 28.842 -0.382137 -0.00101977 -2726.71 232.138
20 440.818 0 2344.45 -459.877 29.3199 -0.307687 -0.00338287 -2779.48 232.781
21 532.152 2.16136e-07 2824.02 -617.374 48.9428 -1.30729 0.0145178 -2782.58 235.08
22 542.053 1.08913e-11 1736.35 -337.315 21.4757 -0.140274 -0.00389072 -2910.14 237.173
23 522.773 8.32667e-13 1749.17 -297.326 15.2065 0.182303 -0.00912344 -2801.27 234.38
24 409.509 6.66134e-14 1191.41 -174.092 4.28273 0.629789 -0.0160053 -3027.72 246.188
25 561.991 2.47791e-10 3695.21 -877.21 75.7857 -2.51621 0.0345809 -2995.88 243.351
26 540.73 6.99441e-13 2463.79 -523.727 39.0782 -0.844213 0.00655484 -2965.91 243.795
27 561.212 1.52101e-12 1504.67 -220.274 6.34256 0.63292 -0.0175129 -2796.21 234.638
28 497.556 9.99201e-14 2057.77 -395.559 25.5645 -0.259161 -0.00233267 -2796.11 236.307
29 554.397 9.6898e-10 3209.84 -716.954 57.5897 -1.62185 0.0184555 -2879.68 238.267
30 521.887 3.9968e-13 965.217 -69.2753 -9.92009 1.43092 -0.0320397 -2960 243.873
31 590.707 1.72085e-12 1352.45 -169.183 0.122671 0.95787 -0.0235685 -2680.01 229.586
32 457.395 4.44089e-14 773.669 -45.8066 -8.42997 1.23453 -0.0264003 -3047.85 259.09
33 596.684 3.07711e-07 2729.37 -598.532 48.2286 -1.29196 0.0147054 -2931.83 250.164
34 490.612 6.66134e-14 2055.22 -419.671 30.6432 -0.505087 0.00149243 -2844.02 248.204
35 251.662 11.1088 141.906 131.864 -26.903 2.06819 -0.0406485 -2714.18 238.491
36 486.441 2.24474e-08 1109 -139.552 -0.00456676 0.89994 -0.0218078 -2738.5 238.501
37 486.312 4.32987e-12 1353.76 -252.939 16.3624 0.025203 -0.00578832 -2918.87 251.629
38 288.17 2.22045e-14 -489.998 250.604 -34.3185 2.26348 -0.0422143 -2852.91 249.916
39 445.931 6.21699e-09 845.536 -72.6488 -5.1461 1.04951 -0.0230351 -2815.22 243.102
40 520.155 9.79106e-10 895.734 -45.1176 -12.2243 1.52776 -0.0329975 -2897.24 246.893
41 437.442 1.11022e-13 547.418 -0.925511 -12.7275 1.42833 -0.0300722 -2850.8 245.087
42 430.828 4.50751e-12 907.996 -115.022 1.24318 0.723374 -0.0175181 -2718.09 240.439
43 359.495 1.66533e-13 -498.19 296.818 -41.9456 2.63919 -0.0482287 -2732.14 239.446
44 493.035 5.50671e-12 885.718 -69.0599 -7.07074 1.22765 -0.0276725 -2782.86 242.525
45 589.007 4.62523e-09 1951.17 -392.735 27.6801 -0.386721 -6.48568e-05 -2901.45 248.283
46 460.795 4.44089e-14 459.078 31.4802 -16.5857 1.63616 -0.0342063 -2852.6 245.888
47 457.316 6.4948e-12 637.778 -17.869 -10.5044 1.28458 -0.0270071 -2652.79 234.628
48 553.97 2.88658e-12 1310.41 -187.428 5.22682 0.674314 -0.0182899 -2970.33 254.327
49 409.24 3.33067e-14 852.944 -111.991 1.40751 0.700593 -0.0168474 -2818.97 245.119
50 401.502 2.95319e-12 404.108 27.6667 -14.0299 1.45433 -0.0302916 -2972.47 254.899
51 447.133 5.83448e-09 469.564 27.2084 -14.5121 1.43515 -0.0288267 -2855.24 246.568
52 589.384 4.02581e-08 1123.2 -103.724 -6.65324 1.28937 -0.02909 -2993.67 251.888
53 555.097 4.10783e-13 945.15 -74.8972 -6.95676 1.22494 -0.0272949 -2870.63 248.298
54 568.286 1.27232e-11 1561.58 -270.222 14.4061 0.240872 -0.011111 -2718.88 239.515
55 474.301 8.88178e-14 713.077 -39.0572 -8.18087 1.1678 -0.0246183 -2871.39 246.451
56 628.202 1.07692e-11 1759.1 -266.495 9.38067 0.588499 -0.0177805 -3122.9 258.113
57 579.625 1.9984e-13 1153.39 -143.822 0.906124 0.848636 -0.0208361 -2872.97 248.197
58 567.964 1.31006e-12 1987.45 -370.13 22.5706 -0.0315119 -0.00795018 -2747.49 241.902
59 470.886 7.77156e-14 716.856 -32.2701 -9.92829 1.31826 -0.0286678 -2879.04 246.561
60 546.453 2.40796e-07 1433.58 -225.243 8.60384 0.53431 -0.0164613 -2833.93 242.029
61 460.01 9.99201e-14 1151.7 -182.901 7.96119 0.432185 -0.0128947 -2726.43 240.104
62 547.904 3.33675e-08 1598.22 -284.968 16.5368 0.131653 -0.00927994 -2858.73 246.685
63 369.872 3.33067e-14 -292.162 236.825 -35.3176 2.36668 -0.0444031 -2699.34 242.414
64 175.089 4.943 -957.676 387.751 -48.3305 2.71327 -0.0458922 -2997.32 241.321
65 185.67 4.07489 -1800.01 683.635 -84.4318 4.56428 -0.0799437 -2879.96 234.814
66 247.267 1.46231 390.341 60.7923 -20.1821 1.72044 -0.0339412 -2580.26 222.414
67 450.405 1.17129e-11 2032.13 -365.933 21.259 -0.0742331 -0.00505247 -2873.65 234.245
68 313.8 3.33067e-14 632.575 -12.2614 -12.3108 1.34164 -0.0273296 -2975.08 239.704
69 292.63 1.95399e-12 698.102 -19.094 -12.1829 1.35808 -0.0282297 -2841.85 231.583
70 311.717 2.18259e-10 926.91 -120.37 0.147004 0.761404 -0.017754 -3059.99 244.096
71 364.285 1.20428e-09 857.532 -97.0989 -0.330669 0.693599 -0.0153385 -2885.13 237.694
72 306.416 2.77556e-13 327.627 140.086 -33.2302 2.43355 -0.0469837 -2945.07 236.326
73 477.63 3.73601e-10 2020.24 -336.991 16.8716 0.186725 -0.0104804 -2975.08 240.799
74 467.082 3.35287e-12 1677.87 -292.612 16.3828 0.0833408 -0.00725688 -2807.79 234.552
75 436.606 8.10463e-13 952.363 -52.1592 -11.6863 1.44676 -0.030881 -2812 233.869
76 470.658 5.03839e-08 1496.76 -236.921 9.71925 0.370652 -0.0114799 -2849.65 231.207
77 449.185 1.17684e-12 1941.1 -374.731 24.9876 -0.332661 6.91083e-05 -2754.87 227.476
78 480.885 4.70776e-09 1904.85 -369.425 24.9366 -0.342998 0.000335767 -2761.32 228.018
79 439.39 4.10783e-13 1583.38 -271.112 14.0138 0.190376 -0.00901701 -2624.99 223.831
80 512.75 7.09266e-10 1364.69 -179.062 2.2234 0.788816 -0.0196537 -2869.12 235.007
81 528.156 1.67211e-09 1938.19 -326.675 16.695 0.162873 -0.00968555 -2669.94 225.366
82 416.713 6.66134e-14 1641.61 -293.271 16.2717 0.0787067 -0.00708938 -2833.89 230.542
83 465.451 2.48835e-09 2154.26 -434.72 30.8974 -0.590109 0.00436239 -2974.09 238.344
84 515.391 1.13516e-08 2562.68 -525.347 39.4457 -0.977431 0.0110945 -2987.73 238.709
85 551.857 1.13109e-08 2224.63 -444.169 31.5383 -0.588696 0.00382872 -2755.25 231.001
86 534.309 1.24345e-12 2531.14 -534.409 40.9233 -1.00806 0.0107089 -2780.49 232.367
87 403.775 4.44089e-14 1255.39 -183.258 5.38049 0.543146 -0.0141605 -3105.88 245.815
88 599.579 1.95744e-08 2727.18 -562.132 42.1432 -1.0419 0.0113555 -3040.33 243.148
89 561.147 3.44169e-13 2099 -397.431 25.3429 -0.24782 -0.00275291 -2654.83 226.141
90 480.109 1.22125e-13 2057.7 -391.151 25.0794 -0.270413 -0.00190256 -2668.44 223.577
91 484.936 4.66738e-11 1712.08 -292.113 15.3451 0.128706 -0.0077277 -2715.1 225.983
92 584.34 8.35074e-09 1939.62 -313.393 14.3198 0.278774 -0.0115915 -2861 231.552
93 568.588 1.32117e-12 2416.64 -454.021 28.6909 -0.287805 -0.00380999 -2648.76 227.47
94 466.48 7.77156e-14 2115.01 -415.532 28.1883 -0.385498 -0.000626706 -2668.55 228.135
95 501.533 1.90958e-12 3707.28 -849.888 71.6669 -2.28736 0.0299801 -3000.99 243.542
