0 514.576 9.99201e-14 2105.85 -339.202 14.6937 0.39019 -0.0153486 -3198.94 252.274
1 481.174 5.32907e-13 1618.61 -277.634 14.0453 0.22979 -0.0102152 -2803.83 234.612
2 562.683 1.81188e-11 3003.2 -683.418 56.8698 -1.7276 0.0225858 -3115.29 249.311
3 541.674 8.88178e-13 1816.05 -303.12 14.4085 0.275442 -0.011697 -2770.64 231.114
4 451.364 9.99201e-14 1378.47 -196.818 5.78478 0.547882 -0.0142863 -2953.87 240.4
5 404.385 3.55271e-13 1341.8 -260.848 17.4799 -0.103092 -0.00249746 -2926.68 240.76
6 461.431 8.39107e-11 1406.4 -232.051 10.4887 0.366391 -0.0124774 -2763.43 232.749
7 554.697 1.99949e-09 1470.74 -199.115 3.93309 0.718827 -0.0183464 -2882.93 237.896
8 456.069 8.88178e-14 1266 -167.694 1.61723 0.825593 -0.0202778 -2874.1 239.799
9 525.327 1.07129e-07 2239.31 -438.397 29.8216 -0.454907 0.000960064 -2891.81 240.179
10 514.14 1.55431e-12 1863.78 -383.588 29.0512 -0.585126 0.00501025 -2886.73 240.913
11 516.125 5.15143e-12 1513.39 -237.981 9.72655 0.408628 -0.0126787 -2779.95 233.502
12 399.482 6.66134e-14 1027.83 -124.012 -0.492 0.830892 -0.0193029 -2900.52 240.386
13 505.41 9.12603e-12 1877.13 -366.278 25.0671 -0.332833 -9.53385e-05 -2872.36 238.642
14 531.94 2.66231e-11 2196.06 -459.525 34.6872 -0.770239 0.0072525 -2765.34 232.251
15 550.781 3.4809e-09 1700.75 -298.518 17.4507 -0.0267999 -0.00411684 -2884.19 236.105
16 432.009 5.55112e-14 1251.68 -180.481 4.77811 0.620089 -0.0164014 -2771.22 233.038
17 489.691 4.92811e-09 2146.86 -444.99 32.6442 -0.630292 0.00395029 -2896.06 239.541
18 536.215 3.60763e-08 2795.99 -658.548 57.7386 -1.87642 0.0261745 -2786.36 234.482
19 621.269 1.39444e-11 2368.2 -460.172 31.942 -0.581117 0.00357715 -2904.54 238.496
20 451.646 2.22045e-14 1656.87 -287.443 15.1664 0.157726 -0.00855109 -2937.71 240.132
21 516.532 3.67378e-08 2027.26 -392.596 26.3982 -0.337641 -0.000830289 -2850.01 237.55
22 549.894 3.85358e-11 1676.52 -292.664 16.0929 0.120855 -0.00828443 -2745.92 232.456
23 554.796 4.75175e-12 2340.19 -486.924 36.9994 -0.881574 0.00933201 -2803.13 232.425
24 492.433 1.9984e-13 2448.7 -498.796 37.1749 -0.849151 0.0081646 -2982.27 241.43
25 506.54 8.77076e-13 2177.76 -415.313 27.069 -0.316959 -0.00207779 -2886.17 235.457
26 537.198 4.4722e-10 1776.61 -326.151 19.9953 -0.0612988 -0.00526221 -2718.32 232.05
27 560.214 4.17195e-08 2424.31 -512.297 39.9516 -1.02499 0.0117742 -2693.84 227.262
28 438.108 5.55112e-14 2406.22 -517.913 40.3357 -0.99632 0.0103463 -2458.9 217.085
29 556.773 5.84144e-10 3029.69 -666.197 54.1377 -1.56784 0.0191107 -2539.47 221.019
30 564.562 3.78253e-11 2503.77 -505.144 37.0229 -0.780739 0.00589353 -2658.27 228.54
31 630.932 2.61008e-08 2593.49 -515.862 36.9495 -0.764541 0.00574877 -2751.47 230.652
32 579.087 2.10942e-13 2993.65 -648.211 51.9039 -1.56328 0.0217679 -3313.62 254.122
33 474.472 6.66134e-14 2540.8 -523.336 38.4256 -0.878865 0.00878383 -3057.66 243.924
34 467.336 3.4639e-12 2032.15 -384.395 23.8312 -0.17713 -0.00388821 -2812.86 232.659
35 294.171 2.22045e-14 1509.22 -249.896 11.0005 0.314662 -0.0104936 -2934.47 234.388
36 487.082 1.15839e-08 2533.96 -546.528 41.8275 -1.04588 0.0113168 -3173.28 247.273
37 529.717 5.19298e-08 2007.35 -374.715 22.0216 -0.0778943 -0.00567385 -2733.91 226.581
38 466.504 1.88738e-13 1992.78 -368.336 22.009 -0.0905052 -0.00540684 -2814.54 232.785
39 391.235 1.44329e-13 1504.23 -244.947 10.819 0.308371 -0.0101081 -2742.7 226.727
40 553.485 5.81465e-09 2253.96 -438.079 29.089 -0.462854 0.00201121 -2933.37 234.168
41 424.17 4.44089e-14 1354.13 -220.135 9.15743 0.380591 -0.0116881 -2787.89 228.894
42 456.015 1.66067e-10 2155.3 -416.543 26.5518 -0.271292 -0.00297096 -2847.24 232.267
43 431.347 7.88258e-13 1190.56 -153.645 0.814461 0.795872 -0.0190182 -2819.34 229.289
44 515.66 1.63272e-09 1476.64 -192.125 1.51944 0.893615 -0.022255 -2789.81 230.897
45 513.718 3.13083e-12 2178.93 -435.954 30.086 -0.490536 0.00143894 -2690.97 224.776
46 541.826 7.79932e-11 2619.02 -555.343 41.4668 -0.959436 0.00853404 -2754.32 227.277
47 468.506 1.44329e-13 1573.53 -235.804 6.91981 0.62484 -0.0177027 -2670.41 223.293
48 534.783 4.10894e-11 1400.26 -173.874 -0.0140561 0.940595 -0.0227714 -2694.37 224.684
49 573.278 1.08136e-10 2651.18 -527.947 35.8372 -0.624675 0.00228116 -2672.28 223.666
50 335.981 1.11022e-14 1190.78 -229.871 14.4452 0.00589084 -0.00402239 -2737.58 225.839
51 538.913 1.81977e-10 2355.33 -425.502 24.9988 -0.177189 -0.00418063 -2874.74 231.63
52 547.987 4.40981e-11 1917.73 -314.583 14.6316 0.262893 -0.0111448 -2734.22 226.839
53 604.37 1.11022e-14 2539.47 -484.272 31.3519 -0.452874 0.000172122 -2770.56 228.532
54 556.394 2.33147e-13 2734.87 -566.895 41.4941 -0.953831 0.00879835 -2847.76 231.019
55 559.015 5.56222e-12 2323.85 -442.412 28.4719 -0.361806 -0.000928707 -2780.03 230.245
56 548.515 1.18794e-12 2225 -425.544 27.9203 -0.422177 0.00135376 -2857.16 229.214
57 563.785 1.47748e-10 3267.83 -748.717 62.3654 -1.92762 0.0248808 -2765.32 228.418
58 503.775 1.77636e-13 2786.65 -615.338 49.1561 -1.37668 0.0164561 -2948.01 235.081
59 566.701 9.09643e-08 2319.38 -451.723 31.0133 -0.549648 0.00327546 -2664.48 224.469
60 579.648 5.11813e-11 2970.19 -632.803 48.3142 -1.24775 0.0132343 -2933.45 235.359
61 586.22 6.06182e-12 2639.25 -524.984 35.5998 -0.612067 0.00175424 -2648.47 220.751
62 534.56 2.33147e-13 2709.86 -566.596 42.2233 -0.992125 0.00919323 -2814.67 230.648
63 483.996 2.44249e-13 2517.44 -540.448 41.6946 -1.06735 0.0121609 -3125.15 245.659
64 277.362 2.22045e-14 -2940.08 1045.47 -123.26 6.25063 -0.10593 -3306.05 250.316
65 299.621 9.21485e-13 -1498.6 614.347 -77.8072 4.23076 -0.0735571 -2463.4 211.295
66 330.98 1.31606e-10 -563.626 343.601 -49.2452 2.96037 -0.0528404 -2957.13 239.76
67 347.179 8.64442e-10 -1675.94 675.532 -83.6069 4.43838 -0.0758763 -2992.53 237.29
68 322.925 1.39888e-12 -703.576 374.462 -50.9006 2.92417 -0.0503082 -2854.65 231.437
69 359.745 1.53555e-08 720.09 -26.3965 -11.0978 1.26904 -0.0259653 -2824.95 228.727
70 368.56 6.75182e-10 661.478 -14.2752 -11.3527 1.23454 -0.0245369 -2760.13 227.345
71 395.33 2.4603e-09 954.457 -94.9476 -3.00143 0.858226 -0.0183211 -2778.69 228.276
72 366.588 9.65894e-13 379.063 76.5719 -21.8987 1.75851 -0.033888 -2762.35 228.041
73 398.549 2.54929e-10 230.571 146.568 -31.1933 2.23112 -0.0423643 -2882.93 231.634
74 412.098 3.03202e-11 -225.431 249.386 -38.9351 2.43766 -0.0433432 -2867.07 230.935
75 400.81 3.38618e-12 1206.92 -162.573 2.90778 0.65335 -0.0159718 -2939.2 236.316
76 403.904 1.96732e-11 452.963 68.7693 -22.4861 1.82715 -0.035437 -2783.11 228.29
77 444.942 2.64233e-12 517.07 60.7283 -22.3936 1.84479 -0.0360897 -2821.72 228.88
78 437.049 2.93099e-12 891.689 -55.3298 -9.98024 1.29271 -0.0271579 -2842.18 231.469
79 346.981 1.11022e-13 491.489 4.6046 -11.1244 1.13921 -0.021661 -2719.7 225.295
80 482.657 3.16038e-08 241.15 170.363 -35.6248 2.49144 -0.0471589 -2787.77 228.548
81 427.394 2.66454e-13 87.6496 168.026 -31.3307 2.16635 -0.0402694 -2703.58 225.543
82 438.031 7.62601e-10 973.864 -84.9389 -5.86925 1.07291 -0.0232296 -2742.52 226.816
83 344.414 1.11022e-13 163.843 117.229 -23.8694 1.72333 -0.0312269 -2711.56 223.361
84 481.899 1.92235e-10 578.924 64.2402 -23.3419 1.84983 -0.0349584 -3033.84 238.032
85 463.736 1.24345e-12 1230.4 -130.042 -3.50888 1.05182 -0.0239356 -2670.17 224.254
86 385.288 1.33227e-13 1372.49 -207.8 6.83887 0.498186 -0.0135104 -2758.39 226.863
87 412.116 7.03548e-11 2132.43 -431.689 32.1089 -0.70456 0.00692268 -2943.45 237.552
88 467.529 3.55271e-12 622.38 13.6473 -14.5981 1.35782 -0.0258979 -2956.27 236.566
89 455.779 2.29816e-12 1494.92 -223.496 7.73931 0.501589 -0.0143548 -2890.89 236.284
90 381.297 1.55431e-13 -385.834 318.932 -48.9245 3.02817 -0.0554268 -2940.4 235.263
91 415.312 3.0459e-09 1832.64 -348.826 22.469 -0.240952 -0.00103524 -3111.84 242.753
92 538.516 1.20546e-09 1305.61 -127.667 -5.08797 1.14464 -0.0255223 -2824.85 230.564
93 468.298 1.55431e-13 1469.97 -214.589 6.28279 0.618913 -0.0174228 -2658.16 225.524
94 452.929 1.42109e-12 1597.93 -235.199 6.40303 0.673172 -0.0191068 -3123.45 244.56
95 391.22 2.22045e-13 1432.32 -207.604 5.98851 0.589563 -0.0162008 -2992.08 239.158
