0 82.7168 27.3324 1811.06 -530.724 59.4725 -2.40394 0.0412219 -2609.09 249.296
1 124.202 17.5629 1397.86 -364.163 34.2146 -0.837957 0.00771323 -3309.11 281.406
2 231.309 1.17845e-08 616.495 -86.9681 -1.28146 1.01284 -0.026234 -3085.75 267.151
3 149.286 11.1304 1044.73 -233.474 16.9762 0.087875 -0.00960042 -3327.26 281.985
4 113.68 18.852 1099.78 -224.681 13.3281 0.374558 -0.0162863 -3094.6 270.248
5 137.451 16.3798 568.536 -77.0344 -0.767618 0.933486 -0.024197 -3082.42 269.276
6 162.238 10.0032 1290.79 -315.577 26.6751 -0.410658 -0.000526233 -3316.27 279.137
7 135.608 14.4993 522.298 -47.7977 -6.09848 1.26326 -0.0308566 -2890.05 258.762
8 172.545 11.5097 614.118 -53.602 -7.44224 1.40636 -0.0340714 -2834.96 259.505
9 122.921 19.5246 989.376 -194.745 11.0436 0.431311 -0.0162902 -3142.06 274.099
10 221.804 2.28174 829.426 -136.798 2.79962 0.874529 -0.0245816 -3074.04 266.756
11 173.658 8.70263 779.306 -127.783 2.72858 0.858922 -0.0241681 -2852.44 257.99
12 100.223 21.6852 2285.04 -692.685 78.1659 -3.31533 0.0569641 -2833.96 257.425
13 153.396 12.244 1530.5 -382.888 33.3533 -0.684148 0.00356132 -3133.08 271.508
14 185.043 6.06959 600.729 -58.6847 -6.33318 1.31887 -0.0321636 -2837.3 256.311
15 167.107 12.754 1050.29 -229.761 16.8173 0.0580003 -0.00859738 -3156.36 270.65
16 114.698 18.5405 2145.71 -637.966 70.5715 -2.89652 0.0490679 -3074.16 269.401
17 150.585 14.9948 1283.75 -268.066 17.2552 0.225312 -0.014233 -2903.52 261.882
18 148.534 16.3319 941.672 -171.616 7.64315 0.621434 -0.0201977 -2844.09 256.833
19 146.203 13.2219 1375.08 -316.384 24.5088 -0.222241 -0.00484199 -3230.33 275.656
20 130.417 16.2958 2893.92 -865.312 94.8708 -3.98613 0.0665491 -3199.35 275.371
21 125.297 20.4901 2396.57 -674.893 69.882 -2.60125 0.0391367 -3157.61 272.969
22 164.49 15.7644 297.594 47.5967 -18.2631 1.90654 -0.0426992 -2659.89 250.61
23 180.006 11.0598 145.109 89.2744 -22.5832 2.07732 -0.0450536 -2720.84 250.838
24 198.702 10.155 581.703 -31.466 -10.7047 1.58917 -0.037823 -2680.59 250.087
25 133.029 17.4114 2423.26 -686.4 71.221 -2.67811 0.040941 -3270.79 278.955
26 173.083 9.75165 897.815 -175.942 9.41953 0.482556 -0.0169225 -2914.33 259.996
27 166.48 12.4811 973.945 -209.18 14.5146 0.192842 -0.0114516 -3098.91 269.449
28 107.184 21.4707 2393.39 -678.588 70.7433 -2.67188 0.0409349 -3252.91 277.168
29 196.42 12.9107 263.01 54.1596 -17.9917 1.85217 -0.0411333 -2668.19 252.215
30 156.826 14.118 1118.54 -241.502 16.7462 0.15162 -0.0116941 -3110.66 271.163
31 189.493 11.7789 -445.075 288.009 -45.7273 3.20828 -0.0648434 -2651.18 247.591
32 86.064 13.6421 578.347 -54.3119 -8.04121 1.41763 -0.0339315 -3127.94 265.092
33 192.747 1.20898e-09 -509.197 307.385 -50.5567 3.50383 -0.0703175 -2737.89 246.072
34 90.2034 12.9587 1649.2 -410.827 34.1492 -0.676529 0.00301094 -3467 280.611
35 171.709 1.08648e-07 -565.925 305.612 -49.0569 3.36397 -0.0669175 -2861.79 248.932
36 163.533 1.91513e-11 -225.629 182.447 -33.6208 2.58941 -0.0534548 -3061.34 259.095
37 144.437 3.93959 594.747 -69.7247 -5.80144 1.2893 -0.0316823 -3216.34 266.149
38 178.514 1.68154e-09 -662.032 343.391 -54.1368 3.64867 -0.0721257 -2779.44 248.5
39 166.324 5.89788 -578.142 322.752 -50.7446 3.44371 -0.0683929 -2704.44 243.871
40 128.348 4.42678 249.636 23.5681 -15.1014 1.68871 -0.037802 -3075.81 260.176
41 162.839 1.14661e-09 -138.401 162.876 -32.349 2.55146 -0.0528357 -3005.19 256.337
42 185.45 1.71957e-09 -267.187 212.627 -38.0354 2.8165 -0.0571603 -2820.94 248.473
43 161.427 2.13163e-12 394.294 -17.4467 -10.7912 1.49002 -0.0344141 -3125.67 262.747
44 99.2443 9.00149 905.61 -187.756 9.64825 0.453667 -0.016026 -3129.75 259.594
45 161.067 1.15463e-12 -197.881 170.676 -32.1111 2.49499 -0.0514292 -3086.62 258.531
46 188.819 7.26086e-11 -1063.05 462.852 -65.9218 4.12051 -0.0786407 -2742.92 247.292
47 194.904 4.52136e-09 -718.565 356.408 -53.9982 3.5506 -0.0691948 -2754.79 244.625
48 135.711 7.02782 1344.41 -325.216 25.7443 -0.33763 -0.00189874 -3249.79 268.773
49 110.976 7.29228 2511.26 -725.857 74.0405 -2.79716 0.0428475 -3575.31 282.885
50 138.718 3.83642 -212.115 188.759 -35.2771 2.69845 -0.0557584 -2852.81 247.943
51 172.163 3.96004 -439.121 273.951 -45.1354 3.16887 -0.0637105 -2811.71 247.088
52 88.8332 10.8843 914.318 -204.235 12.9086 0.258706 -0.0121196 -3344.27 272.449
53 159.159 1.80989 187.833 56.5351 -19.6141 1.9194 -0.0419341 -2983.78 254.405
54 165.289 1.18117e-08 -846.306 393.905 -58.9894 3.83612 -0.075052 -2812.15 245.837
55 158.796 2.55351e-11 -209.727 172.307 -32.3074 2.52748 -0.0526068 -3067.49 258.326
56 178.955 4.78839e-11 602.053 -99.3818 0.840696 0.827715 -0.0217309 -3306.87 269.34
57 163.768 5.20695e-12 -140.811 161.88 -31.8571 2.52391 -0.0523733 -2856.79 250.5
58 129.736 8.98107 491.068 -33.7272 -9.54564 1.47013 -0.0347709 -2938.11 256.125
59 122.389 8.25619 634.439 -90.4171 -2.33739 1.09034 -0.0279173 -3101.47 261.57
60 128.598 8.18663 245.898 53.4837 -20.4293 2.0245 -0.0449593 -2927.18 252.852
61 133.149 7.45554 1035.64 -221.989 13.5406 0.262384 -0.0125794 -3255.46 266.85
62 201.084 1.22125e-12 -1447.12 595.897 -81.3691 4.85668 -0.0911588 -2819.22 250.156
63 152.128 4.00706 -451.359 262.558 -42.7847 3.02651 -0.0607469 -2872.11 251.807
64 77.5589 9.70527 1415.6 -343.508 26.1545 -0.292921 -0.00336067 -3556.51 283.25
65 127.45 1.47748e-10 40.3881 89.5774 -23.9922 2.17189 -0.0467767 -3084.67 259.763
66 43.9128 14.634 1825.07 -540.807 57.0172 -2.16858 0.0353765 -3259.4 269.823
67 137.162 1.06747e-07 364.236 -10.3976 -12.4919 1.6115 -0.0372004 -3147.69 261.568
68 70.7829 9.70052 1484.99 -413.983 39.0971 -1.10823 0.0133397 -3677.99 288.933
69 123.964 0 -94.1371 118.525 -25.7203 2.20218 -0.0467824 -3169.19 263.664
70 130.795 3.16394e-07 -402.532 242.837 -42.2593 3.08495 -0.0629407 -2968.73 255.66
71 106.378 6.92188 -603.352 311.653 -49.4375 3.39304 -0.0677373 -2904.76 252.394
72 61.5681 10.0565 -111.207 136.367 -28.2371 2.32362 -0.0486114 -3022.2 257.104
73 97.0048 6.61484 887.233 -192.022 10.3703 0.425032 -0.0152818 -3607.39 286.812
74 131.372 1.92202e-10 1144.7 -276.059 19.0732 0.0469215 -0.00937234 -3432.75 277.288
75 131.146 6.9813e-10 -747.675 344.373 -52.6215 3.49748 -0.0685052 -2985.5 254.237
76 114.678 4.95159e-12 1505.96 -405.674 34.5864 -0.718186 0.0039376 -3818.44 295.364
77 109.489 2.12317 -101.728 137.915 -29.3544 2.41764 -0.0509432 -3092.47 259.002
78 146.159 6.11353e-09 -1065.44 447.95 -63.714 3.98252 -0.0756957 -2776.23 246.544
79 117.088 1.55431e-12 -146.007 136.27 -28.1448 2.32357 -0.0486926 -3064.6 258.54
80 82.7327 8.37865 -166.132 146.069 -28.3131 2.30101 -0.0481263 -2955.62 254.131
81 60.0447 10.7686 -51.7228 117.356 -26.0629 2.21988 -0.0467776 -3279.75 270.223
82 122.555 1.83274 -565.649 291.479 -46.8281 3.24119 -0.0646463 -2962.26 253.31
83 132.331 1.61371e-10 -252.144 182.309 -34.0429 2.60719 -0.0534229 -3037.82 255.541
85 132.108 0.636922 1739.68 -464.547 41.0562 -1.0307 0.00952547 -3554.4 284.406
86 128.474 6.54113e-09 -951.758 417.002 -61.4468 3.94626 -0.0764905 -2961.76 254.589
87 127.256 0.30573 -396.318 247.58 -43.2763 3.15279 -0.0643063 -2965.44 256.48
88 19.471 14.6638 302.358 -12.7185 -10.0523 1.4244 -0.0331071 -3569.42 283.576
89 34.1093 11.8861 394.027 -33.4765 -9.33034 1.4909 -0.0357678 -3172.21 267.565
90 133.831 5.8288e-09 275.852 12.4012 -14.9991 1.73406 -0.0390301 -3068.59 260.399
91 127.146 2.18159e-11 1070.13 -248.305 14.9005 0.299462 -0.0145991 -3194.67 265.255
92 33.6657 10.6515 1502.84 -451.86 45.9102 -1.53495 0.0225663 -3463.55 281.345
93 44.5647 14.8804 477.868 -66.5212 -2.8661 1.0478 -0.0261921 -3323.47 274.763
94 28.7361 14.1679 -129.905 130.777 -26.7071 2.246 -0.0473634 -3019.35 259.83
95 118.669 0.717835 -750.262 338.55 -51.4115 3.47209 -0.0688664 -2877.62 254.011
