0 112.464 10.6042 -466.767 274.986 -44.7199 3.14046 -0.0630619 -2740.06 245.429
1 204.464 6.66134e-14 -329.706 225.17 -38.1863 2.81304 -0.0576845 -2821.53 248.875
2 145.607 0.165868 521.092 -71.3399 -3.59838 1.10401 -0.0273606 -3231.87 266.134
3 170.169 2.55129e-11 711.163 -124.522 2.15636 0.854606 -0.0236718 -3213.89 266.308
4 192.049 4.38875e-07 -222.238 190.672 -34.3366 2.58495 -0.052343 -2750.18 245.374
5 183.087 1.47216e-11 -1035.64 454.805 -64.8971 4.06494 -0.0778321 -2678.72 242.116
6 150.146 4.41166 428.514 -27.5152 -8.85816 1.36713 -0.0321214 -3151.3 263.242
7 88.2183 12.6487 -483.388 269.749 -43.6187 3.06519 -0.0615958 -2789.68 245.478
8 165.042 2.98845 -62.1298 128.507 -26.5447 2.21715 -0.0467476 -2924.1 252.804
9 133.384 5.40463 -490.262 268.055 -43.0531 3.03069 -0.0608779 -2746.64 244.575
10 188.36 0.654287 -163.393 185.026 -35.1457 2.70887 -0.0562811 -2890.89 251.035
11 182.971 1.08174e-07 -136.195 145.452 -27.7523 2.23774 -0.0464093 -3011.42 257.257
12 156.19 2.24086 225.079 23.7069 -13.3336 1.51338 -0.0334641 -3037.04 257.147
13 188.937 7.83495e-10 -508.551 283.041 -45.2556 3.1315 -0.0620557 -2786.69 247.667
14 195.718 2.49954e-08 -392.109 265.305 -44.9593 3.16783 -0.0633474 -2791.91 246.063
15 173.278 2.24265e-12 833.866 -152.328 4.96932 0.697142 -0.020469 -3111.2 258.601
16 141.845 6.29218 608.473 -86.7656 -1.65173 0.99947 -0.0253943 -3176.61 265.131
17 176.444 3.2639 -161.853 177.571 -33.2186 2.56029 -0.0526035 -2763.92 246.078
18 172.63 2.93186 -56.3008 150.014 -30.3819 2.41826 -0.0499828 -2793.49 246.244
19 183.869 5.32748e-09 -336.15 228.425 -38.95 2.81735 -0.0565764 -2727.41 242.977
20 168.082 3.68093 -140.932 165.856 -31.4901 2.46141 -0.0509753 -3016.94 255.743
21 152.02 3.05173 -359.406 212.266 -35.1943 2.59982 -0.052985 -2922.49 251.875
22 215.627 1.51212e-11 -609.5 319.914 -48.6817 3.25234 -0.0637271 -2686.28 240.862
23 153.434 2.11388 -0.244151 117.014 -26.2385 2.20737 -0.0461372 -2755.94 243.544
24 178.944 1.2021 -410.106 274.055 -45.9266 3.22317 -0.0645025 -2804.81 247.917
25 164.163 2.07336 136.179 90.7372 -25.0038 2.23669 -0.0482012 -2712.15 241.6
26 206.516 2.36501e-05 -27.1627 126.086 -26.091 2.15084 -0.044694 -2757.61 243.107
27 197.143 2.22045e-14 -135.503 164.931 -31.6161 2.48761 -0.0517515 -2863.67 249.301
28 187.253 1.23568e-11 -942.832 423.432 -60.8824 3.84539 -0.0736819 -2720.41 242.978
29 191.992 3.81303e-08 -276.281 204.898 -35.5242 2.63651 -0.0535367 -2725.37 242.624
30 188.166 0.376239 -618.484 326.343 -50.5985 3.4142 -0.0676511 -2714.87 243.137
31 81.106 16.2889 1702.75 -448.429 41.0169 -1.09837 0.0113675 -3224.68 269.209
32 196.443 5.29092 -283.18 229.521 -39.7848 2.91859 -0.0593875 -3046.45 263.377
33 170.522 7.91773 -1212.04 526.668 -73.3402 4.50641 -0.0861899 -2620 242.871
34 238.494 3.49568e-09 -877.859 423.085 -61.8694 3.96452 -0.0769139 -2771.15 250.291
35 166.235 10.6982 -205.35 208.665 -37.5327 2.82961 -0.0583539 -2763.2 250.197
36 228.546 7.56356e-08 -895.78 426.688 -62.2168 3.97264 -0.0768087 -2735.67 248.503
37 236.427 2.99354e-09 -961.82 440.576 -62.6768 3.93866 -0.0752666 -2663.39 245.258
38 199.361 3.73522 369.149 1.12038 -11.8355 1.5145 -0.0346233 -2922.21 257.115
39 117.185 14.1262 1759.52 -475.756 46.4844 -1.49859 0.0206806 -3463.92 280.458
40 208.781 4.14911 -263.142 226.626 -39.1162 2.85448 -0.0575441 -2713.11 247.893
41 181.748 8.76423 455.995 -19.2806 -9.80429 1.43014 -0.0335716 -3025.9 261.319
42 251.756 1.71973 -329.359 254.102 -42.1033 2.99719 -0.0604901 -2672.81 243.53
43 207.677 3.44573e-08 -657.362 337.174 -51.5462 3.45363 -0.0681921 -2730.08 245.306
44 220.134 4.12761 -462.734 285.273 -45.0883 3.13246 -0.0625274 -2604.85 242.929
45 249.683 8.43633e-09 -556.074 319.263 -49.3024 3.31559 -0.0649432 -2588.21 241.268
46 236.966 3.53195e-10 -560.013 317.286 -49.1349 3.32246 -0.0656605 -2663.69 243.06
47 126.907 11.7003 2178.52 -624.7 65.503 -2.53478 0.0408147 -3367.66 275.447
48 199.757 4.41131 -523.573 292.527 -44.9262 3.07383 -0.0608451 -2651.51 242.76
49 230.548 1.79604 -328.353 243.78 -40.8934 2.94858 -0.0596732 -2651.28 243.614
50 195.875 1.10495 100.869 82.961 -21.3234 1.97429 -0.0425577 -3109.44 265.434
51 156 6.20584 417.099 -18.4703 -9.3892 1.35476 -0.0312294 -3178.85 264.726
52 220.262 2.97692 -419.35 267.844 -42.5645 2.95277 -0.0583888 -2696.98 244.037
53 241.721 0.836509 -655.255 356.062 -53.9608 3.55453 -0.0694687 -2658.5 242.615
54 248.622 0.65702 -322.892 255.642 -43.0034 3.06136 -0.0616252 -2672.9 244.051
55 173.28 8.76003 679.605 -98.6398 -0.0135095 0.921929 -0.0241246 -3026.45 261.429
56 251.989 1.90525e-10 -918.42 443.087 -64.1039 4.05234 -0.078175 -2680.02 244.111
57 163.313 7.62789 374.599 13.9876 -14.9846 1.72254 -0.0390551 -3008.55 259.173
58 198.568 5.98313 -113.286 180.282 -34.1841 2.65399 -0.0550099 -2623.65 243.132
59 198.422 6.0136 -349.986 248.32 -41.0096 2.93295 -0.0590631 -2750.48 248.261
60 226.282 5.22764 -908.461 452.903 -66.2922 4.21258 -0.0817762 -2532.77 238.705
61 198.948 4.03479 -557.292 315.241 -49.2036 3.34367 -0.0664025 -2729.76 245.309
62 183.755 4.25713 481.256 -25.2642 -10.2195 1.48871 -0.034756 -3027.25 262.477
63 246.337 1.5099e-12 -1058.62 471.478 -65.7372 4.07968 -0.0776586 -2596.76 244.124
64 248.237 6.97355 -363.607 275.711 -43.9768 3.02078 -0.0598139 -2755.37 244.81
65 170.327 15.6758 237.697 70.561 -20.3191 1.90373 -0.0410925 -2793.47 247.814
66 192.91 8.19019 243.955 64.1702 -20.1399 1.92081 -0.0416628 -2887.7 252.311
67 234.013 4.4897 222.931 84.4461 -23.0227 2.04939 -0.0435335 -2692.61 240.767
68 189.131 9.25377 196.41 70.7502 -19.8818 1.86311 -0.0401424 -2985.18 255.403
69 215.73 9.47455 338.576 27.2616 -13.9266 1.5302 -0.0336753 -2984.08 256.766
70 247.875 0.471606 717.528 -98.4961 -0.456361 0.913586 -0.0234954 -3064.34 258.075
71 179.912 9.78782 1132.85 -256.728 20.3888 -0.194833 -0.00292188 -3230.81 267.062
72 183.697 11.5069 887.073 -150.43 5.9584 0.582902 -0.017484 -3161.2 263.659
73 268.575 4.11659 -257.785 237.622 -39.5863 2.82627 -0.0565893 -2619.55 241.279
74 227.759 3.47215 -537.322 305.061 -46.4243 3.12627 -0.0614368 -2752.6 245.736
75 268.443 2.78855 -324.14 251.561 -40.607 2.85371 -0.0570786 -2688.12 241.772
76 160.27 11.3867 616.991 -70.1693 -3.34945 1.0399 -0.0254432 -2990.94 254.851
77 201.594 7.08338 484.202 -18.0773 -9.59576 1.33024 -0.0302613 -2866.45 246.851
78 213.924 7.05101 194.155 61.5434 -17.1778 1.6604 -0.0355416 -3011.97 257.403
79 183.004 8.90333 338.272 27.9126 -15.3485 1.64326 -0.0359944 -2709.18 242.285
80 182.764 10.2933 -194.414 196.32 -34.1743 2.54781 -0.0518151 -2707.66 242.474
81 272.458 1.77867e-09 -378.72 270.642 -43.1581 2.95796 -0.0578086 -2566.59 237.576
82 232.404 7.31249 -366.583 269.641 -43.0616 2.96207 -0.0583578 -2609.07 238.119
83 220.868 6.53445 122.963 94.9984 -22.0697 1.94122 -0.0411407 -2813.93 247.109
84 224.587 6.34591 -359.86 247.932 -39.0991 2.72061 -0.0534539 -2505.51 233.587
85 216.538 8.42762 -244.6 229.21 -38.4452 2.77277 -0.0557609 -2570.79 239.237
86 189.245 9.91129 -305.448 232.487 -38.3973 2.76694 -0.055682 -2742.03 247.13
87 144.669 17.8336 465.101 -5.77234 -11.237 1.44776 -0.0329747 -2835.34 249.136
88 190.217 13.1147 -743.013 377.978 -54.1224 3.45847 -0.0663008 -2497.62 236.095
89 195.859 9.0611 -623.988 336.813 -50.2389 3.32698 -0.0651436 -2606.26 240.404
90 193.939 11.482 5.72614 131.776 -26.0138 2.11958 -0.0437251 -2674.72 243.184
91 169.516 15.2862 165.036 66.7859 -17.1605 1.66407 -0.0359555 -2887.2 253.526
92 173.849 10.4101 -443.179 273.586 -42.8491 2.97579 -0.0595016 -2857.25 250.92
93 137.832 17.4976 688.564 -106.515 2.68675 0.710614 -0.0192994 -3036.42 262.515
94 184.717 10.7668 -202.237 188.391 -31.4956 2.35806 -0.0477413 -2816.91 249.847
95 171.986 17.1659 936.844 -173.78 10.274 0.351411 -0.0133454 -3031.48 263.194
