0 40.5521 1.101e-09 1560.32 -312.337 21.9979 -0.645538 0.0073527 -474.512 29.9436
1 7.74332 2.22045e-15 1150.74 -267.922 22.1574 -0.777597 0.0106564 -376.949 25.8766
2 55.0522 8.9116e-10 1074.32 -260.549 22.2201 -0.799133 0.0111606 -415.672 27.9911
3 66.8876 9.57012e-13 1385.79 -292.603 21.9727 -0.698042 0.00870278 -382.931 25.8222
4 97.5337 3.9968e-14 1051.05 -255.707 22.0997 -0.814895 0.0117359 -434.574 28.5232
5 82.8405 2.22045e-15 1122.35 -267.604 22.2914 -0.782129 0.0106496 -411.718 27.2525
6 90.4646 1.51971e-08 1233.68 -277.631 22.2078 -0.756487 0.0101242 -458.301 29.5091
7 75.9086 4.44089e-15 917.594 -243.385 22.3032 -0.853744 0.0125343 -400.288 27.341
8 61.7608 7.77156e-15 1294.53 -284.268 22.153 -0.732956 0.00949952 -426.253 27.6111
9 17.3432 1.11022e-15 2461.58 -584.625 50.3112 -1.86841 0.0262233 -413.394 27.7574
10 13.2213 1.22125e-13 1147.21 -286.104 25.3273 -0.947583 0.0136287 -401.442 27.9481
11 89.0144 4.78222e-09 1257.27 -298.65 25.2918 -0.912919 0.0127662 -461.98 30.0497
12 64.4488 2.22045e-15 1302.84 -303.166 25.2524 -0.897934 0.0123733 -423.739 28.0738
13 82.2985 5.18542e-10 1371.1 -310.827 25.2397 -0.878329 0.0119109 -426.716 27.7976
14 86.8869 7.46391e-08 3517.76 -793.28 65.4121 -2.34705 0.0318338 -423.999 27.881
15 21.8773 0 3048.84 -740.583 65.2811 -2.47698 0.0351725 -403.299 28.1921
16 -31.3547 15.0735 3351.53 -772.278 65.0201 -2.38286 0.032991 -416.931 27.4181
17 42.9037 7.3753e-08 5872.71 -1320.23 109.414 -3.97502 0.0543056 -400.26 26.1459
18 87.7881 2.69078e-08 6077.79 -1343.84 109.455 -3.90669 0.052481 -439.227 28.2883
19 77.5451 8.88178e-15 581.351 -138.707 11.231 -0.368664 0.00494109 -415.477 27.9074
20 28.7934 1.11022e-15 428.075 -121.068 11.2592 -0.423995 0.00641133 -405.786 27.5253
21 77.4218 3.33067e-15 1279.84 -210.316 10.8524 -0.165723 8.8243e-05 -470.245 28.6454
22 93.9006 1.28591e-09 3868.26 -879.855 73.4533 -2.67555 0.0367942 -431.087 28.2645
23 88.0471 3.77476e-14 3963.31 -889.912 73.4011 -2.64604 0.0360801 -500.657 31.4802
24 11.2937 0 1063.93 -255.619 21.7012 -0.77804 0.0108317 -404.97 27.337
25 35.8777 1.17906e-12 1093.67 -259.987 21.7452 -0.76857 0.0105733 -471.122 30.2414
26 15.9424 6.66134e-15 1843.26 -461.356 41.4674 -1.59015 0.0229729 -389.489 27.3432
27 84.6466 3.70293e-11 2052.64 -484.96 41.4159 -1.52237 0.02124 -405.514 27.2887
28 61.5755 3.33067e-15 2197.47 -499.132 41.2666 -1.47724 0.020218 -394.051 26.7005
29 25.6718 1.11022e-15 334.61 -102.253 10.0334 -0.391042 0.0061416 -416.48 28.7532
30 40.8529 2.48223e-09 503.084 -121.387 9.97447 -0.330867 0.00456212 -378.212 26.3972
31 94.2279 4.6165e-10 6722.14 -1503.61 124.032 -4.48178 0.0607625 -415.842 27.267
32 31.9039 3.90348 825.017 -218.791 21.9132 -0.897555 0.0139101 -320.83 28.9908
33 33.5024 4.52427 39.4953 -32.8278 5.89522 -0.295606 0.00558381 -290.25 28.0414
34 -4.11339 5.16319 -673.695 134.017 -9.14549 0.293381 -0.00289829 -366.39 29.9756
35 12.4581 4.53108 -705.409 139.234 -9.16583 0.277753 -0.00248541 -348.953 29.3417
36 31.4138 4.3399 848.988 -227.41 22.8776 -0.938634 0.0145086 -288.409 27.644
37 12.7478 4.91503 -492.88 89.6192 -4.87563 0.119834 -0.000379342 -309.398 27.8208
38 49.3248 4.87557 -1687.89 401.098 -33.7738 1.28448 -0.0176344 -280.228 27.9756
39 16.0546 4.89242 126.864 -59.3948 8.40522 -0.397376 0.00706255 -330.801 29.1347
40 40.5324 3.02247 185.758 -65.9601 8.43964 -0.376871 0.00645672 -315.921 28.813
41 33.7015 3.8009 237.299 -73.9926 8.57675 -0.35364 0.0056534 -245.432 25.4879
42 42.7651 4.48606 -648.72 140.237 -10.0019 0.342424 -0.00390415 -268.977 26.9959
43 37.5995 4.25356 -686.339 143.251 -9.98568 0.33512 -0.00378538 -266.927 26.3435
44 50.6198 3.00503 679.706 -188.248 19.6355 -0.819404 0.0128712 -263.697 26.8303
45 29.3981 4.30187 -64.9653 -13.2062 4.37619 -0.240669 0.0047777 -316.207 28.8039
46 39.8728 3.87755 -64.6438 -12.5556 4.36194 -0.242946 0.00481709 -314.582 28.5019
47 28.9008 3.41204 -65.2725 -15.3884 4.45976 -0.23394 0.00444661 -251.098 25.0883
48 49.8362 2.69852 -75.3226 -10.9185 4.37333 -0.250219 0.00504778 -313.376 28.7317
49 35.4153 3.15269 -77.3686 -12.3926 4.39897 -0.245308 0.00491873 -307.249 28.3246
50 41.2489 3.61955 -1355.38 298.634 -23.2399 0.825829 -0.0103716 -298.364 28.4237
51 58.3736 2.94475 -1854.15 417.055 -33.3961 1.20805 -0.0157567 -256.549 26.4992
52 17.7397 4.39989 1561.01 -398.642 37.7263 -1.49964 0.0223213 -318.734 28.5319
53 42.9942 3.47358 -1308.57 281.633 -21.3468 0.743513 -0.0091884 -331.236 29.6792
54 48.03 3.58757 -1336.88 286.016 -21.3694 0.730197 -0.0087922 -259.547 26.5162
55 50.5626 4.08198 -1298.95 282.418 -21.3544 0.740684 -0.00908949 -310.785 29.4355
56 33.2435 2.82228 -1284.45 277.506 -21.3723 0.755298 -0.00943016 -358.72 30.4683
57 20.8363 3.701 -14.5719 -27.7254 5.5794 -0.284325 0.00536733 -353.053 29.9615
58 33.2104 3.0397 11.0726 -31.2819 5.64476 -0.271941 0.00492804 -286.199 27.0975
59 5.58425 3.92027 653.865 -189.339 19.5933 -0.81314 0.0126865 -326.335 27.8156
60 9.9193 4.41118 -1420.29 310.806 -24.4585 0.875053 -0.0111295 -326.721 27.8892
61 28.94 3.64771 33.9156 -40.2157 6.91011 -0.345337 0.00635177 -318.235 28.2175
62 29.2789 4.17492 -1080.84 230.341 -17.1408 0.588094 -0.00701375 -292.822 27.2529
63 45.8572 3.78597 -1190.34 244.914 -17.1951 0.546021 -0.00584961 -294.406 27.8483
64 7.83704 4.58568 73.7261 -44.891 6.66607 -0.31424 0.00568384 -350.174 29.4029
65 7.84488 5.11621 96.6823 -47.0577 6.68066 -0.307813 0.0054806 -335.069 28.8611
66 7.13802 4.58771 -1504.46 332.055 -26.4659 0.958623 -0.0123928 -320.184 27.7772
67 2.83159 5.12979 -1492.17 330.522 -26.4577 0.963057 -0.0125097 -342.217 29.032
68 44.4552 4.10669 -1435.84 327.493 -26.459 0.972811 -0.0127429 -384.005 32.893
69 1.41287 4.94373 126.523 -58.6109 7.99879 -0.372741 0.00665608 -330.646 28.4324
70 -6.4232 4.60629 130.606 -61.4553 8.06158 -0.362769 0.00626218 -351.317 28.8222
71 32.0926 4.11988 95.2054 -53.0899 8.02598 -0.384359 0.00689015 -347.038 30.8414
72 -12.5544 4.05699 1019.95 -272.509 26.1865 -1.04114 0.0156378 -280.013 24.9243
73 6.69161 4.79568 -1790.62 410.814 -34.3671 1.29997 -0.0177561 -317.932 27.7894
74 9.57243 4.56159 -1098.16 238.852 -18.6515 0.673893 -0.0085903 -323.576 27.9121
75 10.8696 4.80963 -1130.91 243.27 -18.657 0.661839 -0.00823237 -404.075 32.6192
76 46.281 3.60455 -1119.77 245.111 -18.6684 0.657219 -0.00810594 -280.934 27.9041
77 12.9898 3.42714 -466.759 78.2293 -3.89813 0.0876537 -3.43618e-05 -319.387 27.666
78 10.6128 4.3813 447.375 -142.246 15.9496 -0.697917 0.0114593 -410.189 32.0517
79 -9.2558 4.7574 -972.96 192.346 -13.4176 0.429504 -0.00451553 -384.872 30.2276
80 35.9204 2.59754 -902.662 186.719 -13.4303 0.447971 -0.00501868 -403.186 32.1844
81 8.58605 3.52744 126.944 -62.2368 8.22546 -0.368006 0.00629718 -352.134 29.3703
82 34.1382 3.4996 -1328.43 290.621 -22.6084 0.804759 -0.0101394 -370.746 31.3345
83 18.9833 3.94102 -1372.47 294.278 -22.6074 0.793608 -0.0098597 -295.38 26.8796
84 5.05855 4.32741 -1326.45 288.76 -22.6632 0.808488 -0.0101769 -357.192 29.0315
85 26.8508 4.31978 -1373.4 295.559 -22.6054 0.791724 -0.00983393 -384.349 31.8968
86 33.682 4.41464 -1337.29 292.581 -22.6247 0.801314 -0.0100426 -388.203 32.8326
87 -2.01341 3.95465 -1476.31 303.436 -22.6132 0.770069 -0.00926067 -279.48 25.3406
88 35.1429 2.64202 -311.96 41.4359 -0.301131 -0.06338 0.00232508 -377.323 31.9115
89 21.3541 3.23001 -404.276 51.1083 -0.32063 -0.0890104 0.00300109 -337.784 29.7201
90 14.9327 3.67532 -2321.07 519.705 -42.4661 1.55902 -0.0207443 -362.224 30.1402
91 7.72668 4.35235 -1176.41 242.349 -17.7811 0.601638 -0.00709452 -371.875 30.3764
92 -11.202 5.56796 -1568.13 355.567 -29.4292 1.10206 -0.0147492 -381.276 30.4425
93 11.3286 4.85972 -1018.15 212.548 -15.5962 0.528849 -0.00613728 -359.422 30.1264
94 0.283715 5.08088 -979.763 207.288 -15.615 0.546289 -0.00660079 -322.976 27.9477
95 7.27738 4.49651 -1087.06 220.071 -15.6472 0.510132 -0.00559807 -366.096 30.3699
