0 -20.2753 4.37646 -1472.81 340.79 -29.3835 1.15144 -0.0162205 -326.639 26.6334
1 0.772928 4.2616 -1547.24 351.722 -29.2718 1.10649 -0.0150328 -223.349 22.6731
2 -10.6759 4.41039 -1585.99 354.346 -29.2165 1.1001 -0.0149581 -524.278 37.2651
3 -17.4369 4.21984 -1510.75 344.846 -29.3766 1.14306 -0.0160653 -269.896 23.9717
4 -1.79646 4.54695 -1528.9 349.86 -29.3526 1.11945 -0.0153589 -467.814 34.4007
5 -15.0143 4.80378 485.911 -151.98 16.4824 -0.70849 0.0115261 -298.432 25.6718
6 -14.0115 4.51803 414.233 -145.366 16.6393 -0.734737 0.0121271 -310.808 26.9721
7 4.0379 4.08349 -1120.77 230.717 -16.8836 0.565022 -0.00649929 -283.662 25.3429
8 -13.6649 3.70985 -1017.32 215.965 -17.0341 0.630212 -0.0082806 -392.093 30.0041
9 -17.4134 4.68917 -1292.3 246.823 -16.453 0.484755 -0.0045404 -522.088 36.6803
10 -18.1119 4.20453 -1222.81 238.202 -16.6884 0.536965 -0.00592438 -479.364 34.4537
11 15.9233 4.1269 -4717.94 1080.38 -90.5397 3.35912 -0.0456753 -144.409 19.5401
12 -0.131833 4.5114 -4551.83 1060.02 -90.8148 3.44812 -0.0479737 -264.089 24.9916
13 -24.6538 5.54698 -4603.31 1062.89 -90.6499 3.43333 -0.0477675 -522.135 36.6577
14 -16.837 4.97347 -4707.08 1074.4 -90.3199 3.36471 -0.0459588 -291.666 25.4924
15 -17.8397 4.09496 -4454.23 1045.16 -90.964 3.51987 -0.0500788 -136.433 17.5721
16 -16.5899 4.37176 -1819.56 412.667 -34.6676 1.31822 -0.0181384 -406.818 30.8886
17 27.6442 3.96206 -5929.61 1377.22 -117.007 4.38536 -0.0602804 -265.954 26.0071
18 -25.6315 4.51094 -5705.88 1346.33 -117.666 4.55154 -0.0647094 -496.974 35.366
19 6.29569 3.83999 -5805.9 1359.4 -117.256 4.47703 -0.0629159 -248.324 23.9093
20 -21.8137 4.54827 -574.599 114.559 -8.46721 0.310658 -0.00383113 -261.656 23.2582
21 12.0899 4.11459 -3619.03 821.235 -68.1862 2.51874 -0.0340107 -368.92 30.5965
22 -28.4125 4.56364 -3738.26 829.433 -67.9144 2.47225 -0.0328762 -376.222 28.9132
23 -0.615905 3.21118 -3535.78 809.111 -68.3036 2.56645 -0.0352731 -318.554 26.6164
24 -1.47756 3.22842 -6.18159 -8.92768 1.41085 -0.0307259 0.00051506 -184.005 20.3821
25 9.6349 4.65695 -3848.25 892.781 -75.8843 2.86415 -0.0394869 -385.823 31.6531
26 -6.2765 3.68024 -4022.52 907.309 -75.4117 2.78814 -0.0377504 -396.427 31.0878
27 -5.16198 2.74337 -3962.16 899.695 -75.57 2.82431 -0.0386903 -213.671 21.3314
28 -8.55472 3.00364 -936.283 196.139 -15.2151 0.55326 -0.00700264 -516.597 35.9135
29 12.7695 3.79291 -1079.31 215.143 -14.9425 0.471904 -0.00492575 -242.785 24.152
30 -8.23262 3.78489 -991.523 202.118 -15.1224 0.535741 -0.0067363 -409.596 30.8013
31 -14.0725 3.16089 -928.608 193.936 -15.2679 0.573819 -0.00772978 -360.61 27.9473
32 62.5511 4.64125 -755.024 185.726 -15.4876 0.614985 -0.00857501 -372.603 34.2114
33 76.0875 4.6443 -900.981 203.309 -15.2013 0.536987 -0.00661488 -162.698 24.4579
34 62.2442 4.29849 -867.373 198.022 -15.2797 0.558005 -0.00712519 -56.3636 18.4594
35 96.4583 3.74795 -900.773 205.141 -15.206 0.528255 -0.00637183 -283.024 30.3763
36 78.6706 4.02601 -930.626 205.714 -15.1306 0.527262 -0.00647071 -284.489 29.8907
37 91.0487 4.42523 -1017.4 216.929 -14.9353 0.477796 -0.00522119 8.84126 16.6455
38 71.6202 4.59562 -964.462 210.386 -15.1502 0.50663 -0.00574567 -371.364 34.2687
39 94.6293 3.77268 -813.349 195.486 -15.478 0.582721 -0.00778527 -84.1395 20.5849
40 80.3948 3.53432 -807.138 192.428 -15.5223 0.599777 -0.00825691 -263.493 28.6326
41 82.7707 4.58293 -1254.67 241.054 -14.1347 0.329779 -0.00138933 -763.191 54.3025
42 87.6025 4.27526 -1182.82 234.038 -14.3692 0.369096 -0.00236603 -29.4771 18.234
43 72.8159 4.02723 -1166.09 230.164 -14.4522 0.390643 -0.00297565 -20.9939 16.6189
44 67.8049 3.67014 -6164.6 1451.52 -124.6 4.72947 -0.0659581 -256.851 28.4932
45 73.3267 4.17835 -6322.73 1467.82 -124.016 4.63888 -0.0638263 -358.212 33.9666
46 115.986 4.22934 -4310.29 994.05 -82.1981 3.03015 -0.0410738 -435.744 39.4642
47 73.2211 3.73761 -1078.2 239.44 -18.0141 0.627224 -0.00765847 -1.61654 15.3853
48 104.039 3.50067 -1129.28 248.523 -17.884 0.585955 -0.00647777 -222.29 28.2311
49 71.1947 4.3328 -3065.99 712.143 -59.3994 2.21506 -0.03014 -187.305 25.1356
50 73.5095 4.25551 -3128.11 718.777 -59.2145 2.17969 -0.0292331 -411.671 36.548
51 81.0552 3.6818 -3146.13 720.811 -59.1459 2.16744 -0.0289693 -140.82 23.0909
52 74.9342 3.08926 -3090.26 713.558 -59.3014 2.20145 -0.0297682 -265.651 28.6247
53 86.2544 4.12141 -3053.71 711.345 -59.3704 2.22225 -0.0304429 -250.638 29.3548
54 57.9756 3.8293 -3122.72 715.25 -59.2332 2.19671 -0.0297781 -20.7793 16.3064
55 69.5395 3.22535 -1702.26 375.095 -28.92 1.00578 -0.0124317 -328.053 30.7313
56 101.225 3.0832 -1597.27 367.008 -29.1277 1.04953 -0.013511 -259.789 29.3995
57 94.9591 3.50384 -1712.01 378.245 -28.7863 0.992267 -0.0121661 -275.933 30.1337
58 56.2463 3.61714 -1875.7 391.47 -28.4231 0.923041 -0.0104639 -278.055 28.6673
59 91.0499 3.11233 -1638.21 370.14 -29.0595 1.03749 -0.0133059 -284.042 29.6973
60 58.9543 3.36965 -1633.42 366.978 -29.1342 1.04914 -0.0135274 -315.841 29.952
61 55.5359 2.69119 -1784.79 381.117 -28.7566 0.978451 -0.0117694 -238.899 26.0984
62 91.8023 3.4043 -1715.37 377.297 -28.8125 1.00793 -0.0127847 -68.782 19.8662
63 77.6113 3.21679 -1655.93 371.063 -29.0553 1.03109 -0.0130775 -192.881 24.7256
64 -3.11348 3.14692 -1647.55 361.193 -29.143 1.06572 -0.0139585 -490.887 35.0872
65 -8.11148 3.84648 -1539.57 349.605 -29.365 1.11973 -0.0153394 -160.884 19.123
66 -4.21308 4.25131 -1435.64 338.589 -29.5109 1.16908 -0.0166745 -393.616 30.4532
67 28.4905 3.63029 123.858 -37.0111 4.52504 -0.183409 0.00320519 -497.344 36.8195
68 26.2859 3.07188 -7.08098 -25.0018 4.87361 -0.24064 0.00454235 -595.914 41.8271
69 3.48029 4.14762 -1780.33 403.178 -33.5319 1.26585 -0.0173384 -268.735 24.7251
70 -13.4343 4.45139 -1698.47 393.193 -33.7265 1.30777 -0.0183066 -401.637 30.4722
71 1.00273 4.02911 -687.701 147.048 -11.3334 0.417924 -0.00532944 -183.929 19.7207
72 12.5105 2.84719 -669.056 144.383 -11.3759 0.432576 -0.00567592 -318.495 26.8582
73 9.21866 3.45301 -906.581 168.012 -10.7094 0.320461 -0.00313413 -415.872 32.283
74 12.2899 3.82467 -1001.5 182.171 -10.6003 0.243278 -0.000771298 -366.371 29.4701
75 13.2314 3.65555 -768.456 155.277 -10.8197 0.348527 -0.00361558 -520.167 37.0941
76 26.7468 3.88204 -1005.16 180.821 -10.1114 0.218832 -0.000423707 -212.86 23.5319
77 21.3979 3.57612 -833.636 161.129 -10.6011 0.326275 -0.00327847 -509.17 36.9708
78 27.1641 3.53256 -6284.16 1459.56 -124.111 4.65086 -0.0639521 -293.204 26.7436
79 10.2594 3.56049 1366.76 -360.493 34.8294 -1.41032 0.021309 -565.05 38.8226
80 -24.2988 3.72679 -1579.09 341.021 -27.4679 1.00633 -0.013182 -526.544 35.9461
81 17.5948 3.52893 -1536.52 339.501 -27.4514 1.02237 -0.0138201 -275.959 25.8601
82 14.307 3.24656 -1685.94 356.576 -27.169 0.934122 -0.0114213 -356.08 28.9078
83 0.568473 2.80396 -1518.8 336.797 -27.4754 1.01444 -0.0133769 -332.149 26.657
84 -9.98197 2.97134 -1464.02 328.412 -27.5997 1.06225 -0.0147822 113.373 4.91044
85 13.2615 3.40414 -1609.47 347.619 -27.223 0.969335 -0.0123513 -319.007 27.6031
86 -1.08213 3.19469 -1659.65 350.342 -27.1051 0.956666 -0.0121518 -382.749 29.7066
87 17.845 3.58349 -1540.43 340.964 -27.2639 0.988423 -0.0128454 -225.964 22.4673
88 2.80479 2.3076 -1465.9 328.437 -27.4536 1.05325 -0.0146292 -394.81 30.0286
89 4.73991 2.85235 -1519.27 334.947 -27.3325 1.02328 -0.0138447 -340.537 27.89
90 9.77139 2.62783 -1738.7 361.422 -27.0485 0.905214 -0.0106445 -279.798 24.5834
91 5.43865 2.51735 -1558.24 340.926 -27.397 0.995843 -0.0129192 -329.388 26.497
92 11.8544 2.62676 -1389.67 322.362 -27.7951 1.10027 -0.0157781 -128.928 17.4682
93 19.0212 3.18025 -1768.34 365.895 -26.9484 0.886032 -0.0101555 -287.249 26.1274
94 11.9546 2.96135 -1396.08 323.371 -27.665 1.08234 -0.0152538 -449.187 33.4827
95 26.5146 2.07142 -1449.72 329.97 -27.5748 1.05258 -0.0144988 -335.532 27.7649
