0 48.8237 4.78525 1518.87 -382.38 37.3995 -1.58006 0.0255426 257.027 1.10546
1 42.4263 2.60278 1675.5 -411.207 37.8489 -1.47438 0.0216464 -325.93 29.211
2 49.7189 3.45329 1761.99 -420.461 37.8896 -1.4437 0.0207383 -325.004 30.0542
3 62.7143 3.02189 992.364 -247.347 23.9598 -0.962739 0.0147041 -263.701 27.2154
4 36.5125 2.9945 1041.91 -258.398 24.0607 -0.928626 0.0136698 -299.727 27.8292
5 50.0182 2.51711 1100.61 -264.134 24.1003 -0.910624 0.0130903 -300.04 28.3478
6 97.2217 2.77686 1036.23 -250.133 24.0457 -0.952497 0.0142735 -253.595 28.4438
7 75.1772 2.77284 1046.97 -253.873 24.0235 -0.941924 0.0140333 -321.633 30.4592
8 63.6391 2.73141 1125.7 -265.764 24.126 -0.905468 0.0128977 -221.034 25.0334
9 66.4341 2.4735 1115.2 -264.451 24.1222 -0.909618 0.0130358 -269.079 27.5984
10 68.2804 3.15127 1729.76 -429.254 40.5586 -1.6222 0.0243537 -267.538 27.7353
11 63.2228 2.77176 776.332 -200.452 20.1479 -0.825435 0.0128439 -212.523 24.6015
12 61.0492 2.53659 128.02 -37.9199 4.80569 -0.187605 0.00302991 -226.688 25.1943
13 37.7991 3.67971 104.857 -35.7245 4.77234 -0.197231 0.00336238 -327.723 29.2487
14 75.4007 2.87674 1430.91 -353.722 33.5766 -1.33834 0.0200474 -348.781 31.7261
15 46.2664 3.86862 7.79952 -18.0461 3.94253 -0.194166 0.00372289 -407.443 33.569
16 44.0448 3.64965 37.2868 -21.1785 3.89629 -0.184097 0.0035037 -253.378 25.8554
17 37.8664 2.36844 881.637 -224.304 21.3647 -0.834131 0.0123828 -335.342 29.1979
18 43.427 2.76369 -163.022 19.7828 0.656929 -0.0701497 0.00199963 -272.138 26.3384
19 93.3328 2.99762 -152.183 25.6269 0.622961 -0.089384 0.00258596 -194.519 25.2535
20 67.4925 2.32251 1130.97 -277.342 25.9412 -1.00058 0.014542 -235.318 25.8874
21 72.1919 1.95619 1108.02 -274.068 25.9048 -1.01069 0.0148647 -233.117 25.7297
22 36.1697 3.35397 1081.55 -273.271 25.8988 -1.01389 0.0149651 -308.288 28.2974
23 64.2478 2.66011 -119.651 7.29676 2.31285 -0.154086 0.00346503 -341.283 30.6792
24 57.9595 2.50515 1276.72 -316.085 29.6731 -1.16349 0.0172016 -279.917 27.4451
25 56.3601 2.02054 1285.82 -317.454 29.6587 -1.16065 0.0171572 -304.026 28.1573
26 40.6359 2.25729 473.28 -143 15.6574 -0.667407 0.0106941 -282.513 26.5614
27 68.4525 2.33172 514.32 -143.963 15.6308 -0.665113 0.0106789 -272.682 27.3674
28 53.5415 2.50247 -159.029 15.3434 1.41642 -0.108789 0.00261922 -327.81 29.5114
29 64.4788 1.7676 1661.41 -409.277 37.8539 -1.47281 0.021457 -209.447 23.9115
30 50.4479 2.68334 -326.378 58.2666 -2.66004 0.0583459 0.000107382 -299.88 27.9524
31 76.9999 2.05245 1195.48 -298.988 28.6085 -1.13469 0.0168857 -151.208 21.8004
32 -46.5844 5.45481 2531.72 -619.456 54.6701 -2.05401 0.0289136 -380.565 29.2426
33 -32.8554 4.33919 1126.31 -277.884 24.25 -0.870116 0.0118971 -357.785 28.4504
34 -62.5979 7.65905 -928.14 192.355 -14.8611 0.53764 -0.00667652 -435.826 32.2001
35 -14.6578 4.03959 228.723 -92.4401 11.1891 -0.501349 0.00851868 -324.917 26.712
36 -21.5734 3.84077 317.155 -105.962 11.3367 -0.458245 0.0071363 -372.66 28.9572
37 -2.73008 1.94678 1551.02 -402.023 37.2613 -1.45552 0.0214259 -417.84 30.818
38 -42.714 6.13336 -886.193 182.851 -13.9247 0.495975 -0.00601688 -393.745 30.0104
39 -12.4597 3.63465 1785.87 -452.399 41.6261 -1.61862 0.0235921 -310.23 26.1492
40 -22.4099 3.93222 -1226.24 279.849 -23.8681 0.931116 -0.012928 -386.816 29.6247
41 -13.5941 3.20767 950.949 -247.153 22.9476 -0.878945 0.0128249 -323.155 26.5176
42 -12.4841 3.48321 794.829 -226.985 22.8606 -0.940926 0.0146059 -426.705 31.7311
43 -16.689 3.84576 -98.9247 -3.22714 2.2236 -0.112365 0.00237904 -316.187 26.2568
44 2.06514 3.11104 1124.68 -292.455 27.6191 -1.08248 0.0160308 -349.814 28.8673
45 0.402088 2.64142 -28.9377 -7.01232 1.36055 -0.0254312 0.000323258 -310.15 26.677
46 -2.37684 3.86119 -204.854 17.0504 1.25581 -0.10635 0.00271863 -336.116 27.9846
47 -20.6789 3.82 -212.548 15.2011 1.2671 -0.100348 0.00255595 -382.001 29.2409
48 -13.286 3.00768 -118.5 3.87649 1.28133 -0.0630556 0.00149221 -334.589 27.103
49 -2.031 1.53699 484.542 -148.359 15.229 -0.616279 0.00956538 -477.8 34.2143
50 -0.132482 2.45926 1169.4 -310.92 29.6722 -1.17633 0.0175423 -340.687 27.815
51 -72.6083 8.15045 1149.5 -310.178 29.6486 -1.17943 0.0176852 -357.722 27.8925
52 -65.2261 7.2843 -87.0971 -15.4909 3.7922 -0.190897 0.00376009 -450.005 32.1592
53 28.5135 2.32652 806.55 -220.178 21.9533 -0.890917 0.0136363 -301.583 26.963
54 -9.65866 3.61101 838.668 -227.288 21.9801 -0.869696 0.0130374 -383.521 29.7679
55 18.8602 8.0418e-08 -541.48 100.75 -7.22197 0.261014 -0.00303534 -409.027 29.8488
56 -12.3203 2.42179 1250.86 -323.085 29.6665 -1.12992 0.0161736 -345.567 27.4305
57 24.5459 1.63015 -497.658 102.711 -7.79393 0.304145 -0.00397693 -355.356 29.5144
58 -4.96394 2.97004 -37.0135 -33.599 6.39675 -0.331079 0.00628735 -379.231 29.3437
59 -11.6696 2.76596 1108.96 -297.849 28.5103 -1.13266 0.0169558 -378.792 29.3186
60 17.6014 2.64633 -26.3883 -30.9065 5.95527 -0.300999 0.00561732 -400.564 31.3488
61 2.89239 2.06017 195.825 -62.0703 6.18846 -0.210123 0.00291647 -260.055 23.8225
62 -14.8852 3.06115 1080.33 -290.532 27.7232 -1.09487 0.0162956 -343.914 27.5339
63 -6.11687 2.54417 1040.33 -285.208 27.6921 -1.10983 0.01668 -312.346 25.7698
64 38.8442 3.2857 319.515 -83.1976 8.57805 -0.329304 0.00502883 -399.049 32.7509
65 39.1299 2.7381 1125.27 -279.497 26.0518 -1.00627 0.0147473 -356.677 31.0328
66 69.2215 3.51195 -706.68 161.229 -11.9521 0.41624 -0.004835 -218.345 25.6367
67 12.4203 4.94256 -731.972 159.251 -11.9706 0.421496 -0.0049516 -258.798 25.2576
68 70.2564 2.4146 1258.8 -308.014 28.8151 -1.11957 0.0164297 -265.387 28.0548
69 47.8552 3.32344 600.56 -152.007 14.9695 -0.588633 0.00893203 -313.36 28.9993
70 53.9929 3.3398 -235.167 41.9162 -1.43138 0.0181492 0.000615338 -284.869 27.9231
71 34.0162 3.77508 976.406 -254.853 25.0495 -1.0167 0.015588 -361.793 31.0256
72 45.4109 2.79654 -129.62 4.93468 2.75546 -0.185834 0.00428187 -457.014 36.2341
73 33.1258 3.10069 77.1407 -23.9685 2.99598 -0.0991909 0.0016325 -327.312 29.5057
74 49.2871 3.49507 1334.36 -342.175 33.2232 -1.34984 0.020609 -328.071 30.3342
75 32.7154 3.11694 1433.28 -356.832 33.2722 -1.30485 0.0192917 -382.507 31.7285
76 49.8892 2.94058 1420.9 -353.743 33.2588 -1.31284 0.0195075 -356.38 31.1648
77 30.8394 2.5062 1360.94 -350.086 33.2741 -1.32201 0.0197192 -225.984 23.8115
78 30.9795 3.02694 1333.58 -345.429 33.216 -1.33666 0.0201623 -380.231 31.1329
79 55.8067 2.93268 125.785 -63.3279 9.57151 -0.472735 0.00856272 -352.482 31.4015
80 68.3739 1.81766 1207.88 -295.185 27.3858 -1.05184 0.0152369 -229.902 25.5577
81 31.4875 3.89138 1141.32 -286.787 27.4284 -1.11162 0.0172137 -559.257 39.8276
82 31.4875 3.89138 1141.32 -286.787 27.4284 -1.11162 0.0172137 -559.257 39.8276
83 81.3594 2.29343 1073.73 -275.998 27.5281 -1.13742 0.0176916 -368.839 33.2313
84 33.1712 2.99931 1222.65 -300.091 27.5952 -1.05755 0.0153231 -192.34 22.2274
85 30.0085 2.23591 1121.75 -289.306 27.5842 -1.09087 0.0162671 -318.291 28.2813
86 42.8711 2.14537 16.6238 -32.2063 5.89274 -0.294596 0.00550144 -271.348 26.3141
87 32.8947 3.76378 138.523 -47.3289 5.96055 -0.243724 0.00398481 -274.019 26.8343
88 58.4767 2.05846 1564.15 -393.502 37.1655 -1.47452 0.0219528 -250.101 26.3852
89 69.1823 2.09068 1503.91 -383.611 37.1029 -1.50842 0.023 -207.298 24.7566
90 61.1097 2.53782 178.949 -69.4774 9.64534 -0.464253 0.00836567 -299.375 28.5987
91 36.6178 2.9425 1634.13 -414.914 39.4296 -1.58361 0.0238414 -377.135 31.4253
92 26.7043 2.47597 -63.5286 -13.2345 4.04685 -0.218982 0.00438622 -258.087 25.0903
93 45.4777 2.55657 1345.84 -350.55 34.1075 -1.38599 0.0210688 -264.727 26.2567
94 37.4248 3.34866 -118.71 -6.29128 4.25915 -0.258357 0.00538867 -314.48 28.5687
95 31.6948 3.70925 -45.7434 -15.3228 4.2926 -0.229028 0.00452807 -440.432 34.7118
