0 -33.4489 9.50266 -1985.53 529.379 -51.3786 2.23032 -0.0347591 146.609 8.36196
1 51.4742 3.45994 -2271.82 568.677 -51.0616 2.05308 -0.0296237 -258.811 31.0879
2 59.228 6.53851 -5995.99 1470.79 -131.666 5.23314 -0.0763821 -852.195 61.5179
3 30.3546 4.55212 -1566.56 401.145 -36.7537 1.52057 -0.0223783 489.175 -6.21594
4 80.061 2.07284 -1618.88 410.162 -36.6547 1.48392 -0.021505 -738.425 53.411
5 55.0212 7.4324 -7001.21 1775.03 -164.965 6.80385 -0.103385 -178.294 27.6307
6 50.6762 3.135 1547.65 -380.09 36.475 -1.51208 0.0244453 -185.347 28.186
7 78.3857 2.54486 -1723.23 415.117 -35.2324 1.35671 -0.0186138 -105.442 23.7082
8 48.6968 4.31481 -1808.42 423.042 -35.1363 1.32978 -0.0178799 -578.262 47.7335
9 -1.05982 9.58388 -1400.59 376.257 -35.8454 1.54893 -0.0238 64.7642 15.6833
10 47.1413 4.28398 -3121.88 813.69 -76.9905 3.24868 -0.0498191 -621.308 49
11 67.91 5.18133 -7484.58 1864.12 -169.745 6.83164 -0.100907 -363.866 38.5058
12 61.7756 5.12272 -4908.17 1195.33 -105.885 4.16952 -0.0599816 -121.13 26.3185
13 48.4576 5.39122 -4714.17 1173.63 -106.205 4.25575 -0.062125 -122.833 25.1801
14 25.2535 4.94002 -1982.89 459.171 -38.1399 1.43253 -0.0191298 -408.481 37.5491
15 40.7264 2.49302 -4569.24 1142.11 -104.64 4.24747 -0.0629006 -224.547 28.0892
16 54.2668 2.02282 -4252.95 1105.35 -105.034 4.42116 -0.0679579 -520.996 42.5168
17 56.8098 5.8767 -226.786 75.5907 -7.029 0.348431 -0.00564706 -924.766 63.6212
18 21.6062 5.49242 -3511.48 893.467 -83.2252 3.4581 -0.0524966 -734.901 52.7926
19 63.5504 1.78489 -3663.68 914.421 -83.1119 3.36223 -0.0495594 77.9221 14.1198
20 48.5796 6.01176 -3495.12 895.979 -83.3268 3.45926 -0.0525034 -140.816 25.2293
21 60.9963 4.1045 -3871.87 939.388 -82.9381 3.27626 -0.0473208 -660.352 51.2241
22 59.0177 2.49163 -3729.45 921.308 -83.1182 3.34876 -0.0492792 -222.637 28.6555
23 54.8395 3.4151 -1454.52 360.458 -31.5925 1.2631 -0.0179608 -216.371 28.057
24 105.254 1.8497 -5706.26 1373.55 -120.364 4.68251 -0.0667906 -746.808 56.5759
25 79.1353 2.28265 -2492.9 606.437 -52.8858 2.06996 -0.0291677 -450.475 41.0453
26 57.5765 3.04399 -2264.42 578.173 -53.2134 2.19892 -0.0328166 -530.43 43.7445
27 49.4005 4.89391 -2301.81 583.663 -53.1302 2.17164 -0.0320963 -353.619 35.3883
28 73.2396 4.71844 -2303.22 585.691 -53.1136 2.16547 -0.0319607 -159.924 26.7886
29 -2.05514 9.61379 -2154.51 563.381 -53.3766 2.27919 -0.035322 -807.95 57.4765
30 51.3304 5.99691 -2279.49 582.092 -53.1815 2.1811 -0.0322833 -1375.36 86.4442
31 17.027 8.83593 -2144.56 565.572 -53.4969 2.26282 -0.0345247 -1029.46 68.2685
32 -42.5399 6.78171 -2471.88 594.819 -53.1486 2.14266 -0.031311 -746.218 51.6475
33 -43.3792 8.39908 -4692.65 1158.23 -105.554 4.27169 -0.063131 -576.778 44.6878
34 -53.6576 9.75604 -4649.42 1152.53 -105.557 4.29517 -0.0639059 -424.987 36.8049
35 -30.1606 9.69231 -3050.6 756.053 -68.6221 2.78449 -0.0410275 -268.7 30.2183
36 -53.8963 10.0107 -5423.88 1321.73 -118.819 4.73382 -0.0689681 -193.729 25.565
37 -38.1993 10.6744 -4940.75 1267.42 -119.602 5.00122 -0.0766144 -602.991 45.1898
38 -28.2444 8.02444 -3516.85 839.397 -73.5064 2.86947 -0.0406132 -816.596 56.858
39 -40.058 9.75682 -3433.16 830.024 -73.6062 2.91242 -0.0418399 -309.617 32.0917
40 -33.1378 9.63689 -3035.35 785.308 -74.2835 3.12272 -0.0476221 -96.7301 20.9734
41 -27.375 9.14468 -1581.69 408.479 -38.159 1.60475 -0.0240706 -564.169 43.6063
42 -58.4733 10.7483 -1694.03 418.657 -37.9966 1.56513 -0.0231411 -360.208 32.9738
43 -58.3478 10.1672 -1607.45 407.495 -38.1265 1.61861 -0.0247559 -231.939 25.9543
44 -33.0997 11.1695 -1929.14 452.35 -37.7452 1.40509 -0.0182383 -528.125 43.2528
45 -63.1136 11.9093 -1904.76 444.189 -37.7021 1.45068 -0.0199277 -636.941 47.2054
46 -39.9852 7.74998 -1977.75 449.324 -37.614 1.43414 -0.0196405 -471.328 37.8172
47 -42.9245 8.45058 -1845.75 435.871 -37.835 1.4874 -0.0209152 -360.03 32.4339
48 -63.6344 9.68047 -1510.52 394.792 -38.3421 1.68908 -0.0267476 -588.229 43.4253
49 -62.5352 10.0552 -1586.68 405.084 -38.2611 1.63638 -0.0250996 -468.2 37.2473
50 -39.0782 10.1172 -1654.62 416.489 -38.1312 1.58087 -0.0234691 -318.349 31.7394
51 -10.0292 8.69898 -1992.08 457.407 -37.83 1.4257 -0.0192275 -491.682 42.1208
52 -100.106 12.8314 -1914.26 443.154 -38.0838 1.48698 -0.0207062 -726.835 50.818
53 -37.6374 10.4824 -1545.26 406.352 -38.7255 1.6661 -0.0256478 -543.263 42.7629
54 -14.0149 7.46922 -1880.8 445.272 -38.4012 1.50513 -0.0211688 -519.236 41.928
55 -56.4949 11.2556 -1565.86 408.446 -39.0933 1.69521 -0.0264526 5.44878 14.6893
56 -60.7958 8.9988 -1583.76 407.753 -39.1068 1.69568 -0.0264384 -878.226 56.0561
57 -26.6014 6.80036 -1748.01 430.042 -38.8796 1.58959 -0.0232368 -763.88 52.8443
58 -11.4725 5.90907 -1800.45 438.24 -38.8447 1.54926 -0.0219989 -1147.64 71.8347
59 -65.6486 9.90603 -2127.93 472.746 -38.5094 1.4192 -0.018555 -395.09 35.2093
60 -31.7228 8.28612 -1762 434.738 -39.223 1.59848 -0.023348 -1294.38 78.4443
61 -23.726 7.65568 -1987.28 460.936 -38.9603 1.49021 -0.0203533 -447.694 37.9524
62 -13.5424 8.2615 -1414.28 394.828 -40.3173 1.86414 -0.0311289 997.082 -37.2719
63 -58.1908 9.68798 -1824.65 443.576 -39.9648 1.63808 -0.0242904 -339.166 30.7871
64 -108.095 15.7201 -1649.75 424.842 -40.2603 1.7291 -0.026629 -22.753 17.1008
65 -76.8657 12.2251 -2083.69 475.071 -39.7705 1.51396 -0.0206443 -406.583 36.0979
66 -85.531 12.2925 -1848.48 447.387 -40.1139 1.63464 -0.0239502 -289.068 29.7596
67 -80.3131 12.5196 -2143.22 481.477 -39.8172 1.50304 -0.0203977 -557.258 43.8852
68 -10.8881 8.40116 -1951.1 464.625 -40.0825 1.57231 -0.0221663 -263.458 30.3603
69 -54.9913 12.1612 -1676.17 431.651 -40.5816 1.73305 -0.0266942 -413.581 36.496
70 -60.1785 10.8209 -1693.88 431.174 -40.5775 1.7341 -0.0267294 -718.725 50.1461
71 -67.7962 14.9828 -1873.75 459.55 -40.3742 1.59426 -0.0222834 -803.579 57.8034
72 -133.211 15.4737 -4276.26 1062.88 -98.5243 4.07496 -0.0615718 -213.243 26.6454
73 -77.5087 12.2705 -1724.57 429.087 -39.5352 1.66239 -0.0252124 -626.111 46.3133
74 -85.2178 11.0108 -2142.13 475.123 -39.2695 1.48962 -0.0203494 -323.356 32.0969
75 -73.5659 13.207 -2138.59 484.245 -39.4777 1.43411 -0.0181542 -205.777 26.8436
76 -67.9201 11.1419 -1846.86 448.076 -39.9649 1.6095 -0.0231597 -414.166 35.0511
77 -41.7559 11.1214 -1885.27 454.203 -39.8604 1.59228 -0.0229158 -1039.72 67.4669
78 -18.1252 9.26762 -2188.99 491.887 -39.6652 1.43676 -0.0182773 -743.404 54.7574
79 -73.0891 11.2121 -1602.37 418.455 -40.6609 1.79318 -0.0285315 -162.431 22.5874
80 -29.9752 9.36604 -1660.01 429.031 -40.5725 1.74261 -0.0270482 -603.194 44.9154
81 -17.6873 6.39391 -1425.16 400.035 -40.9854 1.88223 -0.0310022 808.882 -25.5529
82 -43.6644 7.25708 -2064.92 475.884 -40.6617 1.57774 -0.0219212 -515.33 41.1578
83 -52.2165 12.8052 -1763.54 449.646 -41.3167 1.70372 -0.0250015 -527.38 43.3192
84 -62.2436 11.3671 -1649.76 433.211 -41.5979 1.78742 -0.0274203 -403.497 33.7975
85 -64.698 10.0305 2736.98 -748.146 75.829 -3.33211 0.055225 -1718.95 99.4883
86 0.793216 5.05154 -4175.95 1024.37 -92.5235 3.71512 -0.0544008 365.955 -1.73775
87 -61.1308 11.7964 -3990.02 1001.89 -92.7863 3.82387 -0.0575334 -815.304 56.6139
88 -31.7273 7.48664 -3773.65 974.778 -93.1124 3.96072 -0.0616102 -840.479 56.3285
89 -40.2961 9.02548 -3605.18 954.462 -93.3973 4.06581 -0.0647573 -167.203 22.9308
90 -34.1975 7.47564 -4114.97 1016.13 -92.6955 3.76152 -0.0557202 -193.083 25.0585
91 -74.2044 11.0971 -4184.18 1022.41 -92.5621 3.7382 -0.0551957 -919.659 60.7458
92 -81.2283 12.7014 -3923.76 994.242 -92.9998 3.86722 -0.0586623 -486.586 39.0299
93 -116.556 14.4482 -3899.46 986.884 -93.0004 3.90756 -0.059958 129.58 9.5508
94 -47.6898 9.62688 -3825.45 980.225 -92.9654 3.93404 -0.0610466 301.912 0.326083
95 -44.6276 8.07831 -4045.63 1006.37 -92.6744 3.79275 -0.05662 -1205.03 73.9817
