0 -111.522 14.5891 -936.482 215.688 -18.5425 0.753227 -0.0102474 -853.849 59.7272
1 -28.9331 8.19595 -1337.83 265.295 -18.2317 0.577341 -0.00569884 -795.24 58.4721
2 -62.5249 9.85858 746.654 -260.585 30.003 -1.35231 0.0228181 -829.572 59.7292
3 -121.938 15.8404 -1076.4 196.175 -12.2059 0.351626 -0.00258464 -775.357 56.5806
4 -24.9511 6.6835 -1150.02 207.373 -12.2224 0.314587 -0.00155222 -849.622 61.3206
5 -57.2043 8.90434 -1065.44 195.714 -12.2907 0.356819 -0.00259858 -634.042 50.5555
6 -59.2433 9.71184 -1094.24 201.678 -12.3623 0.331484 -0.00177989 -609.091 48.676
7 -36.7879 7.94442 -1066.16 197.256 -12.2783 0.351136 -0.00257252 -974.897 66.623
8 -75.1984 10.9053 1201.97 -369.571 39.4681 -1.70714 0.0277359 -618.787 50.0698
9 -12.7785 7.59663 1215.57 -365.377 39.392 -1.72112 0.028159 -579.537 49.5705
10 -30.5355 7.20738 -422.508 42.9612 1.18743 -0.154948 0.00440966 -415.527 39.9255
11 -51.7339 8.8194 -480.935 50.763 1.10683 -0.183508 0.00534803 -538.1 45.3856
12 -60.2775 11.4281 -2696.02 654.813 -58.267 2.32448 -0.0332398 -180.263 27.8411
13 -16.0153 7.81823 -3117.06 703.34 -57.9943 2.16206 -0.0290532 -645.88 52.2192
14 -32.356 7.43727 -101.665 -45.4117 10.0184 -0.536091 0.010406 -504.613 44.2311
15 -28.5524 7.44637 -1955.23 416.3 -31.9579 1.12053 -0.0136503 -794.803 57.9317
16 -27.4028 9.97963 -1561.22 375.273 -32.6038 1.30474 -0.0184147 -1095.78 73.6186
17 -0.584758 4.85135 384.848 -155.442 19.6962 -0.915727 0.0160321 -797.369 59.5429
18 -146.077 15.9585 269.51 -150.028 19.7675 -0.933549 0.0164672 -785.567 56.5177
19 -120.341 15.1229 -2145.7 459.196 -36.3942 1.32966 -0.0171818 -493.278 43.3843
20 -42.9026 10.7988 -1698.63 414.726 -37.0138 1.52045 -0.0223257 -410.448 39.5346
21 -144.68 17.4363 -2049.13 451.533 -36.7793 1.37052 -0.0180028 -683.212 51.6706
22 -56.0891 8.88405 97.8787 -103.94 15.684 -0.768364 0.0139101 -902.582 63.5603
23 -16.05 5.81198 271.32 -120.796 15.5939 -0.714418 0.0124879 -398.233 39.1797
24 -48.8457 6.99087 2559.77 -697.611 67.8384 -2.77027 0.0423234 -821.654 58.6919
25 -120.202 15.7959 -1915.28 430.306 -35.8686 1.37773 -0.0187175 -516.532 44.3671
26 -31.3841 7.64558 204.501 -110.041 15.0314 -0.702078 0.0123844 -686.728 53.428
27 -22.3788 6.87379 -1646.55 342.174 -25.6077 0.892181 -0.010722 -519.699 44.8761
28 -53.0007 8.83117 -3320 773.587 -66.6978 2.59232 -0.036584 -217.857 29.1263
29 -34.0194 6.35713 4.4453 -60.2855 10.2322 -0.503634 0.00943183 -874.627 62.0365
30 -25.8353 6.75638 -1453.86 297.162 -21.8133 0.753401 -0.00886377 -489.474 43.3414
31 -22.4495 4.78711 1777.26 -499.283 50.1921 -2.09235 0.0326507 -827.279 58.8318
32 -111.313 12.1298 391.767 -174.234 21.2224 -0.967016 0.0166238 -710.537 51.769
33 -96.7838 9.33113 4417.34 -1109.73 100.864 -3.93753 0.0575669 -752.476 51.5489
34 -114.116 11.9481 -1800.08 379.799 -30.1731 1.10036 -0.0139482 -696.492 49.8371
35 -102.863 10.7535 2972.73 -780.759 73.4943 -2.93322 0.0438453 -563.483 43.516
36 -81.9196 8.80238 1549.09 -456.868 46.6122 -1.97294 0.0313976 -697.53 49.9259
37 -85.7357 9.21709 178.84 -119.572 16.0434 -0.761756 0.0136852 -829.859 56.5011
38 -72.542 7.8812 3936.87 -1011.37 93.5861 -3.69578 0.0545676 -731.371 52.0005
39 -114.898 12.9704 1726.35 -488.276 48.5453 -2.00029 0.0309219 -695.564 50.9712
40 17.2903 1.44329e-14 1800.02 -498.449 48.4384 -1.97169 0.0303214 -713.646 50.0854
41 -84.3137 8.7749 2360.1 -637.713 61.1411 -2.47406 0.0376652 -793.895 54.558
42 -59.7395 6.60177 2463.63 -651.147 61.2183 -2.43152 0.036355 -649.587 47.1867
43 -67.3942 8.12068 536.229 -197.973 22.2767 -0.968189 0.0160726 -782.37 54.7876
44 21.3669 0.0276085 377.201 -177.883 22.231 -1.03944 0.0181039 -575.578 43.9371
45 4.24466 1.70651 1888.9 -525.343 51.4334 -2.10822 0.0325344 -699.003 49.8846
46 -98.977 10.4756 4246.39 -1079.27 99.0104 -3.87719 0.056704 -580.974 45.1091
47 -51.9905 5.97729 2863.5 -740.351 68.5371 -2.69286 0.039757 -644.368 46.7331
48 -88.8135 10.2654 -1597.07 314.66 -22.9062 0.771814 -0.00869976 -662.987 49.0959
49 -93.5704 9.63718 -1399.93 291.116 -23.1407 0.856964 -0.0108808 -435.222 36.0135
50 -111.982 13.1225 1559.24 -450.676 45.6557 -1.90639 0.0298203 -647.411 48.8996
51 -102.764 12.4335 91.3161 -84.5094 11.959 -0.5471 0.00952573 -618.702 47.6266
52 -89.8692 10.7443 -1246.19 223.179 -13.9854 0.393773 -0.00282807 -633.767 47.9025
53 -47.2777 5.78672 1964.7 -547.769 53.7867 -2.21276 0.0341913 -780.084 53.6742
54 -120.475 12.8864 3275.63 -854.052 80.1368 -3.19392 0.047581 -647.336 47.9118
55 -117.359 12.539 84.5257 -100.776 14.7302 -0.713485 0.0128935 -607.196 46.3624
56 -106.764 11.8082 -1012.07 183.575 -12.1358 0.385961 -0.00366822 -690.328 49.9222
57 -96.2169 9.81781 2483.29 -659.688 62.2736 -2.47817 0.0370136 -670.583 48.4292
58 -95.8955 9.98154 2395 -648.07 62.2286 -2.51872 0.0382701 -747.28 52.451
59 -60.7915 7.18771 663.262 -223.991 24.0635 -1.01645 0.016387 -800.333 54.9659
60 -92.915 10.2257 497.568 -202.773 24.0233 -1.08423 0.0183262 -711.934 51.3058
61 -87.4048 9.45575 541.291 -208.13 23.9732 -1.06798 0.0179642 -618.019 46.1194
62 -87.3324 9.46486 3057.78 -784.584 72.0664 -2.79941 0.0407773 -645.682 48.2636
63 21.8047 4.31755e-11 2948.88 -770.135 71.9295 -2.84954 0.0423098 -723.446 50.6535
64 46.8112 4.61385 -1040.21 209.989 -13.7307 0.405696 -0.00326935 -507.245 45.1676
65 32.0117 5.83695 -1112.59 215.177 -13.5981 0.393286 -0.0032149 -503.186 44.4067
66 40.5211 6.66582 -3001 758.154 -69.1167 2.81981 -0.041783 -401.452 39.3116
67 37.6387 5.23782 -842.608 161.444 -9.55982 0.256985 -0.00149581 -612.62 49.5597
68 17.0157 5.14904 -3473.54 824.623 -71.5551 2.78111 -0.0392847 -527.198 44.4745
69 51.3261 5.60697 212.161 -104.086 15.372 -0.763935 0.0139134 -642.553 51.7289
70 44.2032 5.03199 342.974 -123.489 15.4962 -0.699427 0.0119345 -275.311 33.2699
71 64.7838 4.29185 2116.57 -566.69 56.8763 -2.39425 0.0375651 -481.428 43.5694
72 58.6989 3.82243 2197.91 -578.407 56.9003 -2.35094 0.0362802 -538.311 46.5067
73 52.4873 4.35337 -896.944 198.483 -14.8184 0.537137 -0.0065653 -285.889 34.2889
74 28.1817 6.5062 -1147.63 226.694 -14.7499 0.437992 -0.00383187 -419.033 40.0873
75 23.5415 5.41897 933.917 -271.952 28.9097 -1.23278 0.0197838 -503.479 43.3196
76 15.7991 7.22984 -940.216 191.06 -12.7986 0.403814 -0.00384441 -838.8 60.4743
77 21.9146 5.99466 -936.43 187.697 -12.7048 0.414976 -0.00431571 -498.292 43.1251
78 53.9315 4.48335 1930.63 -465.09 42.0588 -1.58084 0.0224191 -254.754 32.4352
79 37.5386 6.31587 1523.15 -413.119 41.944 -1.75865 0.0275863 -662.412 52.047
80 61.8859 3.52623 1684.9 -432.048 41.9298 -1.69585 0.0258673 -562.774 47.6074
81 28.3151 3.77802 1482.83 -411.298 41.9196 -1.76704 0.0278817 -270.123 31.5167
82 61.353 3.73145 1678.34 -433.029 41.9953 -1.69059 0.0255826 -708.918 54.354
83 66.6233 4.52229 1651.86 -427.464 41.9695 -1.71138 0.0262582 -502.637 45.0526
85 32.5701 6.68735 -2534.08 590.89 -49.6158 1.88718 -0.025908 -635.215 51.0394
86 54.3932 4.71286 3718.71 -908.974 82.8216 -3.21851 0.0466808 -397.622 39.2419
87 24.3921 5.86858 3343.39 -864.517 82.76 -3.3697 0.0510658 -617.932 49.3595
88 50.3028 3.64956 967.676 -298.69 33.6271 -1.51785 0.0254367 -122.984 25.3375
89 16.0068 7.15269 1099.98 -317.857 33.7137 -1.44237 0.0230901 -119.149 25.6917
90 44.3318 3.60632 1195.61 -329.289 33.7137 -1.40814 0.0221485 -517.977 44.597
91 33.0109 6.24552 1188.82 -327.918 33.7411 -1.41033 0.0221221 -455.995 42.1497
92 -23.6268 10.5228 -3050.31 735.86 -64.8881 2.57621 -0.0372042 -115.169 24.4018
93 46.3183 3.50927 399.968 -124.053 14.2463 -0.601046 0.00976392 -593.936 48.2119
94 48.8426 5.74873 374.13 -118.422 14.2434 -0.621119 0.0104501 -400.272 40.5502
95 54.7211 5.73875 2862.81 -735.259 70.7266 -2.88154 0.0437891 -710.841 55.5143
