0 14.6171 5.53857 218.297 -94.9002 12.5596 -0.568342 0.00987214 -743.886 55.7444
1 -17.6626 6.20934 1427.14 -395.51 39.6482 -1.6378 0.0254215 -723.123 53.0326
2 -17.961 8.17601 -692.112 111.683 -4.62378 0.0455293 0.00190084 -594.866 47.8581
3 0.0711571 5.78577 -624.128 103.976 -4.64585 0.0721681 0.00115205 -679.742 51.8231
4 24.6131 4.52436 3129.43 -795.996 74.9759 -3.00549 0.0450986 -807.761 58.7241
5 11.906 4.78096 1512.07 -389.439 37.0441 -1.46009 0.021889 -510.084 43.6414
6 -16.4054 5.5338 -707.95 112.222 -4.81787 0.0576495 0.00162643 -658.164 49.4293
7 31.0577 4.96525 -614.518 105.291 -4.79997 0.0830405 0.000894334 -550.639 46.4971
8 4.11619 5.16482 -509.833 89.617 -4.76411 0.134191 -0.000580184 -559.522 45.8492
9 26.2092 5.03344 1282.95 -345.985 34.7566 -1.4329 0.0223338 -651.955 51.2373
10 3.12057 5.2282 1309.78 -351.604 34.73 -1.41445 0.0218729 -460.248 40.9823
11 5.03487 5.40082 -1420.72 291.27 -21.0255 0.701694 -0.00777885 -509.262 43.7118
12 7.77484 4.98595 -1346.14 282.727 -21.0306 0.728682 -0.00854132 -242.339 30.4448
13 -4.74852 4.72106 1041.99 -303.724 31.5259 -1.32579 0.0210712 -466.108 40.5322
14 -8.30547 5.27207 1165.22 -319.731 31.6192 -1.27389 0.0195041 -709.759 52.6349
15 -7.94268 6.31216 -524.599 84.8888 -3.44452 0.0357267 0.00162004 -511.715 42.8931
16 31.7763 3.49573 -443.892 75.8357 -3.37386 0.0698069 0.000554509 -721.105 54.4169
17 28.482 3.55444 2480.91 -631.648 59.6759 -2.38878 0.0359807 -636.496 49.9339
18 19.2112 3.69366 2407.08 -624.658 59.6999 -2.41037 0.0365133 -652.599 50.2041
19 42.505 3.68143 1098.52 -302.926 31.0668 -1.29382 0.0204277 -460.069 42.3984
20 -5.72943 4.75935 1022.03 -297.982 31.049 -1.31218 0.020958 -775.25 55.5158
21 34.1414 4.86222 1115.03 -305.087 31.0866 -1.28421 0.0200408 -344.973 36.5745
22 7.8467 4.26418 1084.86 -306.005 31.1072 -1.28108 0.0199287 -727.586 53.598
23 -1.33722 5.57146 2401.81 -627.612 60.2184 -2.43666 0.0368981 -526.198 43.6958
24 10.6573 4.56212 2515.21 -643.056 60.3038 -2.38293 0.0352954 -557.972 45.7598
25 18.9044 4.71093 3074.11 -773.578 71.9888 -2.8462 0.0421148 -419.523 39.475
26 17.1526 4.39629 1832.05 -487.16 47.657 -1.94552 0.0298017 -491.067 42.2652
27 27.1261 4.98052 1819.8 -483.282 47.6234 -1.96069 0.0302903 -607.487 48.5918
28 42.5118 4.20828 1920.24 -497.099 47.788 -1.91388 0.0287721 -464.031 42.402
29 16.8124 3.71367 1911 -498.905 47.7763 -1.91023 0.0286769 -406.765 37.943
30 21.4634 5.28583 1852.13 -489.084 47.7262 -1.94165 0.0296748 -492.977 43.4367
31 20.6147 5.27908 -2346.66 532.051 -43.5854 1.61936 -0.0215691 -383.388 37.565
32 120.678 4.30424 -6617.75 1503.64 -124.259 4.5822 -0.0621524 -482.891 47.2664
33 81.9741 4.0475 850.469 -245.642 26.873 -1.15747 0.0186908 -388.465 40.2114
34 83.7655 4.17295 -1067.51 225.916 -15.9326 0.543132 -0.00622777 -445.429 43.5341
35 84.5569 4.38949 -1254.68 250.364 -16.0241 0.460517 -0.00378897 -545.488 48.11
36 119.797 3.8704 -4153.05 884.894 -67.0743 2.27182 -0.0276839 -371.624 41.5414
37 128.569 4.02849 -6246.91 1387.41 -111.598 4.00611 -0.0527658 -466.591 46.5197
38 77.3148 5.0123 -1837.54 397.062 -29.5445 1.00248 -0.0117634 -401.344 41.5299
39 77.3034 4.64304 -4067.36 961.21 -81.9171 3.11314 -0.0430315 -443.856 42.6931
40 95.7338 4.0017 496.438 -152.098 17.8821 -0.779584 0.012898 -536.47 48.386
41 104.646 3.54545 -3343.63 752.83 -60.5111 2.18856 -0.0286415 -401.378 41.9266
42 85.7425 4.47705 -634.077 115.28 -5.2961 0.0915068 0.000790816 -481.829 44.6492
43 95.1282 4.14634 -706.605 123.065 -5.25052 0.0719873 0.00123564 -530.205 47.7793
44 104.765 4.16706 -2396.23 518.001 -39.281 1.36132 -0.0168946 -455.984 44.6122
45 92.3038 3.98637 1361.75 -372.041 38.4707 -1.62111 0.0255179 -326.54 37.4519
46 104.937 3.91098 -1579.86 317.844 -21.0465 0.626987 -0.00590625 -523.396 47.5097
47 87.497 4.51748 -4629.69 1121.19 -98.4205 3.85347 -0.0552474 -358.588 38.572
48 108.871 3.64541 -2040.85 414.761 -28.3912 0.863902 -0.00857808 -615.725 52.5816
49 113.699 3.83475 -3418.6 758.447 -60.0901 2.14888 -0.0278733 -482.707 46.3652
50 94.8956 3.64256 -2096.03 452.113 -33.8745 1.156 -0.013856 -481.818 45.4767
51 98.2208 3.69912 -1974.76 438.632 -33.9336 1.20111 -0.0150719 -380.01 40.2606
52 97.9095 3.66225 714.953 -220.37 25.4088 -1.13114 0.0187512 -299.29 36.2359
53 81.304 4.33551 1919.66 -496.005 48.5817 -1.98797 0.0304937 -414.677 41.144
54 101.004 3.38725 -222.079 -5.0029 7.23148 -0.460741 0.0096501 -665.803 54.4198
55 81.2332 4.31827 -1016.54 211.624 -14.0821 0.433048 -0.00398645 -382.068 39.877
56 107.84 3.58067 1814.29 -492.004 49.984 -2.09081 0.0324461 -340.348 38.5455
57 104.854 3.60022 -3234.51 740.748 -60.8679 2.26356 -0.0306599 -493.577 46.4585
58 95.4164 3.4029 952.487 -263.559 27.891 -1.17121 0.0184559 -525.234 47.2455
59 108.575 3.44629 -2076.65 432.173 -30.7183 0.988447 -0.0109139 -381.252 41.1099
60 92.7188 2.63144 2611.63 -641.368 59.3592 -2.31741 0.0339016 -279.365 34.7507
61 96.8488 3.32736 -737.215 141.266 -7.81791 0.205404 -0.00113921 -358.399 39.093
62 117.873 3.23191 -4811.21 1083.65 -88.1024 3.20804 -0.0427307 -517.891 48.2441
63 89.1332 3.27409 1842.28 -473.53 45.959 -1.84964 0.0279004 -425.252 42.3153
64 35.1341 5.2299 1817.43 -471.325 45.8151 -1.86374 0.0286056 -376.657 38.4418
65 21.8695 4.45943 51.9349 -50.2959 8.34242 -0.401119 0.00748714 -772.09 57.0898
66 -7.46201 6.73035 -98.867 -32.4546 8.29789 -0.465728 0.00948102 -683.366 52.4413
67 30.8835 5.84338 -13.3229 -40.3155 8.35115 -0.435578 0.00843666 -473.654 43.2005
68 -11.7531 6.82501 43.5065 -51.5155 8.37496 -0.395989 0.00721356 -640.674 49.5468
69 5.77211 6.04677 111.813 -58.0318 8.32761 -0.376766 0.00683888 -597.362 48.2006
70 6.25147 6.12245 -51.8099 -36.4988 8.27173 -0.454232 0.00918499 -551.219 45.9149
71 11.2787 7.32621 -2607.22 601.97 -50.3148 1.90487 -0.0260309 -541.521 46.0016
72 18.2532 5.08452 -2663.29 606.48 -50.2931 1.88865 -0.0255379 -547.107 45.9986
73 -0.243204 4.99049 2620.03 -678.644 64.5213 -2.59809 0.0392323 -516.65 43.2278
74 49.8649 5.88479 371.845 -127.726 15.9514 -0.7209 0.0123819 -604.695 50.7111
75 -6.16968 4.73043 461.221 -147.325 16.0215 -0.657819 0.0104737 -653.619 49.3419
76 8.33763 5.79374 401.45 -135.425 15.9411 -0.700784 0.0119008 -397.197 38.4649
77 15.9932 5.8528 332.793 -126.055 15.936 -0.733631 0.0127674 -523.143 44.1884
78 23.1824 5.37235 221.386 -111.958 15.9278 -0.782834 0.0142205 -594.574 48.1146
79 -29.7179 7.3697 333.049 -130.417 15.9779 -0.720105 0.0124067 -829.973 58.313
80 26.5433 4.62377 436.19 -140.203 16.0472 -0.684228 0.01127 -640.367 51.0273
81 22.6205 3.85371 662.616 -170.036 16.1609 -0.593287 0.0086774 -527.663 44.7253
82 27.4237 4.33843 466.69 -145.021 16.1306 -0.674049 0.0108801 -526.645 44.6761
83 13.9832 5.31838 391.357 -136.032 16.138 -0.707111 0.0118383 -316.874 34.4153
84 50.1969 3.51901 3046.57 -765.22 71.5111 -2.83719 0.0421101 -373.041 38.1815
85 54.1838 4.9817 2843.2 -736.764 71.3306 -2.92638 0.0448744 -770.064 58.8577
86 2.08578 5.67511 2918.14 -751.727 71.3624 -2.87648 0.0434065 -242.627 30.4128
87 -2.71597 6.21578 -1207.76 260.164 -20.2048 0.747809 -0.00961017 -496.64 43.0999
88 38.4111 2.89171 1931.9 -489.627 46.0943 -1.8201 0.0272431 -229.809 30.3989
89 47.692 3.99578 1867.88 -480.139 46.1364 -1.84817 0.0278963 -530.76 46.4795
90 46.7328 3.79715 1887.36 -483.107 46.1614 -1.83913 0.0275982 -508.479 45.0739
91 23.9733 5.82757 -1452.76 327.594 -26.4379 0.999991 -0.0133985 -708.547 54.3829
92 4.1589 5.68658 366.326 -133.147 16.0125 -0.707104 0.0119453 -407.91 38.7492
93 19.9823 5.12303 468.5 -143.825 15.9945 -0.666638 0.010772 -273.423 33.0537
94 53.0237 4.94149 1485.47 -386.263 38.1026 -1.55294 0.0240151 -677.945 54.9051
95 54.5327 5.40864 -353.056 62.5211 -1.96051 0.00128382 0.00178159 -915.045 65.8908
