0 13.4561 3.79123 1869.95 -467.853 43.3688 -1.70734 0.0252047 -308.746 27.157
1 21.1205 2.68212 1218.18 -297.982 27.0419 -1.02453 0.0147339 -280.79 25.9008
2 -1.13171 2.83177 534.046 -152.163 15.4868 -0.636097 0.0100363 -371.654 28.7075
3 -5.46222 3.58689 529.676 -151.674 15.5015 -0.637107 0.0100342 -489.101 34.5588
4 -14.7615 3.88023 577.992 -159.42 15.5552 -0.610524 0.00920876 -311.892 25.6503
5 31.0832 3.84552 1679.12 -417.008 38.7099 -1.51738 0.0223026 -336.555 29.332
6 -9.50179 4.71153 643.328 -178.102 17.7919 -0.719908 0.0111096 -387.668 30.1576
7 -12.8189 5.29777 725.3 -187.519 17.7814 -0.687755 0.0102181 -298.222 26.0264
8 0.549519 3.55297 691.86 -183.918 17.776 -0.698695 0.0105155 -345.186 28.0968
9 46.9437 2.31066 646.002 -173.48 17.7443 -0.733961 0.0115459 -324.825 28.7335
10 20.4834 3.53995 672.064 -179.263 17.7703 -0.714021 0.0109631 -320.786 27.8977
11 10.1041 4.7795 640.48 -175.255 17.7747 -0.727193 0.0112849 -376.066 30.3838
12 17.3792 3.02376 628.883 -174.913 17.7601 -0.728805 0.0113753 -295.757 26.0109
13 1.74719 3.79509 652.537 -178.911 17.7621 -0.715502 0.0109994 -283.59 24.9758
14 47.8059 2.89505 647.249 -173.528 17.7468 -0.73062 0.0114243 -286.597 27.2729
15 -8.26196 4.30608 615.714 -173.519 17.69 -0.734691 0.0116416 -256.83 23.2815
16 21.0837 2.43494 702.528 -184.794 17.7916 -0.693653 0.0103134 -283.007 25.4171
17 30.1333 2.53993 1500.8 -384.525 36.4278 -1.45161 0.0216595 -304.041 26.9203
18 46.341 2.11281 865.751 -223.418 21.6601 -0.860708 0.0129503 -313.135 27.9504
19 19.9713 4.83798 838.27 -219.989 21.6523 -0.871857 0.0133005 -317.113 28.5223
20 8.31998 2.58466 783.25 -217.442 21.638 -0.881571 0.0135627 -338.405 27.2749
21 13.6919 3.70877 746.575 -209.965 21.6055 -0.906544 0.0143093 -233.586 23.1242
22 31.3111 4.16064 758.973 -209.924 21.6457 -0.903717 0.0141493 -350.075 30.0689
23 -9.92843 4.59184 -1165.66 265.269 -22.355 0.870103 -0.0122016 -390.377 29.7254
24 38.7433 2.03621 722.232 -192.68 19.069 -0.766338 0.0117193 -348.688 29.3899
25 21.403 1.90217 744.304 -197.577 19.1024 -0.75146 0.011227 -284.525 25.1329
26 29.7109 2.29236 639.251 -184.08 19.0725 -0.790091 0.0123153 -277.934 25.733
27 33.681 2.71009 1225.88 -318.201 30.6163 -1.22677 0.0184317 -259.479 25.0844
28 25.9243 3.30856 -710.613 140.493 -9.39651 0.294959 -0.00291597 -377.387 30.4987
29 26.4235 2.63291 -549.714 118.398 -9.22244 0.362993 -0.00500196 -263.938 24.8217
30 27.7116 2.71915 625.047 -169.664 16.9741 -0.681501 0.0103869 -279.807 25.5565
31 19.4866 3.11948 589.887 -165.448 16.947 -0.69501 0.0107994 -354.792 29.0168
32 52.4074 2.47361 625.198 -165.88 16.9141 -0.694068 0.0108703 -281.815 27.1105
33 69.0688 2.41045 1488.26 -360.832 33.2676 -1.28781 0.0187351 -189.086 23.1727
34 34.647 2.92957 1369.28 -348.929 33.1919 -1.32595 0.019887 -311.253 27.6309
35 33.833 4.82815 -1374.67 330.125 -28.2999 1.10415 -0.0155531 -172.25 21.3517
36 21.888 3.87559 587.212 -160.451 16.3825 -0.672368 0.0105149 -327.969 28.0983
37 28.2767 3.97429 548.109 -154.41 16.356 -0.691172 0.0110777 -355.495 29.9808
38 31.1962 4.24473 622.32 -163.688 16.4391 -0.662477 0.0101763 -323.313 28.6398
39 41.7195 3.3026 710.564 -174.836 16.5111 -0.630972 0.00927193 -321.877 28.7099
40 51.4972 3.05642 665.046 -167.602 16.4669 -0.656049 0.010042 -311.334 28.4391
41 42.4438 4.39702 684.697 -169.827 16.4846 -0.648642 0.00982099 -386.413 32.387
42 48.3095 3.10526 1411.85 -341.396 31.1773 -1.19486 0.0172505 -271.319 26.3287
43 44.5355 3.74213 -75.7605 5.57109 1.5647 -0.0940943 0.00216992 -301.65 27.9272
44 55.0446 4.018 429.666 -114.822 12.338 -0.511367 0.00812856 -292.341 28.4539
45 41.7224 3.17869 1465.41 -369.028 34.8649 -1.38649 0.0206931 -228.836 23.9695
46 57.1794 3.09545 678.841 -178.928 18.2086 -0.746174 0.0115554 -263.687 26.3026
47 54.8299 2.96428 654.558 -176.004 18.1777 -0.756723 0.0119095 -327.152 29.1765
48 62.5955 2.74643 693.753 -180.043 18.1876 -0.743779 0.0115583 -249.126 25.8225
49 70.3837 1.89046 703.322 -181.854 18.2306 -0.737498 0.0113256 -219.333 24.4737
50 48.8758 2.97199 737.05 -187.286 18.2519 -0.721307 0.0108647 -278.357 26.8786
51 70.9406 2.63704 704.242 -180.475 18.2118 -0.743404 0.0115099 -233.156 25.3
52 66.9925 2.43829 -1252.99 279.495 -21.7717 0.776194 -0.00980895 -341.553 30.4764
53 42.1118 3.80185 -1185.34 270.977 -21.8346 0.803684 -0.0105056 -252.415 25.1433
54 53.3911 2.6861 804.14 -213.996 21.5746 -0.886975 0.0137228 -259.761 25.6951
55 38.9603 3.73465 -425.067 86.7668 -5.5639 0.1807 -0.00176892 -256.807 25.2262
56 51.0818 2.22666 145.359 -52.3291 6.86203 -0.304982 0.00526803 -263.811 25.6457
57 39.6036 2.61217 1541.64 -387.315 36.3633 -1.43938 0.0213627 -271.541 25.8101
58 75.209 2.79175 916.794 -233.144 23.0421 -0.933419 0.0142471 -269.913 27.5765
59 49.8085 2.89773 851.451 -227.53 23.0145 -0.952725 0.0148128 -248.798 25.183
60 38.4473 3.39643 -819.866 184.498 -14.5035 0.533409 -0.00684398 -301.125 27.0096
61 61.3493 2.9227 -149.366 17.4062 1.12871 -0.0965036 0.00242338 -313.336 28.8994
62 52.5819 2.5156 889.305 -232.027 22.8957 -0.927259 0.0141652 -259.692 25.7512
63 58.8399 2.54416 813.353 -221.92 22.8564 -0.957909 0.0150118 -303.221 27.9608
64 34.4913 2.43271 437.981 -109.664 10.3954 -0.378785 0.00544208 -264.965 25.4432
65 20.2033 2.48437 930.066 -241.107 22.9597 -0.903927 0.013517 -303.69 26.3277
66 69.0079 2.52437 959.747 -238.041 22.9337 -0.912622 0.0137888 -256.024 26.6824
67 45.6206 4.11769 -907.012 210.514 -16.8835 0.626852 -0.00816693 -305.516 28.2571
68 36.5707 3.24108 98.8241 -35.9859 4.99241 -0.218894 0.00391589 -340.123 29.6052
69 29.8723 4.44382 52.1727 -30.2613 5.00121 -0.236705 0.00436117 -245.025 24.9309
70 17.0323 3.77684 92.4222 -37.8304 5.03659 -0.214596 0.00371199 -253.601 24.0926
71 44.1931 3.31815 127.075 -39.4244 5.06451 -0.209173 0.00358661 -312.74 28.7954
72 70.3476 2.0781 152.203 -41.5032 5.10269 -0.202076 0.00328259 -208.281 23.9953
73 21.9822 3.06076 1404.87 -355.166 33.4245 -1.32957 0.0199563 -246.958 23.789
74 64.7887 2.30422 791.175 -191.775 18.1429 -0.69789 0.010251 -310.86 28.9493
75 53.8618 3.15621 751.509 -186.761 18.105 -0.716726 0.010847 -209.084 23.5865
76 39.6756 2.76034 807.466 -197.307 18.2133 -0.680046 0.00962471 -199.083 22.29
77 17.5248 3.00684 643.661 -178.224 18.0856 -0.745563 0.011678 -262.717 24.0898
78 48.63 3.70477 795.214 -192.86 18.1368 -0.694923 0.0101598 -133.25 19.7429
79 47.5657 3.41096 700.233 -181.105 18.0988 -0.733727 0.0113288 -269.488 26.434
80 59.1677 1.53871 734.471 -186.19 18.1043 -0.716715 0.0108522 -229.602 24.3262
81 59.593 2.0149 761.509 -188.645 18.0887 -0.709206 0.0106753 -415.205 33.5733
82 64.6697 1.67714 734.724 -185.979 18.123 -0.715429 0.0107413 -274.867 26.6205
83 50.2028 3.10656 649.167 -173.94 18.0451 -0.75954 0.0121503 -241.836 24.9235
84 58.9749 1.49259 766.603 -191.66 18.21 -0.699852 0.0102433 -224.221 24.0884
85 13.6538 3.99206 817.235 -199.839 18.2245 -0.678242 0.00969638 -289.959 26.2363
86 53.8586 3.04669 748.721 -188.52 18.2455 -0.712046 0.0105586 -235.919 25.2374
87 12.6066 3.88971 607.788 -174.981 18.1946 -0.758297 0.0118872 -219.676 22.1083
88 47.7607 2.21269 682.655 -180.844 18.1601 -0.737184 0.0113434 -258.464 25.4365
89 46.2245 2.26646 617.499 -172.674 18.1413 -0.766164 0.0122323 -284.498 26.8473
90 48.556 2.52601 704.619 -182.879 18.1399 -0.729392 0.0111558 -301.97 27.7398
91 54.2957 2.94355 660.042 -176.087 18.1472 -0.753725 0.0118235 -182.333 22.2875
92 58.9948 2.78127 666.569 -176.741 18.1445 -0.752168 0.0118073 -330.34 29.4286
93 40.2356 2.93876 714.748 -184.128 18.1447 -0.728951 0.0111724 -439.753 34.0047
94 57.1641 3.33126 684.053 -177.936 18.1388 -0.749454 0.0117421 -181.674 22.2995
95 54.5549 2.1395 698.934 -181.857 18.1287 -0.732682 0.0112082 -161.17 20.4667
