0 -34.6215 4.71086 -605.646 117.896 -8.57468 0.302558 -0.00346061 -392.155 29.1922
1 -54.04 6.00898 1229.26 -323.598 30.2943 -1.19163 0.0177441 -356.908 27.0056
2 -21.943 3.52234 1216.23 -320.16 30.2824 -1.20232 0.0180399 -372.35 28.3184
3 -67.2744 6.97677 1341.65 -337.552 30.3126 -1.14484 0.0163779 -368.522 27.3163
4 -26.5319 4.00597 1240.8 -324.271 30.2989 -1.18558 0.0175559 -511.996 35.3884
5 -24.6172 4.33461 -663.771 141.669 -11.3749 0.437929 -0.00581932 -302.835 24.8617
6 -59.3953 6.65775 1708.3 -431.765 39.2365 -1.51004 0.0218497 -348.545 26.5517
7 -48.4655 5.8624 809.295 -223.597 21.6949 -0.867735 0.0131955 -339.438 26.252
8 -17.2596 3.78805 782.142 -218.085 21.6729 -0.885512 0.0137306 -409.197 30.515
9 -15.51 2.97947 881.8 -231.665 21.7544 -0.843161 0.0124481 -350.066 27.2415
10 -66.1026 7.49954 185.398 -78.4011 9.23909 -0.399691 0.00671731 -433.674 31.1528
11 -13.1628 3.54368 1361.63 -348.594 32.3732 -1.26377 0.0185881 -340.391 27.1197
12 -4.26565 1.81228 1406.95 -357.468 32.426 -1.23864 0.0178815 -375.738 27.7895
13 -12.1668 2.616 -839.334 189.412 -16.4202 0.660366 -0.00931196 -225.003 20.0448
14 -1.62804 3.16778 485.212 -132.308 12.7548 -0.482417 0.00706738 -271.665 24.2096
15 -26.2045 3.77304 430.629 -128.491 12.7128 -0.497443 0.00757592 -390.812 28.444
16 -56.3457 6.06848 1723.87 -438.189 39.8947 -1.53682 0.0222762 -401.914 29.4519
17 -14.8524 2.65652 176.218 -74.3599 8.72658 -0.372934 0.0062317 -391.073 29.2498
18 14.7535 0.201457 -820.324 168.776 -13.2937 0.494319 -0.00635518 -315.032 24.6534
19 17.0273 5.39568e-13 1392.15 -363.475 33.8455 -1.33122 0.0197692 -425.271 29.9547
20 -48.4081 5.78136 428.326 -140.862 14.9709 -0.621747 0.00982158 -412.649 30.401
21 20.6772 1.24635e-10 2512.24 -594.825 51.0049 -1.87967 0.0261245 -385.846 27.3122
22 -12.5842 3.49132 -1065.88 215.266 -15.8447 0.536341 -0.00623011 -354.661 27.5353
23 -34.4522 4.96852 444.708 -143.601 15.3844 -0.650964 0.0104542 -337.083 26.4766
24 -15.9533 2.60793 462.882 -147.358 15.4477 -0.636833 0.00994253 -314.383 25.2552
25 5.15847 2.89682 923.856 -253.535 25.0227 -1.01516 0.0154646 -290.673 25.3152
26 11.7823 1.302e-09 1789.2 -452.103 41.0006 -1.58555 0.0231376 -406.386 28.6174
27 -58.7916 6.66477 -160.234 -1.48081 2.83939 -0.164014 0.00344954 -365.603 27.5774
28 -8.13653 2.49762 837.378 -234.467 22.9838 -0.917768 0.0137609 -315.152 25.7689
29 17.032 3.50851e-08 328.789 -114.077 12.3906 -0.526162 0.00861051 -424.756 29.8089
30 -21.2103 3.61647 285.801 -107.988 12.4206 -0.54127 0.00892486 -342.168 26.746
31 -12.4738 2.73903 312.103 -111.737 12.4656 -0.528819 0.00849204 -306.28 24.909
32 1.50247 2.99501 386.909 -117.481 12.451 -0.512833 0.00814604 -344.999 28.1355
33 19.8258 2.83154 422.947 -119.56 12.4329 -0.506766 0.00797401 -361.018 29.3306
34 -23.9796 4.86773 -321.39 54.3727 -3.04449 0.0932889 -0.000570289 -392.824 29.7841
35 3.75143 3.18778 893.989 -238.69 23.095 -0.918193 0.0138118 -311.247 26.6841
36 38.9205 3.32129 832.377 -226.025 23.0095 -0.957975 0.0150105 -313.156 28.32
37 -18.422 3.93334 910.264 -241.433 23.0382 -0.912313 0.0137621 -415.977 30.7753
38 5.04562 4.19177 926.667 -241.663 23.1048 -0.907411 0.0134891 -363.561 29.8196
39 5.2537 3.70955 865.309 -233.679 23.0172 -0.933538 0.0142927 -307.32 26.2367
40 16.846 3.09206 157.571 -60.8642 7.71937 -0.345897 0.00605354 -373.745 30.2135
41 19.6419 2.80262 210.547 -68.2547 7.79 -0.321407 0.00524075 -360.655 29.3337
42 21.7038 3.55861 898.266 -233.418 22.6274 -0.90523 0.0137521 -352.118 29.6049
43 23.9991 3.8594 827.808 -223.822 22.5875 -0.937243 0.0147061 -246.797 24.4523
44 32.8839 3.32695 -590.911 120.8 -8.29559 0.277822 -0.0030235 -405.158 32.5156
45 -9.522 2.826 371.9 -118.664 12.5609 -0.516979 0.00819473 -338.546 26.8561
46 -4.88761 3.90182 391.912 -119.168 12.5677 -0.515099 0.00810796 -311.692 26.1607
47 -8.89349 3.3765 355.274 -115.416 12.5385 -0.527531 0.00850449 -350.949 27.6822
48 18.107 2.53478 1394.92 -353.1 32.8714 -1.28376 0.0188473 -328.369 27.727
49 12.579 2.99238 -77.5131 -9.02566 3.39477 -0.186743 0.00384086 -264.018 24.3793
50 22.592 2.62858 737.657 -203.734 20.6783 -0.857353 0.0134602 -337.847 28.3897
51 18.5567 3.38637 749.209 -205.71 20.706 -0.848782 0.0131621 -311.978 27.2098
52 26.7224 2.30512 768.969 -208.512 20.7219 -0.839653 0.012885 -296.135 26.3912
53 15.6418 3.63074 739.183 -204.751 20.7062 -0.850951 0.0131941 -313.692 27.1979
54 40.0557 2.37718 783.794 -209.357 20.7488 -0.835563 0.0127123 -325.844 28.5105
55 -10.632 3.71427 691.303 -202.005 20.7056 -0.860797 0.0134741 -431.244 31.6023
56 17.9422 2.56458 835.463 -217.551 20.7685 -0.813255 0.0121223 -306.954 26.5978
57 -7.1289 2.01482 646.159 -197.889 20.734 -0.877522 0.0139604 -418.297 30.6803
58 2.21759 2.53476 703.046 -203.18 20.7348 -0.858663 0.0133945 -328.984 26.8814
59 12.4754 2.8078 697.026 -200.683 20.7172 -0.866104 0.0136125 -311.232 26.5365
60 32.1282 1.81442 729.591 -204.681 20.7742 -0.851828 0.0131225 -267.977 24.9201
61 -2.46548 3.42541 777.85 -212.247 20.7796 -0.830464 0.0125399 -239.773 22.5007
62 -3.64913 3.30698 724.096 -205.632 20.7385 -0.850886 0.0131771 -324.988 26.6477
63 14.9771 2.53511 717.932 -204.052 20.737 -0.854114 0.0132269 -333.878 27.4495
64 -2.01188 2.80985 1490.21 -375.243 34.3357 -1.32302 0.0191744 -309.419 25.626
65 46.3718 2.40964 1509.79 -371.213 34.2858 -1.33466 0.0195397 -309.205 27.8805
66 51.591 2.51497 287.294 -80.2787 8.90963 -0.366279 0.00587396 -251.792 25.3231
67 51.1062 2.4999 292.245 -81.3848 8.92941 -0.361841 0.00573155 -259.144 25.9019
68 16.7598 3.09572 225.338 -75.8203 8.86268 -0.381407 0.00637881 -272.105 24.8193
69 17.1062 2.59484 414.378 -101.599 9.07756 -0.302812 0.00395562 -250.308 23.7658
70 11.192 3.37124 1331.52 -341.703 32.3254 -1.28562 0.0192344 -339.289 27.9394
71 -1.46414 4.31126 -187.923 30.2079 -1.39621 0.0518526 -0.000369926 -258.258 23.6671
72 39.8128 2.11574 742.397 -196.787 19.5451 -0.792 0.0121688 -232.977 23.5035
73 4.68203 4.25211 848.943 -207.357 19.157 -0.749334 0.0114513 11.2756 10.3469
74 31.9977 2.86686 752.382 -196.661 19.322 -0.776664 0.0118537 -347.126 28.9668
75 22.0649 3.61844 -191.352 30.692 -0.958262 0.0143871 0.000471623 -247.498 23.8977
76 27.32 2.70568 1487.92 -358.921 32.1456 -1.20805 0.0170518 -319.979 27.5721
77 43.9381 2.24519 1359.35 -340.555 32.0037 -1.26667 0.0188902 -319.002 27.8312
78 2.86322 2.99228 1355.68 -345.411 32.0707 -1.24962 0.0182741 -250.772 22.7091
79 32.2487 3.07539 1253.82 -328.614 31.9912 -1.30262 0.0198416 -292.698 26.2449
80 34.2132 1.98625 471.238 -120.334 11.6122 -0.44034 0.00652411 -306.912 26.8851
81 35.2236 1.73147 440.939 -117.526 11.6472 -0.449553 0.00670983 -387.37 30.4796
82 9.31207 3.29441 381.423 -111.966 11.6536 -0.468903 0.0072498 -266.659 23.9808
83 19.8902 3.39541 356.267 -106.371 11.6149 -0.491032 0.00794945 -415.367 31.5385
84 29.2385 2.76037 -778.278 166.848 -12.6437 0.454903 -0.00568779 -281.137 25.5843
85 25.7076 3.33774 -766.627 165.207 -12.5984 0.461381 -0.00594677 -272.232 25.6216
86 43.8293 3.0901 544.304 -143.095 14.4363 -0.575469 0.00872778 -271.241 25.9716
87 14.5577 3.78353 558.338 -147.345 14.4395 -0.564395 0.00846111 -328.559 27.6445
88 35.2161 1.88845 516.452 -141.726 14.4385 -0.583089 0.00899352 -233.628 23.3282
89 38.0873 3.91099 -9.76387 5.15008 0.318864 -0.00639289 0.00045625 -219.76 23.023
90 35.1202 2.48907 2882.23 -707.982 64.6234 -2.53118 0.0369475 -234.942 23.4557
91 26.7455 2.14214 196.541 -76.389 9.59931 -0.434538 0.00745098 -354 29.0061
92 17.266 2.99178 331.68 -92.8685 9.54294 -0.372459 0.00566082 -254.6 23.7367
93 21.3502 2.24146 376.482 -99.6676 9.59912 -0.347994 0.00491824 -279.5 25.1885
94 7.62954 2.86606 1567.79 -393.036 36.0812 -1.39698 0.0203078 -310.436 26.1335
95 37.4771 3.17837 1490.77 -378.572 36.0079 -1.44498 0.0217501 -184.304 21.3054
