0 56.2254 2.49105 789.929 -192.179 18.0796 -0.691733 0.0101978 -391.779 33.1682
1 43.1607 2.29041 1381.22 -340.534 31.5445 -1.22804 0.0180469 -292.11 27.148
2 34.9003 2.83091 154.982 -52.983 6.65437 -0.288391 0.00494943 -408.008 32.4128
3 63.1184 2.24967 197.814 -56.2146 6.6986 -0.2761 0.00453832 -353.798 31.1184
4 51.8834 2.06477 370.962 -80.4225 6.83237 -0.202027 0.00236581 -271.882 26.5069
5 34.277 3.82239 -386.812 104.511 -9.60097 0.43 -0.00656846 -320.489 28.4647
6 21.0426 4.18007 -449.862 110.74 -9.55322 0.405169 -0.00589576 -290.069 26.5552
7 59.7956 2.97106 1478.47 -370.887 35.3571 -1.41981 0.0213731 -173.822 22.0201
8 54.3151 2.56968 2155.96 -531.288 49.0954 -1.93321 0.0284781 -288.403 27.3827
9 42.3547 2.66993 348.925 -100.961 11.1566 -0.473165 0.007777 -322.671 28.7581
10 55.2128 1.95872 1127.69 -280.57 26.4377 -1.03686 0.0153641 -330.157 29.1829
11 20.1313 2.99069 1153.38 -287.258 26.4813 -1.01732 0.0148016 -274.544 25.1886
12 25.7534 2.4002 1106.45 -281.605 26.4629 -1.03239 0.0151882 -243.603 23.7605
13 44.1653 3.20166 -562.241 118.221 -8.26076 0.284026 -0.0032411 -240.958 24.7286
14 27.4244 2.34816 946.785 -233.514 21.2538 -0.792949 0.0112456 -259.488 24.6537
15 31.0586 3.05227 804.602 -213.629 21.1842 -0.86216 0.0133031 -314.838 27.598
16 64.5482 2.57976 -548.343 117.187 -8.00559 0.265344 -0.00280151 -296.399 28.2463
17 76.9171 2.18598 145.299 -50.5547 7.06677 -0.323766 0.00564454 -316.415 29.482
18 42.7519 1.92019 141.577 -55.5389 7.12012 -0.306721 0.00509737 -321.861 28.0561
19 13.2759 2.72761 765.548 -203.98 19.7735 -0.782171 0.0117574 -316.757 26.7348
20 17.3652 3.22835 696.833 -194.278 19.7405 -0.814034 0.012693 -299.394 26.2859
21 40.0871 2.66696 4.88366 -18.5133 3.60094 -0.162244 0.00294091 -317.265 28.2253
22 86.2998 1.83892 82.3716 -23.9083 3.64385 -0.144605 0.00239387 -200.451 24.4079
23 49.6491 2.59597 -31.0664 -12.838 3.60222 -0.182963 0.00355403 -280.03 26.8928
24 51.8606 1.95568 1252.61 -314.203 29.5354 -1.15939 0.0171424 -309.02 27.9359
25 70.4462 1.38743 1256.38 -313.005 29.5291 -1.16247 0.0172054 -233.36 24.7281
26 55.2994 1.9558 1198.11 -307.049 29.5184 -1.18099 0.0177389 -241.491 24.8225
27 48.556 1.96553 621.139 -161.471 15.8123 -0.617079 0.00916708 -184.97 21.668
28 31.0809 2.34335 513.633 -149.452 15.7564 -0.65576 0.0103312 -327.101 27.981
29 60.1546 2.21272 742.423 -200.019 20.3926 -0.838923 0.0129626 -262.312 26.2205
30 51.677 1.96724 796.287 -208.472 20.4547 -0.814176 0.0121912 -244.851 24.4895
31 40.1436 3.29194 -871.804 196.427 -15.5142 0.571809 -0.00740456 -314.202 27.7776
32 40.7646 2.80647 400.308 -112.265 12.1551 -0.512107 0.00832747 -326.318 28.9827
33 63.3693 2.45031 409.698 -111.762 12.1739 -0.511946 0.00827694 -256.773 26.5459
34 48.5042 2.72734 947.866 -240.636 23.2477 -0.926045 0.0139553 -256.785 25.7513
35 61.0034 2.84034 946.198 -238.565 23.2283 -0.933641 0.0142055 -280.374 27.4768
36 46.3108 3.60715 859.3 -228.439 23.2005 -0.967415 0.0151823 -240.986 25.1792
37 35.2865 3.38456 115.784 -53.3437 7.68216 -0.364476 0.00652122 -318.473 28.3427
38 39.6929 3.98296 -164.133 17.7036 1.28544 -0.112702 0.00286575 -297.879 27.9251
39 20.936 3.51539 984.667 -257.997 25.0999 -1.01286 0.015422 -295.205 26.1995
40 64.4624 3.20704 1067.51 -262.619 25.0812 -0.996298 0.0150152 -286.876 28.3177
41 57.0945 2.83991 505.26 -127.716 12.9065 -0.516329 0.00803098 -261.994 26.4838
42 48.2235 3.25551 478.908 -124.889 12.901 -0.526045 0.00830806 -327.524 29.4284
43 50.694 3.30876 408.245 -116.215 12.9025 -0.553703 0.00907588 -275.069 27.1938
44 69.6215 3.77191 -790.978 185.132 -14.3511 0.518666 -0.0064618 -317.822 30.1784
45 27.0764 3.51931 -807.952 180.259 -14.2694 0.534801 -0.00702298 -343.356 29.3454
46 43.1449 3.0124 1406.89 -359.842 34.5847 -1.39895 0.0212199 -272.85 26.0754
47 26.3816 3.32783 -393.267 74.0495 -4.32881 0.128268 -0.000914731 -356.599 29.6627
48 53.6397 2.67082 923.414 -237.47 23.2869 -0.942219 0.0144356 -296.196 27.8126
49 53.8968 3.01704 -663.762 146.69 -10.8114 0.37768 -0.00441832 -245.042 25.3825
50 56.8112 2.76147 768.002 -200.729 20.1417 -0.822154 0.0126848 -255.549 25.954
51 57.7947 2.33102 834.993 -209.414 20.1859 -0.796625 0.0119584 -268.436 26.4074
52 44.3389 2.29409 708.477 -195.691 20.143 -0.83925 0.0131833 -343.967 29.5162
53 43.4118 2.50604 681.435 -192.307 20.1289 -0.848727 0.0134467 -407.083 32.6687
54 39.2761 2.91259 710.605 -195.783 20.1346 -0.838935 0.0131829 -317.366 28.126
55 35.9641 2.98214 729.112 -198.436 20.1567 -0.829831 0.0128994 -261.25 25.4724
56 83.2472 2.11258 817.652 -204.537 20.1639 -0.809805 0.0123186 -247.672 26.6439
57 32.8143 1.62137 756.894 -203.245 20.1527 -0.816847 0.012585 -336.505 28.4033
58 49.4004 1.63345 763.277 -202.982 20.182 -0.815223 0.0124814 -309.508 28.057
59 69.5148 1.73283 -100.901 14.3753 0.42807 -0.0284674 0.000894464 -240.744 25.7041
60 58.9059 2.04141 -272.114 34.5917 0.389778 -0.0958184 0.00278303 -303.216 27.8762
61 52.7097 1.90326 1092.78 -282.635 27.4119 -1.10143 0.0166408 -257.934 25.6938
62 44.4181 2.18877 1038.36 -276.609 27.3806 -1.11931 0.0171286 -293.776 26.9357
63 59.3888 2.85536 -885.122 196.201 -14.9544 0.536513 -0.00679658 -171.804 21.8805
64 83.238 2.80412 1086.13 -264.829 25.3629 -1.01074 0.0152606 -292.37 29.0853
65 58.7598 2.8196 1897.1 -469.027 43.832 -1.74438 0.0260744 -303.773 28.4665
66 96.967 2.23626 1179.39 -291.503 28.1954 -1.13456 0.0171595 -199.686 24.8117
67 60.1636 2.8681 1220.67 -300.932 28.2561 -1.10503 0.0162757 -263.342 26.5735
68 94.2538 2.99557 -191.933 40.4048 -1.05628 -0.016514 0.00148929 -227.408 26.4713
69 113.77 2.37731 767.561 -178.955 17.4077 -0.685141 0.0102919 -229.434 27.315
70 13.374 3.66847 1701.35 -434.343 40.9557 -1.63575 0.0244616 -321.576 27.2651
71 69.2357 3.18423 558.504 -145.505 15.1859 -0.629327 0.00995073 -290.902 28.5414
72 111.675 2.04842 671.731 -155.492 15.2092 -0.597279 0.00903281 -312.169 31.1181
73 85.8332 2.42471 628.712 -152.802 15.2004 -0.606857 0.00931616 -292.586 28.9889
74 69.2508 2.57107 571.499 -147.953 15.2179 -0.621781 0.00970478 -295.405 28.5508
75 81.5169 2.4438 574.079 -146.445 15.1784 -0.62677 0.00987113 -253.324 26.797
76 74.7837 2.7869 601.632 -149.951 15.1782 -0.616099 0.00960788 -298.649 28.947
77 65.6543 2.39598 548.82 -145.456 15.1709 -0.629148 0.00994489 -241.926 25.4052
78 62.5767 2.71925 592.732 -151.048 15.1861 -0.610643 0.00941604 -212.582 24.1485
79 65.1821 3.01666 641.016 -156.691 15.235 -0.591291 0.00876226 -258.223 26.5491
80 77.3292 1.92194 567.293 -146.709 15.1711 -0.626414 0.0099254 -281.551 27.984
81 79.2899 2.33791 591.016 -149.272 15.1988 -0.618007 0.00960408 -274.919 27.5877
82 68.2618 1.9136 538.928 -145.157 15.2054 -0.630979 0.00996376 -170.341 21.8506
83 93.5533 2.32269 766.357 -170.387 15.3423 -0.550601 0.00753935 -182.414 24.0154
84 92.6583 1.9836 403.707 -125.527 15.2027 -0.699093 0.0118733 -216.566 25.019
85 47.8797 2.67907 -531.506 112.197 -7.89673 0.277915 -0.00328206 -344.794 29.7318
86 69.5031 2.65638 -387.274 96.5747 -7.82496 0.32685 -0.00470351 -219.725 24.7543
87 86.1232 2.4595 461.358 -123.788 13.6586 -0.584583 0.00950154 -262.515 27.6126
88 59.096 1.97124 1791.29 -446.135 41.6976 -1.64932 0.0244231 -376.923 31.809
89 108.026 1.5942 330.212 -85.835 9.94502 -0.426643 0.00708117 -380.465 34.4476
90 53.7531 2.1719 347.431 -94.1012 9.97201 -0.399782 0.00627471 -306.797 28.2328
91 64.0186 2.3273 330.78 -90.6179 9.97963 -0.41191 0.00658353 -274.624 27.0435
92 75.0949 2.68243 337.799 -89.2081 9.94154 -0.416691 0.00679373 -259.725 27.253
93 65.5546 1.82156 276.83 -84.4246 9.95753 -0.431787 0.00717067 -200.905 23.2981
94 56.9892 2.8194 306.101 -87.9088 9.95607 -0.418743 0.00674704 -332.42 29.567
95 76.8898 2.31967 1538.74 -369.99 34.0131 -1.31327 0.0190205 -294.626 28.813
