0 -19.0494 3.49426 968.352 -256.564 24.342 -0.956045 0.0143388 -456.178 33.8219
1 -27.6686 4.05713 878.563 -246.872 24.376 -0.988643 0.0151787 -453.865 33.0388
2 -17.6701 4.00513 510.426 -150.494 15.5514 -0.643762 0.0102814 -473.495 34.4658
3 -59.0834 6.72825 534.338 -157.139 15.6057 -0.620545 0.0095753 -365.475 28.4756
4 -28.2132 5.71944 -1623.79 390.207 -34.7576 1.39726 -0.0202435 -212.409 21.6257
5 8.27644 2.21694 1947.67 -484.615 44.1771 -1.70971 0.024869 -445.396 33.4883
6 -1.59181 3.16972 728.3 -203.743 20.4135 -0.830967 0.0128522 -330.025 27.9103
7 -70.7552 7.45533 1376.06 -355.922 32.7829 -1.26832 0.0185757 -509.392 35.1876
8 -0.392863 2.74971 1437.38 -360.167 32.8163 -1.25505 0.0181734 -446.8 33.5585
9 -6.73061 3.57644 1312.09 -344.297 32.785 -1.3092 0.0197218 -410.501 31.5863
10 19.1589 2.5258 1468.51 -362.241 32.885 -1.25014 0.0179283 -325.272 28.5503
11 -7.53575 3.72263 1316.18 -344.997 32.795 -1.30566 0.0195645 -307.602 26.3991
12 -18.6364 4.2132 1173.67 -327.828 32.7213 -1.35951 0.02118 -558.158 38.6782
13 -10.0955 4.46391 2277.13 -566.636 51.6018 -1.99994 0.0289867 -226.108 22.5529
14 -18.707 4.15364 339.359 -115.682 12.8581 -0.551645 0.00909728 -479.625 34.4228
15 -32.6533 4.58221 1515.03 -395.928 37.0418 -1.45212 0.0213429 -385.368 29.7537
16 -8.93144 1.80784 1659.17 -414.073 37.1322 -1.39932 0.0199109 -417.222 31.8852
17 -7.33481 3.38691 900.262 -247.145 24.2613 -0.980959 0.01501 -397.015 30.5723
18 -35.1516 5.12895 1533.92 -400.529 37.5818 -1.48222 0.0219563 -256.522 23.4706
19 -18.0466 4.35119 -120.453 -1.40162 2.61302 -0.152165 0.00330675 -366.732 28.7511
20 -64.0387 7.32669 1149.37 -314.661 30.4073 -1.22202 0.0185091 -457.219 33.0207
21 -45.9744 5.63494 -297.695 48.1892 -3.23447 0.145765 -0.00202643 -410.488 31.1918
22 -33.2219 4.74222 954.126 -263.462 25.5987 -1.02218 0.0153814 -312.155 26.0815
23 -63.0542 7.21032 1229.12 -331.697 31.656 -1.25628 0.0187507 -382.767 29.492
24 -58.9871 6.40749 1377.21 -351.444 31.7992 -1.20118 0.0171755 -402.998 30.4581
25 -51.4458 6.01749 1374.53 -351.139 31.8195 -1.20095 0.017112 -379.419 29.4622
26 1.36307 3.2894 1217.63 -326.47 31.7254 -1.28367 0.0195007 -339.36 28.5269
27 -15.3463 3.43822 584.854 -176.028 18.1799 -0.751325 0.0117637 -400.638 30.4104
28 0.698572 2.81552 526.918 -167.779 18.1565 -0.775806 0.012443 -298.025 25.7994
29 -30.852 4.69684 576.475 -175.887 18.2071 -0.752043 0.0117998 -347.784 28.0517
30 -50.8986 6.01585 603.494 -180.822 18.2278 -0.737714 0.0113822 -445.294 32.0957
31 -10.8111 3.1926 1291.74 -350.523 33.989 -1.37261 0.0207146 -393.367 30.1165
32 -4.097 2.97087 593.87 -156.35 14.5678 -0.538439 0.00768487 -261.258 23.9271
33 -40.2867 5.42795 973.746 -262.663 25.0884 -0.99059 0.014771 -342.578 26.8674
34 -4.3185 3.03174 1072.08 -273.829 25.1981 -0.956279 0.0136987 -312.24 26.3985
35 -16.0854 3.82359 975.157 -261.459 25.0995 -0.996847 0.0149475 -338.072 27.0642
36 4.19921 3.33278 1108.41 -277.113 25.2346 -0.94913 0.0134852 -309.481 26.636
37 -23.479 3.96632 1083.96 -277.005 25.2412 -0.94989 0.0135064 -336.946 26.9517
38 26.277 3.43578 1041.13 -264.189 25.1232 -0.990784 0.0148015 -285.281 26.6844
39 -8.48954 4.04515 977.993 -260.331 25.1079 -1.00401 0.0151709 -350.392 27.9549
40 -0.921345 3.98213 -738.362 162.681 -13.0301 0.495935 -0.00656015 -351.975 28.6036
41 -56.3493 7.29081 -656.256 152.159 -13.2214 0.536375 -0.00749684 -302.441 24.5258
42 -17.5493 4.08106 857.486 -233.414 22.7406 -0.912254 0.0138493 -381.24 29.173
43 -17.0282 4.05719 852.7 -232.228 22.7075 -0.9166 0.0140039 -306.514 25.4209
44 -66.3517 7.91669 823.204 -230.752 22.7325 -0.919432 0.0140991 -458.23 32.9076
45 -18.3192 3.68002 827.564 -230.698 22.7278 -0.919865 0.0140786 -410.313 30.3217
46 -43.0095 5.90903 454.52 -139.169 14.5068 -0.59967 0.00950499 -377.187 28.6924
47 7.36403 3.71198 -135.249 5.8703 1.95872 -0.123617 0.00276068 -387.286 30.2459
48 -0.421793 2.1398 1077.27 -287.049 27.4728 -1.09256 0.0163846 -271.922 23.9824
49 14.8584 2.525 1163.92 -295.119 27.5048 -1.06685 0.015636 -284.2 25.7454
50 -66.2022 7.43785 1192.15 -304.234 27.6081 -1.04111 0.0148539 -342.759 27.0694
51 -12.2415 3.92816 303.241 -102.353 11.4196 -0.48645 0.00794481 -402.947 30.2995
52 4.40985 2.78858 390.459 -114.216 11.5768 -0.448438 0.00666607 -296.066 25.5876
53 -60.5341 6.93385 318.21 -108.311 11.5343 -0.466908 0.00730896 -358.451 27.8559
54 -15.1498 3.57402 -501.279 91.4906 -5.97506 0.195517 -0.00190139 -406.65 30.2153
55 -50.0985 6.12239 -579.766 99.3281 -5.97364 0.170079 -0.00116308 -444.01 31.7796
56 -3.78912 1.76585 1408.08 -354.101 32.0047 -1.21098 0.0172569 -350.953 27.552
57 11.1697 2.07687 115.315 -33.6911 3.18156 -0.07721 0.000810427 -316.215 27.1417
58 -7.98194 3.99324 -73.792 -9.7224 3.13998 -0.160544 0.00317585 -436.143 32.2695
59 -40.7569 5.3991 -5.69825 -22.3005 3.24995 -0.120789 0.00197435 -302.167 24.9966
60 -1.18444 3.54164 -113.561 -5.28744 3.1841 -0.178667 0.00365959 -366.96 28.8228
61 13.2441 2.90241 35.0839 -23.4015 3.30399 -0.121842 0.00196534 -350.634 28.876
62 -16.0245 3.46567 1771.57 -455.925 42.4833 -1.67364 0.0246292 -231.041 21.5678
63 -5.89275 3.44781 -785.867 157.352 -11.366 0.386775 -0.00441072 -271.843 23.8448
64 25.6396 2.52578 1580.08 -393.46 36.2234 -1.40845 0.0205829 -253.934 24.0277
65 44.1921 2.06657 1674.71 -403.732 36.2892 -1.37633 0.0196135 -322.716 28.2079
66 43.6513 2.89237 687.739 -181.225 18.2413 -0.747262 0.0116534 -420.56 33.1743
67 26.6127 3.68105 228.552 -72.3253 8.45464 -0.361637 0.00601225 -340.465 28.6644
68 52.3362 2.13167 250.132 -74.9894 8.53918 -0.351833 0.00564381 -317.392 28.481
69 54.2534 3.24741 928.755 -235.984 23.0228 -0.927643 0.0141073 -334.216 29.3884
70 14.5124 4.18541 -465.856 93.663 -6.28532 0.210922 -0.00218554 -240.526 23.7829
71 48.982 3.73678 -482.136 99.3315 -6.3005 0.19146 -0.00161587 -308.057 28.2582
72 50.0669 1.86863 1325.45 -323.169 29.4519 -1.12083 0.016066 -302.504 27.3734
73 28.7712 2.80459 1288.84 -319.48 29.4252 -1.13536 0.0165163 -255.752 24.2084
74 38.298 2.0822 -78.7178 26.6557 -2.82534 0.173559 -0.00296378 -294.618 26.6193
75 49.6204 2.53613 -218.057 46.5406 -2.92713 0.115524 -0.00133196 -266.775 25.9872
76 47.9395 3.06013 -336.044 62.8065 -2.98773 0.0564998 0.000466187 -371.446 31.1595
77 29.9744 2.79169 1425.66 -353.193 32.5826 -1.26737 0.0185715 -310.093 26.827
78 72.5401 2.4265 679.163 -165.298 15.932 -0.616258 0.00911534 -251.963 26.2508
79 41.3746 2.58902 587.129 -157.182 15.8747 -0.640288 0.00981103 -298.459 26.9067
80 67.3339 1.29168 674.125 -166.659 15.9136 -0.611485 0.00900407 -233.777 24.419
81 52.9222 1.7948 850.092 -189.356 15.9329 -0.538757 0.00701575 -278.614 26.4399
82 79.4641 1.72319 1687.86 -417.717 39.2993 -1.56404 0.0233037 -361.046 31.3298
83 60.6323 1.95626 731.908 -184.396 17.8463 -0.698879 0.0104119 -300.901 27.8448
84 37.3371 2.13184 859.251 -202.966 17.926 -0.642792 0.00880167 -238.334 23.7659
85 33.966 2.11455 733.118 -187.528 17.8577 -0.68726 0.0100619 -279.528 25.8081
86 31.3448 2.20516 780.346 -193.294 17.8585 -0.672095 0.00969922 -180.731 20.8117
87 75.6608 2.33172 525.972 -156.652 17.7572 -0.787984 0.0130037 -302.004 28.6662
88 48.2235 1.67953 751.649 -188.99 17.9198 -0.68722 0.010035 -183.332 21.5252
89 44.4688 1.47008 655.32 -178.368 17.9092 -0.722451 0.0110417 -189.433 21.4563
90 51.5728 1.84746 683.035 -179.961 17.8973 -0.717939 0.0109246 -259.598 25.3365
91 49.0335 2.02914 656.263 -176.211 17.8813 -0.732515 0.0113862 -368.504 30.6001
92 33.324 2.20854 625.606 -174.757 17.9004 -0.736825 0.0114738 -362.687 29.5786
93 56.2294 1.68787 846.176 -200.949 18.0693 -0.65624 0.00907283 -320.36 28.7314
94 28.5261 3.555 701.705 -183.502 18.0284 -0.717846 0.0108643 -249.979 24.4286
95 52.8015 1.92161 672.943 -177.715 17.9803 -0.738929 0.0115018 -247.325 24.5133
