0 59.6889 3.38135 -949.119 209.95 -15.7025 0.542519 -0.00645863 -248.781 26.2644
1 46.5104 3.99117 -1412.58 340.391 -28.9626 1.11117 -0.0152688 -242.454 24.9932
2 26.8971 3.85696 -319.937 54.5194 -2.17194 0.0249731 0.000847988 -307.767 27.2695
3 57.6003 3.36177 -307.723 55.702 -2.15726 0.0227956 0.000877933 -317.576 29.1566
4 71.5163 3.04197 252.44 -81.3246 10.4139 -0.479136 0.00827633 -273.486 27.8334
5 63.3808 3.1014 317.927 -90.8166 10.4577 -0.449966 0.00739467 -261.513 26.4597
6 51.4875 3.32059 271.962 -86.1418 10.4368 -0.464411 0.007831 -285.261 27.3295
7 53.4277 3.14181 340.329 -94.9601 10.494 -0.438543 0.00702782 -243.999 24.9425
8 45.7126 3.42819 -352.933 61.8607 -2.49672 0.0264467 0.000992835 -281.296 26.9175
9 52.5372 3.10332 -329.69 59.2628 -2.48946 0.0357254 0.000676885 -228.487 24.2253
10 37.9861 2.00515 963.022 -255.924 25.1062 -1.01452 0.0154027 -260.381 24.8001
11 55.4882 2.99915 -1966.42 457.968 -38.2445 1.43709 -0.0195946 -297.965 27.7273
12 52.9866 3.20865 272.675 -93.4055 11.7693 -0.543922 0.00937127 -276.267 26.8518
13 86.1807 2.87757 371.693 -102.714 11.8447 -0.513012 0.00837799 -225.382 25.8714
14 50.4797 2.9382 -156.759 17.0004 1.16307 -0.0986422 0.00244039 -264.294 25.7621
15 62.6733 2.76007 -200.722 23.5635 1.12873 -0.11728 0.00299266 -267.104 26.5098
16 84.0412 2.79394 -1178.2 272.197 -21.5149 0.778309 -0.0100188 -229.337 25.6934
17 80.4714 2.21573 -322.638 56.7729 -1.85294 0.000247461 0.00131057 -289.171 28.6461
18 60.4914 2.48851 287.814 -89.8294 10.719 -0.470024 0.00782017 -309.871 28.9474
19 84.0174 2.95051 -1067.2 241.683 -18.4436 0.647883 -0.00800845 -258.86 27.5308
20 63.2449 2.41602 -447.244 78.4872 -3.30944 0.0353633 0.00112724 -284.98 27.3886
21 107.794 1.81772 -400.247 75.6452 -3.23131 0.0475687 0.000644166 -249.888 27.6171
22 65.0776 2.99102 -424.385 75.6684 -3.25711 0.0449636 0.000793835 -283.216 27.7627
23 78.4252 2.4366 -452.777 79.8143 -3.25732 0.0336895 0.00106803 -282.152 28.103
24 56.5785 2.23751 665.672 -182.682 18.8631 -0.779718 0.0121125 -311.565 28.4473
25 72.0676 2.36226 700.317 -184.799 18.8863 -0.773246 0.0119069 -288.143 28.25
26 40.5442 2.42911 691.696 -187.525 18.8966 -0.766699 0.0117314 -330.523 28.5996
27 49.8791 2.77112 -42.8815 -13.5171 4.01094 -0.211288 0.00406981 -213.002 23.2938
28 64.6055 2.04033 -94.0027 -6.54409 3.98422 -0.231375 0.00465581 -213.734 23.9321
29 49.1732 2.94712 -1043.62 220.76 -16.0965 0.538015 -0.00616279 -306.681 27.9067
30 46.3474 2.77948 -315.565 38.957 0.390905 -0.108205 0.00309375 -302.88 27.6116
31 95.4474 2.47433 -327.037 46.7165 0.334739 -0.131716 0.00380174 -223.523 25.9692
32 -24.6645 4.39634 -1549.51 340.755 -27.7056 1.02059 -0.0134033 -386.025 29.4908
33 -0.616269 3.59573 1633.65 -414.193 38.4372 -1.50389 0.0220865 -325.971 27.6605
34 -3.99725 5.18394 157.646 -66.5808 8.62784 -0.39079 0.00675337 -337.95 28.4572
35 -82.1398 9.22433 118.602 -66.961 8.65429 -0.389504 0.0067057 -397.067 29.7318
36 -23.3339 5.46457 -752.53 147.691 -10.2255 0.330362 -0.00334285 -365.089 29.2368
37 -19.7734 5.59382 -763.703 149.018 -10.1926 0.327665 -0.00335716 -356.78 29.0502
38 -9.7607 4.91508 -768.057 148.71 -10.1311 0.330497 -0.00351872 -311.389 27.3078
39 -13.7774 5.02992 -754.044 147.473 -10.1652 0.331354 -0.0034934 -384.329 30.225
40 -73.0045 7.9479 21.5397 -40.8468 5.99841 -0.276944 0.00502206 -421.017 30.6676
41 -9.81052 5.06218 20.3106 -36.8812 6.01915 -0.285929 0.00517614 -334.949 28.3344
42 -40.077 4.79572 -1254.96 276.111 -23.0147 0.878004 -0.0119384 -379.469 27.8169
43 -17.8835 5.23471 -271.753 27.2184 0.809891 -0.105436 0.00292045 -409.576 31.3992
44 -47.5902 5.91899 -1908.3 435.303 -37.1511 1.42728 -0.0198203 -342.124 26.3553
45 -30.4536 5.28203 -433.199 67.7048 -3.26364 0.0734957 9.71608e-06 -307.848 25.6661
46 -30.3046 5.77422 -1417.36 300.2 -23.3561 0.831507 -0.0105083 -433.452 32.3263
47 -7.9875 4.76814 -680.564 117.033 -6.35979 0.146355 -0.000406103 -285.006 25.3673
48 -14.3627 3.86566 -572.17 103.304 -6.41653 0.188678 -0.0014667 -384.764 29.3821
49 6.79869 4.71957 545.691 -162.283 17.3045 -0.729479 0.0115776 -303.9 27.1087
50 9.2491 4.5996 524.215 -158.961 17.2744 -0.739824 0.0119185 -265.619 25.4834
51 -14.8937 4.40894 520.697 -162.52 17.3148 -0.729006 0.0115521 -290.92 25.2266
52 -0.706307 4.07436 280.321 -101.408 11.9633 -0.525567 0.00870112 -317.996 27.1453
53 -23.1364 4.38826 229.654 -98.5823 11.9832 -0.533227 0.00887774 -374.637 28.928
54 6.58704 4.62434 881.31 -247.885 25.187 -1.04036 0.0160817 -289.11 26.9054
55 -11.0782 4.1266 813.729 -242.099 25.1406 -1.0555 0.0164932 -350.916 28.6487
56 -3.28427 3.02833 851.949 -246.219 25.1141 -1.04569 0.0163144 -332.191 27.515
57 -13.1032 3.71436 888.964 -251.71 25.1642 -1.02874 0.015793 -367.582 29.193
58 -9.33324 3.47906 -253.128 14.188 2.52919 -0.18884 0.00426634 -343.754 27.895
59 -4.48664 5.18733 -134.576 1.89183 2.5913 -0.152304 0.00321531 -356.836 29.5852
60 3.4022 4.37498 -130.664 2.26781 2.53921 -0.155564 0.00337073 -273.729 25.0586
61 -16.2154 3.33806 -239.285 9.6511 2.5447 -0.175954 0.00392894 -365.148 27.903
62 -9.80809 5.48656 -1099.76 232.799 -17.6261 0.611872 -0.00735246 -242.502 23.4643
63 -9.68572 4.66979 -1140.09 235.965 -17.6027 0.603611 -0.00721245 -313.744 26.3688
64 81.7371 3.49013 -369.388 79.6716 -4.57981 0.128456 -0.000798851 -272.523 28.1743
65 85.363 3.02981 686.734 -177.099 18.3871 -0.769339 0.0121975 -300.426 29.8068
66 52.7314 3.58387 -494.428 101.345 -6.42187 0.19997 -0.00182735 -303.538 28.6903
67 61.2934 4.43758 -525.729 107.538 -6.46109 0.181034 -0.00127115 -276.027 28.083
68 89.0718 3.9134 -521.497 110.909 -6.52279 0.169869 -0.000869876 -266.638 28.7136
69 58.9539 4.14459 -1185.3 262.285 -19.9228 0.692183 -0.00843703 -292.232 28.524
70 91.3236 3.07756 713.493 -188.123 19.6989 -0.820852 0.0128204 -225.829 27.0064
71 76.2336 4.28204 -2548.87 611.586 -52.313 1.99991 -0.0278374 -270.491 28.7107
72 67.0712 3.59555 -210.663 33.7561 -0.119318 -0.0605062 0.00216329 -306.469 29.2584
73 78.3424 3.17116 -1123.3 254.31 -19.5621 0.690636 -0.00856626 -309.451 30.0829
74 108.331 2.68145 -267.422 51.011 -1.3116 -0.0210633 0.00164982 -193.12 25.8847
75 66.2783 4.22426 -2131.56 494.947 -40.8149 1.51176 -0.0202903 -278.137 28.353
76 91.7949 2.48849 434.404 -122.262 13.8961 -0.600003 0.0097279 -248.976 27.6048
77 82.6554 2.70025 -1207.6 263.494 -19.5672 0.664118 -0.00788598 -254.647 27.0667
78 66.6138 3.46718 -1143.05 253.605 -19.4515 0.693179 -0.00880913 -299.719 29.1106
79 81.0305 2.70162 -1276.68 271.324 -19.5658 0.642264 -0.00729095 -293.249 29.3265
80 89.7988 2.72055 -1111.16 253.16 -19.5502 0.695013 -0.00872865 -274.79 28.503
81 107.315 2.408 356.185 -98.9209 11.8249 -0.524425 0.00874716 -272.557 29.1671
82 75.6475 2.79033 281.584 -93.5577 11.8151 -0.540025 0.00917388 -289.141 28.6059
83 49.2621 3.57929 -951.127 198.046 -13.9187 0.448802 -0.00480753 -310.397 28.6821
84 49.1878 3.31967 -956.279 198.052 -13.9129 0.448795 -0.0048513 -303.949 27.914
85 98.5194 3.09168 -1692.87 385.125 -30.3534 1.08468 -0.01397 -292.972 30.1262
86 68.0079 3.02253 -1053.36 223.174 -16.0785 0.538558 -0.0062816 -250.337 26.6493
87 78.1819 3.47951 -1090.21 230.354 -16.1366 0.515759 -0.00557837 -247.509 27.1404
88 53.8096 2.57586 -1013.4 216.794 -16.0903 0.555342 -0.00667622 -367.709 31.3447
89 77.4342 2.68218 94.182 -39.7494 6.30558 -0.297368 0.00530427 -274.638 28.2547
90 65.9423 2.59742 -35.4054 -25.1853 6.22345 -0.340381 0.00654688 -258.205 26.6568
91 68.5404 3.30197 -796.533 161.766 -10.5065 0.314665 -0.00289999 -330.247 30.9188
92 63.5411 2.6438 -797.574 160.615 -10.5043 0.317087 -0.00297495 -295.747 28.4559
93 69.5326 2.63054 395.369 -122.957 14.2704 -0.623608 0.0101772 -261.349 27.2228
94 74.4508 3.81993 -1617.12 381.858 -31.6745 1.19096 -0.0161609 -255.799 27.4208
95 83.1103 3.91327 -1139.84 248.64 -18.0382 0.596515 -0.00678914 -276.891 28.9646
