0 -20.9008 7.02699 -2213.94 495.515 -40.4955 1.50859 -0.0199945 -683.257 52.6664
1 5.04795 6.02662 1550 -436.716 44.7113 -1.88223 0.0295328 -391.892 38.2688
2 -77.7235 10.9786 -2580.15 584.119 -48.9527 1.8605 -0.0254325 -360.872 35.1856
3 -50.6201 9.2975 -1983.58 442.702 -36.0397 1.33207 -0.0173135 -774.431 55.5008
4 -17.7196 7.6689 -2057.94 449.796 -35.8349 1.3169 -0.0173095 -566.556 46.8326
5 -24.493 6.25273 2642.9 -705.015 68.5089 -2.81257 0.0431085 -812.829 57.6502
6 -33.951 5.75542 2711.09 -715.667 68.5519 -2.77661 0.0420809 -653.777 49.4804
7 3.71009 6.1517 115.948 -79.0449 11.7549 -0.558328 0.0100045 -588.952 48.0459
8 -19.6693 7.29416 -8.79177 -63.78 11.7064 -0.612267 0.0116584 -384.724 37.835
9 4.0676 4.34007 91.1781 -76.6373 11.7351 -0.571171 0.0105378 -880.945 62.1909
10 -50.7905 8.13432 -1561.92 315.701 -23.2118 0.794263 -0.00932117 -731.525 53.0317
11 -36.4955 7.88386 2382.42 -638.598 62.3983 -2.56939 0.0395863 -596.316 47.471
12 -59.9555 9.03905 -1176.55 219.884 -14.2588 0.423734 -0.00361335 -422.669 37.9145
13 -83.1037 10.8215 669.824 -230.01 25.675 -1.11792 0.0183173 -776.828 55.0078
14 -1.58472 5.44792 -2227.39 495.354 -40.3105 1.50171 -0.0200233 -511.537 44.1852
15 -32.0591 6.76647 964.156 -287.927 30.1206 -1.26458 0.0200142 -615.459 47.6796
16 -28.664 5.382 897.803 -280.073 30.0798 -1.29106 0.0208928 -633.118 49.0732
17 -53.7599 7.87925 1023.24 -297.907 30.1901 -1.23033 0.0190016 -622.884 48.2223
18 -36.8608 7.77005 886.798 -277.837 30.1485 -1.30296 0.0211134 -587.428 46.7475
19 -50.3017 9.23967 -735.399 132.043 -8.15714 0.265733 -0.00260862 -682.314 51.7053
20 -53.2391 10.3217 -2578.92 594.767 -50.1822 1.9091 -0.0260793 -609.854 47.5767
21 -23.2962 5.09889 1083.42 -315.926 32.2538 -1.32507 0.0204226 -552.445 44.3632
22 -50.0094 7.33368 972.543 -302.322 32.1808 -1.37358 0.0219981 -798.223 56.2614
23 -42.9492 9.24213 -1163.84 230.149 -16.1057 0.537816 -0.00593826 -394.543 37.5616
24 -74.3125 10.3998 -2130.29 469.839 -38.3049 1.42773 -0.0189487 -313.612 32.3748
25 -79.9636 10.8015 1337.29 -388.869 39.8684 -1.67576 0.0264333 -605.776 46.9675
26 -43.0908 7.39335 1302.36 -383.281 39.8538 -1.69373 0.0269465 -656.626 49.8274
27 -8.90444 7.71302 1456.5 -397.648 39.8449 -1.6439 0.0255073 -460.409 41.7284
28 -137.672 15.7664 -2537.63 553.662 -44.85 1.65216 -0.0217949 -616.477 47.1035
29 -9.67318 5.9449 -665.605 100.288 -3.45026 0.000541134 0.00244551 -523.097 44.1072
30 -19.6795 5.66673 1671.66 -458.662 45.2766 -1.84929 0.0283217 -657.851 50.0077
31 -66.0725 9.13631 1471.01 -435.62 45.1759 -1.92267 0.0305193 -807.508 56.6788
32 -41.0267 7.34308 -2785.28 616.426 -50.2111 1.85056 -0.0244676 -405.286 38.0168
33 -114.642 13.4675 -456.553 27.8376 3.87969 -0.314861 0.00749034 -622.133 47.9583
34 -58.359 8.72069 -329.809 16.3048 3.77294 -0.275086 0.00643296 -461.185 40.1156
35 -106.535 11.4448 1439.39 -426.094 43.3846 -1.81474 0.028474 -721.037 51.5578
36 -113.639 14.3824 -3120.05 698.161 -57.8226 2.16279 -0.0292239 -509.003 42.7738
37 -96.7123 11.0605 1405.14 -418.556 42.9439 -1.80471 0.0283743 -745.118 52.8294
38 -67.5834 11.7875 -2913.63 660.1 -54.8724 2.0573 -0.0277863 -526.469 44.0381
39 -122.647 14.2771 -255.488 -22.9684 8.60281 -0.504714 0.0102874 -792.087 56.3567
40 -138.93 17.3821 -2758.78 662.672 -58.9672 2.36143 -0.0341081 -425.876 38.1875
41 -99.8881 12.1107 -617.89 74.7102 -1.00113 -0.096529 0.00385191 -490.812 40.8374
42 -132.977 14.6675 -2381.47 509.387 -40.5212 1.46688 -0.0188099 -572.827 45.1582
43 -74.4605 10.0606 920.523 -288.767 30.7427 -1.30463 0.0208378 -613.656 47.7108
44 -120.195 13.6085 -1932.29 391.152 -29.1314 0.992052 -0.0115757 -457.914 39.4542
45 -61.8279 9.12474 1652.29 -464.764 46.6262 -1.93657 0.0301303 -709.522 52.2792
46 -118.13 12.5798 416.818 -179.236 21.5916 -0.977568 0.0166123 -640.975 47.5322
47 -117.787 13.6404 489.835 -186.878 21.6379 -0.95144 0.0157555 -602.489 46.0212
48 -49.6262 8.57725 -3169.34 736.687 -63.3353 2.45324 -0.0344613 -740.222 53.8116
49 -33.8604 5.9325 350.501 -156.43 19.7146 -0.906301 0.0155239 -691.848 51.6434
50 -47.467 7.51935 23.0268 -75.6403 12.3625 -0.61883 0.01138 -461.403 39.6941
51 -63.8417 8.18182 -725.674 114.469 -5.95176 0.144587 -0.000192599 -776.91 54.1569
52 -129.181 14.6886 -814.897 127.908 -5.97865 0.0941153 0.00134588 -645.751 48.527
53 -128.534 14.3396 -2832.35 629.455 -52.0387 1.94028 -0.0259288 -529.379 42.3474
54 -92.68 12.2352 -2362.26 513.249 -41.3022 1.51969 -0.0200121 -374.983 35.9213
55 -107.524 13.6539 -2381.71 516.392 -41.3176 1.50392 -0.0195134 -497.858 41.3017
56 -139.644 15.3768 -2205.51 494.569 -41.5154 1.58927 -0.0217632 -553.278 42.9023
57 -127.272 13.9491 -973.665 165.348 -9.79144 0.273971 -0.00179054 -739.093 53.0686
58 -126.931 13.9197 525.142 -197.814 22.7323 -1.00093 0.0166094 -634.103 47.3755
59 -62.6996 9.10701 575.919 -199.76 22.6787 -0.994176 0.0164758 -584.844 46.1737
60 -111.167 13.9722 -2639.13 580.471 -47.2375 1.74612 -0.0231891 -655.715 49.4553
61 -103.445 11.1497 27.3846 -86.4274 13.4942 -0.673836 0.0124508 -776.772 53.7525
62 -33.4322 6.29644 100.485 -90.8947 13.5292 -0.655443 0.0117851 -727.326 53.0878
63 -46.2854 9.6082 -1162.14 251.919 -19.5153 0.706682 -0.00863449 -648.83 49.3016
64 14.1202 6.51952 -1198.71 258.948 -19.4424 0.684353 -0.00812417 -243.882 31.3508
65 26.3003 5.0107 -1173.68 256.708 -19.5136 0.691988 -0.0082666 -437.28 40.4981
66 48.1951 5.56061 424.196 -161.604 20.9119 -0.990757 0.0173533 -463.257 43.7819
67 63.0184 4.63446 482.293 -167.906 20.9107 -0.968433 0.0166559 -522.052 46.4011
68 36.7583 6.7529 -1137.77 226.916 -14.6842 0.430096 -0.00356146 -547.743 47.3203
69 21.8671 8.12688 738.94 -214.567 23.3808 -1.00065 0.0162551 -388.391 39.5092
70 25.8365 5.8241 -2895.98 665.181 -55.295 2.07219 -0.0280091 -782.945 58.1481
71 76.203 3.89586 844.087 -245.411 26.9754 -1.16854 0.019 -274.379 35.0041
72 19.2582 4.60321 -1480.85 317.757 -24.3482 0.870122 -0.0107788 -354.715 36.676
73 55.077 5.3549 -1546.9 331.319 -24.3709 0.821674 -0.00939178 -521.726 46.2504
74 26.6009 5.28318 203.244 -89.7834 12.2599 -0.566898 0.0100276 -628.954 50.5326
75 46.7049 3.81232 1690.67 -441.667 42.9651 -1.73634 0.0264028 -637.819 50.6371
76 45.0214 5.94537 -1280.52 282.591 -21.6046 0.780942 -0.00985459 -429.044 41.6597
77 55.2427 5.78065 -1319.24 288.81 -21.6291 0.754745 -0.00905117 -553.894 47.2034
78 17.1821 7.4855 -3061.63 726.199 -62.4279 2.41241 -0.0337814 -505.593 44.5617
79 38.3011 3.56352 -835.779 166.687 -10.941 0.347199 -0.00323479 -288.043 33.9437
80 60.7449 4.20273 -938.375 183.703 -11.0197 0.28083 -0.00109377 -727.591 56.3515
81 74.162 3.94224 1307.81 -356.746 36.839 -1.55586 0.024673 -886.445 64.2689
82 47.5849 7.277 -2788.24 692.973 -61.6787 2.4579 -0.0353592 -806.183 60.0925
83 54.9026 4.57834 -619.947 126.788 -8.23774 0.282667 -0.00303401 -483.227 44.1388
84 52.7309 3.80452 -681.087 136.751 -8.34841 0.232756 -0.00121492 -572.226 47.4192
85 18.3638 6.20736 -3781.89 890.044 -76.4646 2.9415 -0.0411648 -738.143 55.4161
86 28.5965 9.71156 -2959.18 800.6 -78.1966 3.4079 -0.0539518 -826.833 61.2559
87 45.5744 4.34475 -617.988 100.547 -3.34017 -0.0245375 0.00326489 -754.677 56.8297
88 36.9127 4.20947 -595.625 95.8446 -3.35902 -0.00141361 0.00262907 -267.315 33.3956
89 50.7122 4.55045 -516.889 89.1427 -3.41282 0.0237824 0.00194018 -681.962 53.8786
90 45.6561 3.63134 1123.41 -319.794 33.6336 -1.43434 0.0229591 -392.914 38.8154
91 51.5177 3.90885 1046.28 -308.226 33.5702 -1.47636 0.0242594 -384.858 38.7279
92 20.0333 6.42044 -2853.95 676.851 -58.1783 2.24801 -0.0313771 -371.569 37.1352
93 65.9736 3.94007 772.777 -249.56 29.1743 -1.33105 0.022491 -387.518 39.666
94 54.1037 5.64708 897.013 -264.415 29.1386 -1.27372 0.0208578 -434.024 42.6236
95 46.6127 5.30921 -1790.59 424.405 -35.7875 1.38471 -0.0191563 -170.395 28.4773
