0 -33.2435 8.94108 -2831.92 701.147 -63.6636 2.58511 -0.0380352 -289.639 30.6978
1 -23.9253 6.04378 -2827.79 699.668 -63.7371 2.58863 -0.0380231 -241.007 26.9386
2 -23.0285 7.89764 -2525.63 664.206 -64.1633 2.7694 -0.043392 -15.6428 16.6503
3 -23.6225 6.21814 -2833.35 699.672 -63.7355 2.59747 -0.0383816 -608.9 45.1649
4 -32.1496 5.27854 -3039.87 722.763 -63.5358 2.49038 -0.0352131 -694.75 49.1975
5 -29.193 6.12772 -5166.98 1293.24 -119.674 4.90373 -0.0735288 -708.813 49.4841
6 -53.453 8.91636 -5141.68 1289.59 -119.646 4.9177 -0.0739184 -110.588 20.8853
7 -23.7914 6.94779 -3170.23 758.717 -66.9395 2.64555 -0.0379849 -406.928 36.1933
8 -14.7345 8.3166 -2870.46 728.053 -67.396 2.78247 -0.0415659 -489.89 41.2573
9 4.27993 3.92298 -3100.02 751.329 -67.178 2.69069 -0.0391748 -265.485 29.0083
10 -34.0533 8.20522 -2805.83 718.896 -67.6982 2.83996 -0.0431268 -660.652 48.3046
11 -54.1566 12.0537 -2911.2 732.803 -67.5012 2.77647 -0.0414193 126.969 10.5915
12 -8.38116 7.68561 -2926 736.975 -67.5605 2.74744 -0.0403168 -716.044 51.4454
13 -2.1031 6.08124 -3241.96 769.842 -67.152 2.62565 -0.0373954 -471.152 39.0698
14 -80.5107 12.4658 -2715.3 708.75 -68.3281 2.93838 -0.0459415 212.761 4.84473
15 -87.0088 13.7104 -2876.03 729.363 -68.0552 2.83287 -0.0428184 -389.536 34.5081
16 -25.6079 8.80987 -2916 735.601 -67.9699 2.80035 -0.0418124 -344.063 33.1285
17 -22.2807 6.60222 -2869.52 728.072 -68.0325 2.83002 -0.0426163 -1247.33 76.3099
18 -25.8043 6.13505 -3148.4 759.166 -67.6742 2.69972 -0.039138 -162.789 23.6184
19 -39.1586 8.66434 -3165.96 762.612 -67.6729 2.68646 -0.0386957 -293.146 30.8149
20 -51.79 9.18277 -3042.05 747.389 -67.9048 2.75871 -0.0408156 -219.058 25.2476
21 -12.2981 8.73279 -3035.52 751.261 -67.8847 2.73855 -0.0400977 -709.774 51.3229
22 -47.8116 8.31808 -3369.29 783.293 -67.5474 2.61807 -0.0370166 -467.699 38.2342
23 -17.4447 5.83586 -3303.32 779.222 -67.7182 2.62921 -0.0370348 -605.883 45.2518
24 -37.912 5.65447 -3202.61 763.681 -67.7977 2.69754 -0.039013 -710.749 49.6812
25 -35.5164 9.78956 -2918.29 737.249 -68.2955 2.82218 -0.0422905 -435.91 37.4551
26 -53.0302 9.9416 -3099.04 755.98 -68.0382 2.73853 -0.0400158 -485.711 39.4499
27 -33.9403 7.52605 -3282.48 775.756 -67.8029 2.65667 -0.0379361 -300.003 29.6227
28 -38.6898 8.03792 -3484.66 800.895 -67.691 2.55717 -0.0350383 -349.782 33.0023
29 -55.6143 9.9208 -3220.87 771.059 -68.0621 2.68515 -0.0384406 -546.609 42.8512
30 -54.3271 7.87003 -4340.16 1044.73 -93.5193 3.72938 -0.0543303 -737.773 50.9966
31 -38.0675 9.21414 -1699.04 388.806 -32.5264 1.24673 -0.0170527 -253.081 28.1033
32 -45.1086 14.7509 -1448.53 367.595 -32.9122 1.34373 -0.019443 -723.91 54.7378
33 -20.8299 9.69558 -1667.62 390.277 -32.7429 1.25169 -0.0168825 -733.544 53.9652
34 -62.5922 13.4855 -3734.58 938.526 -86.4071 3.54148 -0.0528803 -261.059 30.1317
35 -49.3033 11.8493 -2938.01 733.864 -67.0158 2.73687 -0.0406077 -514.618 41.7822
36 -63.7179 11.9771 -6558.23 1604.27 -144.911 5.8053 -0.0854775 -277.023 30.3404
37 -39.8756 11.9415 -4381.24 1083.46 -98.1382 3.95348 -0.0582021 -321.562 33.1786
38 -57.6835 13.5795 -3987.17 1036.02 -98.7316 4.18404 -0.0648719 -56.2675 19.4864
39 -71.004 12.838 -2058.13 525.366 -48.9729 2.04423 -0.0306636 -265.16 28.5354
40 9.01419 8.11754 -2370.78 565.401 -48.6168 1.88554 -0.0263564 -449.77 40.4784
41 -70.3197 14.924 -1983.59 521.502 -49.4876 2.10056 -0.0320447 -517.273 41.9302
42 -61.3605 14.6475 -2158.51 542.881 -49.2564 2.00748 -0.0294305 -278.495 31.3999
43 -41.9856 10.817 -2426.07 571.764 -49.0418 1.89408 -0.0263064 -393.259 36.5547
44 -92.0392 13.0668 -2223.28 545.548 -49.3969 2.00912 -0.0294023 -252.231 27.5142
45 -25.3727 10.6099 -2264.37 556.742 -49.3775 1.95816 -0.0278094 -424.771 37.9938
46 -42.1023 10.3522 -5093.08 1262.73 -115.32 4.67443 -0.069417 -108.72 21.5179
47 -36.8745 11.1844 -1991.69 503.723 -46.2187 1.90849 -0.0284273 -573.247 43.8554
48 -42.3332 7.99083 -2231.02 527.017 -46.0127 1.81918 -0.0259453 -335.876 32.3963
49 -32.3478 11.4543 -1917.75 496.409 -46.5412 1.96728 -0.0300313 -648.55 47.9966
50 -68.7593 12.2435 -2060.18 510.405 -46.3735 1.89801 -0.0279719 -463.275 38.3669
51 -30.2374 10.387 -2212.98 530.88 -46.1915 1.81006 -0.0255024 -507.666 41.6324
52 -40.4393 9.84525 -2168.2 524.264 -46.2894 1.83776 -0.0262488 -567.211 43.0456
53 -76.9461 14.1711 -2155.53 524.311 -46.3159 1.83663 -0.0260812 -352.617 33.9342
54 -54.5691 13.4679 -1974.99 503.488 -46.5202 1.93825 -0.0291781 -315.179 31.8738
55 -58.1239 12.7886 -2139.02 521.6 -46.3225 1.85773 -0.0269002 -620.862 46.7499
56 -29.2265 9.27947 -1950.03 498.756 -46.702 1.97053 -0.0300444 136.018 8.24017
57 -20.704 7.83557 -2249.49 534.438 -46.4358 1.82202 -0.0257633 -487.713 40.3973
58 -53.1608 11.1113 -1999.24 505.214 -46.8665 1.96213 -0.0297107 -74.1354 19.2093
59 -70.5544 14.2157 -1940.68 500.092 -46.934 1.98742 -0.0304383 -828.934 56.55
60 -64.8091 12.794 -431.156 107.186 -9.22532 0.391561 -0.00534129 16.4089 14.4909
61 -65.018 10.776 -3256.48 811.29 -74.891 3.09181 -0.0466236 -28.087 16.1822
62 -55.4506 10.7544 -3484.8 841.464 -74.665 2.95087 -0.0424114 -405.089 35.2015
63 -76.9985 13.6805 -3211.94 810.087 -75.1076 3.10823 -0.0469212 -196.679 25.2497
64 -81.6597 9.56822 -190.508 28.2557 -0.995604 -0.0193464 0.00307971 -2506.91 138.633
65 -49.6149 9.10393 -2330.13 581.211 -53.3493 2.19411 -0.0325257 -548.5 42.6869
66 -68.9053 10.2852 -2360.25 583.319 -53.3182 2.1853 -0.0321687 -216.631 26.9688
67 -92.2838 12.0057 -2457.18 592.255 -53.1782 2.14984 -0.0312582 -675.641 49.2865
68 -59.9045 9.52426 -2398.19 588.425 -53.3032 2.16308 -0.0315814 -725.103 51.0184
69 -82.9416 11.1101 -2778.21 631.484 -52.967 1.98794 -0.0265987 -591.695 45.174
70 -10.0283 4.58575 -2312.45 580.713 -53.758 2.22605 -0.0332453 -41.2748 16.6696
71 -67.1425 10.1043 -2397.56 590.117 -53.6576 2.18605 -0.0320794 -182.357 24.1286
72 -13.2601 2.72738 -2361.59 584.322 -53.7248 2.21177 -0.0327755 -176.683 23.4347
73 -106.663 13.3335 -2267.99 571.76 -53.7843 2.27837 -0.0348439 -728.369 51.0428
74 -44.8644 7.104 -2536.87 606.51 -53.6716 2.12762 -0.0302629 -789.218 54.4976
75 -22.6873 5.79927 -2746.38 629.991 -53.5171 2.05469 -0.0285629 -578.902 44.7713
76 -3.03435 3.73906 -2201.18 566.484 -54.7142 2.36331 -0.0365838 -1890.09 107.486
77 -59.1374 9.22483 -2332.82 586.384 -54.5339 2.2653 -0.0338955 -1139.78 69.8015
78 -70.8839 10.3509 -2246.57 573.725 -54.5912 2.33391 -0.0361031 -973.068 62.1491
79 45.3436 9.21485e-14 -2428.98 593.956 -54.4144 2.24003 -0.0330724 -574.75 44.109
80 -76.3352 9.72814 -2647.77 619.528 -54.2003 2.13603 -0.0301811 -505.668 41.4538
81 -59.9479 8.22123 -2349.69 585.974 -54.594 2.28928 -0.0347142 -323.562 31.1837
82 -78.4486 10.1798 -2621.55 617.2 -54.2936 2.15335 -0.0308169 -858.282 57.6145
83 -80.8849 10.4412 -2480.73 601.315 -54.4964 2.22498 -0.032699 -399.003 35.7678
84 31.7959 2.41694e-10 -2601.13 613.547 -54.4675 2.17306 -0.0309731 -718.378 51.4557
85 -17.3765 3.94121 -2711.43 632.846 -54.3898 2.07765 -0.0283226 -1585.58 91.7833
86 -6.47367 1.83194 -2508.71 609.283 -54.7289 2.18467 -0.0311657 -15.3829 15.5743
87 -28.8641 4.62127 -2600.83 618.164 -54.5287 2.15601 -0.0306947 -295.84 29.49
88 -121.62 13.5569 -2843.69 644.128 -54.283 2.05051 -0.0275678 -331.815 32.6492
89 15.9513 2.45823 -2522.27 612.852 -54.7326 2.189 -0.0315893 -103.22 20.4994
90 14.7966 1.43215 -2638.84 625.104 -54.5944 2.13013 -0.029915 -512.575 39.6285
91 -49.6596 6.81954 -2428.56 594.725 -54.9043 2.27423 -0.0336365 -582.537 45.375
92 -84.6877 9.74432 1749.55 -468.875 45.6304 -1.91322 0.0311973 694.414 -18.8654
93 -9.41811 2.70798 1662.67 -456.189 45.7686 -1.95443 0.0315628 148.58 6.44838
94 -51.19 6.92432 -2494.61 575.432 -49.4687 1.91402 -0.0264593 -1053.37 67.359
95 -31.1248 5.04189 1286.37 -371.738 38.9517 -1.73483 0.0297849 200.795 6.14547
