0 -24.9205 3.98192 -983.113 204.452 -16.012 0.585084 -0.00739338 -586.939 39.1655
1 -33.055 4.8285 -980.485 204.634 -16.0037 0.585091 -0.00742919 -490.007 34.4758
2 -43.5657 5.86544 -1106.42 217.298 -15.7052 0.52806 -0.00607359 -366.317 29.0488
3 -16.8538 2.65243 -983.9 203.894 -16.0482 0.585064 -0.00732066 -359.858 27.3632
4 1.29667 0.958304 -693.149 170.761 -16.3786 0.714127 -0.010659 -668.138 42.1129
5 -33.8612 5.05625 -3756.61 870.046 -74.7837 2.8575 -0.0398837 -374.602 29.2551
6 -34.6057 5.09535 -3848.89 878.722 -74.4693 2.81253 -0.0389108 -343.669 27.6394
7 -22.0028 3.15519 349.54 -120.96 12.9853 -0.540995 0.0086827 -424.509 30.4523
8 1.77798 3.45943 -1624.7 365.428 -30.3329 1.14707 -0.0156101 -424.63 32.5696
9 -16.5825 4.8243 -1895.99 393.321 -29.6746 1.01178 -0.0123519 -39.0942 13.331
10 -2.57018 1.33763 -1771.44 375.996 -30.1532 1.10717 -0.0146727 -443.402 31.985
11 -34.7298 4.55075 -1860.69 386.545 -29.8623 1.04639 -0.0130797 -540.753 37.2255
12 -37.8284 4.95246 -1585.45 356.757 -30.3512 1.17804 -0.0164378 -322.047 26.303
13 -18.2 4.44896 -1757.3 376.756 -29.8718 1.08375 -0.0142571 -386.096 30.2596
14 -25.3469 4.62433 -1863.94 387.32 -29.6109 1.02914 -0.0128464 -381.189 29.9178
15 14.5031 3.08837e-10 -1652.25 362.246 -29.988 1.12643 -0.0151787 -398.025 28.86
16 -38.5469 4.94957 -1695.17 367.514 -29.8489 1.10301 -0.0146354 -304.518 25.2223
17 -31.055 4.60207 -1781.59 376.519 -29.6116 1.06142 -0.0136764 -420.716 31.8017
18 -47.4281 5.83029 -2018.52 400.344 -28.8764 0.928277 -0.0103382 -456.33 33.4122
19 -2.66973 2.99622 -3792.59 832.717 -67.2448 2.41672 -0.0317186 -427.008 32.268
20 -12.9887 2.73164 663.854 -202.255 20.9177 -0.8711 0.0136375 -624.895 40.8709
21 -22.476 3.48315 -2330.76 496.526 -39.1563 1.3865 -0.0176723 -206.101 20.6693
22 -28.2634 3.80976 -2216.28 482.052 -39.3752 1.45929 -0.0196868 -239.626 22.0162
23 -15.9987 3.40674 -2244.07 488.139 -39.3049 1.42409 -0.0186762 -306.811 25.4132
24 -17.8022 2.85103 -1999.49 459.542 -39.7351 1.54688 -0.0217291 -339.897 26.9208
25 -33.0928 4.22729 -2238.01 484.337 -39.0852 1.41929 -0.0186199 -299.748 24.8123
26 -26.0212 3.38751 -2427.9 504.487 -38.5915 1.31117 -0.0157669 -273.003 23.5637
27 1.58391 2.6837 -2368.6 500.598 -38.6577 1.33637 -0.016632 -197.526 20.5718
28 -16.7379 2.85842 534.341 -173.72 18.4722 -0.782629 0.0125327 -429.705 31.0549
29 -15.9931 2.63049 535.317 -175.637 18.5206 -0.771281 0.0120767 -477.691 33.6677
30 -2.32008 3.48167 -2227.9 486.994 -39.1521 1.41991 -0.0186661 -273.599 24.8469
31 12.5173 2.68093e-10 -2138.58 473.23 -39.2736 1.4641 -0.0196957 -289.77 23.665
32 -25.241 4.38425 -2068.32 467.637 -39.3736 1.49469 -0.0205243 -440.061 32.502
33 -12.1237 4.19425 -2225.63 486.436 -39.0248 1.40679 -0.018333 -364.108 28.8013
34 -52.7292 6.24821 -2268.47 487.331 -38.922 1.40137 -0.0182691 -726.493 45.844
35 -19.0368 3.48908 -2129.4 473.061 -39.1852 1.46897 -0.0200527 -392.379 29.5019
36 -35.7347 5.07619 -2489.92 510.752 -38.1106 1.25929 -0.0147251 -253.528 22.7518
37 -48.4853 6.23973 -2444.33 505.509 -38.2497 1.29115 -0.0155518 -214.131 21.3133
38 -25.8513 4.63148 -3860.5 847.193 -68.4003 2.45415 -0.0321723 -313.644 26.1935
39 -38.2464 5.25028 -500.435 68.4662 -2.28022 -0.0010286 0.00154846 -298.237 24.7421
40 -18.5754 3.70621 -2285.32 502.189 -40.9852 1.50979 -0.0202561 -416.959 30.8248
41 -29.6092 4.71927 -2488.27 522.632 -40.4019 1.40526 -0.0177435 -434.22 32.1296
42 -5.40101 4.28882 -2460.75 523.124 -40.4631 1.40048 -0.0174695 -316.561 27.1564
43 -22.0693 3.97757 -2517.28 527.462 -40.3534 1.3717 -0.0166637 -201.661 20.2114
44 10.1403 3.42135 -2480.74 524.97 -40.3684 1.39423 -0.0174195 -183.757 21.1853
45 -21.8769 4.22018 -9016.6 2100.68 -180.735 6.85369 -0.0957138 -321.872 27.1268
46 -29.1192 4.69671 -1869.79 368.362 -26.2031 0.833939 -0.00924509 -247.742 22.7579
47 -25.2004 4.2636 -1801.93 362.108 -26.4168 0.863764 -0.00989576 -709.693 45.3502
48 -10.0051 2.78662 -1735.6 355.611 -26.5974 0.89686 -0.0107324 -277.607 23.7039
49 -15.0548 3.78875 -1974.34 379.195 -25.8664 0.781265 -0.00811072 -119.648 17.3228
50 -19.0825 2.86791 -1575.01 338.638 -27.3929 1.00793 -0.013268 -359.02 26.996
51 -4.66807 3.4343 -1837.18 368.07 -26.4386 0.846345 -0.00941618 -259.479 23.5432
52 -11.3879 3.30783 -1641.12 346.274 -27.1464 0.980318 -0.0128432 -428.849 32.1738
53 -4.98421 4.09506 -1726.57 356.34 -26.8425 0.92746 -0.0115877 -492.704 35.8542
54 -5.16262 3.64838 -5385.45 1236.57 -104.79 3.93711 -0.0544215 -328.161 27.4387
55 -33.3067 4.8939 -5268.49 1222.35 -105.182 4.01217 -0.0562067 -188.764 20.2488
56 6.80615 2.90242 -1129.99 236.394 -17.9843 0.630582 -0.00771395 -334.457 27.4323
57 -41.5899 5.45285 -1360.88 255.415 -17.2385 0.528143 -0.00543932 -349.561 27.8763
58 -27.9436 3.92597 -1321.56 249.768 -17.3648 0.564425 -0.00650039 -131.106 16.9946
59 -35.203 4.66356 -1213.83 240.963 -17.7476 0.605125 -0.00718549 -367.43 28.5854
60 -12.0511 3.11522 -1131.73 233.302 -17.9675 0.65067 -0.00845124 -416.935 30.673
61 -19.8078 3.4741 -4484.22 1033.11 -88.3822 3.36416 -0.0470934 -419.199 30.9665
62 -0.616272 3.75066 -1682.91 348.931 -26.2235 0.893767 -0.0108549 -377.019 29.6836
63 -14.0811 3.79821 -1641.13 343.637 -26.3471 0.916135 -0.0113901 -307.515 25.4599
64 23.2899 3.12539 -1329.14 313.055 -26.9608 1.06119 -0.0150307 -446.079 33.8622
65 38.4777 3.12676 -1545.39 340.156 -26.6487 0.940729 -0.0117764 -57.8238 15.4439
66 45.8696 3.11247 -1264.69 308.184 -27.0122 1.08156 -0.0155667 -237.244 24.7235
67 24.0789 3.02564 -1472.5 330.604 -26.8516 0.990023 -0.0131157 -407.418 31.2252
68 44.8022 2.63969 -1574.74 342.283 -26.5047 0.930339 -0.0116216 -134.136 19.7662
69 58.532 3.27615 -1612.46 348.449 -26.3965 0.905603 -0.0111112 -173.669 22.1203
70 53.1854 3.23222 -4398.88 1051.71 -91.6943 3.54052 -0.0501412 -201.683 23.0565
71 31.246 3.77748 669.05 -168.211 16.1805 -0.633354 0.00952982 -271.26 25.3016
72 19.8752 3.2212 -1763.98 409.068 -34.5798 1.31463 -0.0179926 -312.033 26.9113
73 39.5739 3.215 -1812.38 413.913 -34.3446 1.30156 -0.0180484 -146.84 20.1987
74 54.7972 3.04269 -1862.33 420.083 -34.1358 1.26775 -0.017246 -156.758 21.3544
75 39.0221 3.12642 -1763.17 410.284 -34.4124 1.29846 -0.0176709 -404.124 32.3122
76 32.7485 2.66477 -1959.33 427.409 -33.7704 1.20768 -0.0156246 -429.666 33.3786
77 34.622 3.29382 -2116.49 445.064 -33.2896 1.11121 -0.013197 -319.253 28.1804
78 35.3396 3.20714 -2053.5 439.619 -33.5413 1.13973 -0.0137052 -281.267 26.6944
79 59.0363 2.84702 -1709.71 402.426 -33.8428 1.28403 -0.0176185 -95.689 17.6099
80 41.5442 2.62024 -1842.64 414.268 -33.5872 1.2281 -0.0162092 -315.631 27.8477
81 54.6867 2.26638 -1815.83 411.262 -33.6537 1.2532 -0.0169691 -420.353 33.7633
82 36.6293 3.15217 -1826.18 411.172 -33.6271 1.25432 -0.0171161 -24.833 13.8036
83 60.4276 2.99829 -1932.56 428.441 -33.5389 1.17237 -0.0146546 -236.98 24.9223
84 50.1203 3.03286 -1805.82 412.356 -33.9189 1.26645 -0.0171648 149.939 6.18507
85 25.642 3.28455 -2008.98 430.455 -33.3837 1.17536 -0.0150466 -10.7028 13.2802
86 58.2117 3.14247 -1887.39 422.871 -33.6999 1.20942 -0.0156199 -676.722 46.7356
87 40.0857 3.02331 -1768.01 407.803 -33.9059 1.27032 -0.0171915 58.28 9.57226
88 47.4186 1.98182 -1862.48 416.619 -33.6644 1.22972 -0.0162372 36.1727 11.0615
89 51.0618 2.49833 -1812.26 411.436 -33.784 1.26457 -0.0172314 -245.23 25.5041
90 43.6794 2.2826 -2049.22 437.139 -33.2428 1.12884 -0.0136605 -144.648 19.5834
91 52.7636 2.72043 845.382 -202.805 18.6229 -0.69663 0.00993597 -103.494 18.2286
92 44.6855 2.84242 -3599.52 847.362 -72.8286 2.78255 -0.0388835 -374.264 31.2851
93 58.5111 2.69721 -1499.96 332.975 -26.231 0.944611 -0.0121943 -339.054 30.7076
94 49.7306 2.21563 -1465.12 327.415 -26.3007 0.969331 -0.0129269 -207.1 23.0423
95 10.5472 2.46109 -1527.81 330.971 -26.2945 0.950966 -0.0123462 -293.196 24.9905
