0 -29.6329 6.31386 -1995.41 441.212 -35.69 1.31694 -0.0171726 -438.79 39.1534
1 -9.52102 6.98182 -2045.11 448.021 -35.601 1.29794 -0.0168788 -615.89 48.8392
2 -7.1151 7.56049 -1760.98 418.337 -35.9576 1.41576 -0.0199176 -802.12 57.5185
3 -44.9429 8.27815 -2020.33 444.168 -35.7553 1.31322 -0.0171439 -414.675 37.0434
4 -19.2351 5.8432 -1925.3 433.048 -35.7676 1.35679 -0.0183954 -460.085 40.0787
5 -21.5079 4.19038 -1951.18 434.757 -35.7645 1.34756 -0.0180744 -565.471 44.744
6 -24.3169 6.40216 -2065.79 448.088 -35.666 1.30567 -0.0170637 -563.44 45.4091
7 -2.65829 6.475 -1932.23 435.414 -35.7358 1.34857 -0.0181862 -403.204 38.3942
8 3.443 6.86903 -1911.5 435.226 -35.7915 1.34646 -0.0179799 -459.855 41.7953
9 8.29022 4.66956 -602.891 95.8287 -3.8063 0.0375151 0.00163656 -415.572 38.8523
10 -27.3007 8.21405 -559.964 91.61 -3.90371 0.050245 0.00144314 -459.727 40.0992
11 -29.0975 9.01876 -2266.6 538.454 -46.7141 1.8312 -0.0257613 -607.828 47.3547
12 -3.88398 4.75182 -963.026 179.302 -11.3185 0.340198 -0.00288292 -580.005 47.0211
13 -27.4289 6.21496 -1018 187.784 -11.4472 0.299993 -0.00147861 -478.784 40.2554
14 -26.4451 6.38335 -889.815 168.931 -11.2925 0.372126 -0.00385923 -344.074 34.072
15 -25.0677 6.79931 -902.048 172.478 -11.3413 0.356131 -0.00329813 -567.214 45.1652
16 -5.05947 5.14709 1352.27 -373.993 37.5403 -1.55136 0.0241914 -736.183 54.2529
17 -49.3453 7.55017 -800.345 141.059 -8.55736 0.255271 -0.00191623 -643.631 48.9922
18 -18.0218 6.40733 -787.215 143.644 -8.60418 0.2428 -0.00156039 -445.323 39.3572
19 -18.0506 7.60862 -675.067 133.402 -8.74794 0.281637 -0.00250131 -606.308 47.6073
20 6.79176 5.16623 -2304.1 505.059 -39.9545 1.42933 -0.0180695 -561.01 46.0779
21 -19.6636 6.76713 -29.9574 -45.8152 8.89052 -0.465243 0.00904469 -458.541 39.8031
22 -26.5218 6.41639 -1565.71 341.255 -27.2511 1.01084 -0.0132017 -516.857 42.5055
23 -13.669 6.43797 -1986.88 447.343 -36.9303 1.40061 -0.0190349 -549.161 44.7936
24 11.372 3.69357 1702.67 -466.448 46.5727 -1.93516 0.030156 -590.439 46.9286
25 -17.582 5.99513 -2941.48 679.423 -57.9069 2.23004 -0.0311357 -583.922 46.3145
26 -15.7192 8.70311 -2654.14 650.718 -58.28 2.34834 -0.0342203 -518.907 43.8004
27 -31.9869 6.9659 -2799.83 663.915 -58.1539 2.29284 -0.0326863 -612.491 46.857
28 -12.4397 7.12295 -1121.14 210.801 -12.8957 0.338066 -0.00182047 -616.695 48.3886
29 -130.415 15.3773 112.864 -95.2528 13.8323 -0.670298 0.0121445 -567.335 44.6426
30 6.61254 6.69977 -3650.07 880.584 -77.7494 3.07423 -0.0442457 -374.493 37.5163
31 -135.833 15.6984 -1674.89 352.573 -27.5421 0.997485 -0.0126751 -477.129 39.633
32 11.3748 5.25955 -1668.51 359.31 -27.5797 0.972606 -0.0118274 -528.886 45.3058
33 33.7588 4.62012 3503.03 -886.189 83.1301 -3.32353 0.0496305 -382.771 38.4091
34 5.38692 5.27577 1616.72 -428.412 41.6162 -1.67712 0.0255113 -404.153 38.5056
35 21.1152 5.10415 362.636 -128.824 15.6793 -0.697074 0.0118071 -477.781 42.5343
36 9.61307 5.81925 250.473 -113.896 15.618 -0.75463 0.0136972 -608.894 49.307
37 -1.04498 5.72506 289.266 -122.54 15.7376 -0.722375 0.0125254 -480.364 41.8917
38 -5.23211 6.20297 227.385 -114.359 15.7089 -0.751609 0.0134339 -538.362 45.1852
39 1.40508 5.67174 307.976 -123.46 15.6761 -0.721675 0.0126217 -655.639 50.6183
40 21.0261 4.88026 1852.95 -481.569 46.2747 -1.85768 0.0281311 -628.829 49.8818
41 2.48347 4.88625 1824.79 -479.98 46.2589 -1.86413 0.0283312 -609.689 47.8771
42 24.2755 4.83325 -715.48 131.758 -7.5174 0.20433 -0.00111281 -523.491 44.7719
43 -7.54387 5.33992 -825.23 141.849 -7.50766 0.167213 -2.67803e-05 -753.381 54.6852
44 -13.9343 6.849 -810.859 143.393 -7.63267 0.15631 0.000565396 -266.08 30.9774
45 25.4781 4.75492 1310.36 -357.475 35.8283 -1.471 0.0227837 -638.707 50.3713
46 20.8905 4.57249 -1574.33 341.277 -26.2697 0.927217 -0.0112324 -410.067 38.982
47 1.25591 5.24278 -1561.66 336.754 -26.2211 0.943844 -0.0118301 -527.823 43.6612
48 26.164 4.37961 1860.35 -491.293 47.7236 -1.92865 0.0292449 -710.202 54.034
49 42.9801 4.07637 1805.72 -480.997 47.6301 -1.96418 0.0304513 -580.57 48.9868
50 19.0373 5.26649 -1063.75 212.041 -14.1907 0.435869 -0.00382443 -501.89 44.2745
51 2.4652 4.48941 406.53 -146.111 17.1541 -0.750653 0.0125347 -515.794 43.0982
52 6.83125 3.99518 362.305 -139.751 17.1209 -0.77345 0.0132779 -620.183 48.6587
53 5.40053 4.93731 334.077 -134.073 17.0566 -0.795716 0.0139941 -507.678 42.9137
54 14.4061 5.40906 -2219.55 505.635 -41.7547 1.56765 -0.0210395 -414.645 39.1481
55 -0.143655 5.96687 -2318.19 515.617 -41.7024 1.53196 -0.0200462 -317.589 34.439
56 8.35547 4.07599 1745.38 -470.469 46.2127 -1.89191 0.0291141 -563.195 45.3852
57 -2.01134 3.5616 -386.901 41.2079 0.847139 -0.136522 0.00406412 -580.506 45.8047
58 14.9627 3.59849 -1425.19 310.01 -24.3251 0.890422 -0.0113298 -651.763 50.3309
59 23.1112 4.77339 -1388.57 307.65 -24.3277 0.900243 -0.0116933 -320.465 34.5277
60 33.4353 3.79299 44.1658 -50.0443 8.40855 -0.403997 0.00743688 -323.64 34.7103
61 4.61664 4.82163 -55.4248 -39.0727 8.3692 -0.443163 0.00864413 -520.119 43.6293
62 11.426 4.04218 1591.83 -434.211 43.0921 -1.76786 0.0271924 -476.92 41.5058
63 -15.006 5.79139 -2315.81 532.323 -45.0384 1.73071 -0.0238723 -584.748 45.9457
64 52.4197 5.95696 -2444.13 555.797 -44.9959 1.64993 -0.0216588 -393.686 40.324
65 43.3556 5.54921 635.328 -184.811 20.4198 -0.876441 0.0143837 -470.481 43.5387
66 55.0294 5.67458 577.663 -176.938 20.4413 -0.901224 0.0149948 -397.497 40.2748
67 77.5278 4.68584 -1583.21 345.448 -25.8271 0.891629 -0.0107023 -536.443 47.608
68 98.4488 5.3611 -6363.27 1452.29 -120.398 4.44482 -0.0601351 -659.724 55.6454
69 49.3825 5.28652 2404.15 -611.413 58.189 -2.32806 0.0348776 -466.778 43.7559
70 48.3827 5.93667 -819.1 147.506 -7.13549 0.113293 0.00138784 -175.495 29.6141
71 58.0821 5.79436 -3313.49 770.991 -64.4001 2.41109 -0.032587 -595.974 50.7982
72 63.6072 4.36421 -9.14072 -16.7052 4.60969 -0.232856 0.00480867 -706.749 55.6246
73 58.3246 4.57464 1945.07 -502.263 49.0001 -2.00377 0.0308385 -598.685 50.0118
74 46.588 5.12367 1918.77 -500.469 49.026 -2.01053 0.031002 -391.469 39.5798
75 48.9057 5.04127 827.515 -235.68 25.34 -1.08189 0.0174897 -579.215 48.5788
76 57.4281 6.29723 824.024 -234.659 25.4156 -1.08013 0.0172877 -419.217 41.976
77 28.0171 5.60001 -820.056 152.173 -8.58907 0.211565 -0.000660966 -549.813 46.1813
78 32.4362 6.35583 -1801.98 396.347 -30.5622 1.06999 -0.0129187 -655.994 52.3234
79 30.9772 6.9382 -1680.58 380.226 -30.4642 1.12777 -0.0148064 -552.301 47.1012
80 61.4632 3.23223 -1557.83 364.429 -30.4179 1.183 -0.0163955 -553.455 48.217
81 65.8428 4.12731 102.62 -30.4528 4.27234 -0.150435 0.00259258 -627.868 51.8058
82 56.7587 5.2221 -190.036 8.46278 4.32039 -0.308092 0.00718381 -355.949 37.568
83 68.334 4.91058 -3052.09 726.269 -62.2141 2.40201 -0.0336973 -562.203 48.7379
84 75.0655 4.89971 1745.51 -445.426 43.1646 -1.73285 0.0261405 -537.942 47.9535
85 45.5103 6.13775 1637.63 -433.719 43.1576 -1.77541 0.027353 -373.85 38.827
86 70.2551 4.7342 -242.713 14.9061 4.0788 -0.293768 0.00670066 -510.288 45.9477
87 48.4441 4.8956 2047.4 -525.325 50.5189 -2.03617 0.0308192 -644.925 51.6601
88 24.4624 5.56693 -487.491 85.5419 -3.54224 0.0302784 0.00206199 -1048.82 70.5128
89 74.9729 4.09749 2834.13 -717.565 68.2548 -2.7485 0.0413674 -532.697 47.4028
90 68.4443 5.25044 -1085.04 232.4 -16.4406 0.547748 -0.00597658 -495.681 45.5171
91 62.0932 5.66232 -2740.01 643.726 -54.0392 2.04472 -0.0278776 -513.325 46.5621
92 57.391 5.58082 1923.64 -494.95 48.0719 -1.94765 0.0295977 -687.108 54.6125
93 63.4345 4.42044 397.519 -119.989 14.1061 -0.604657 0.0100402 -250.465 33.3805
94 56.3249 7.89984 -2569.12 602.661 -50.2349 1.89433 -0.0257126 -987.295 69.7075
95 53.9781 5.58381 -2538.11 596.874 -50.2328 1.91366 -0.0262743 -795.824 60.0534
