0 52.2983 3.32289 1291.7 -308.937 28.1156 -1.06767 0.0153313 -260.255 26.4919
1 46.4306 3.49858 1188.01 -296.373 28.0998 -1.11111 0.016534 -267.041 26.246
2 72.1672 2.4969 1223.24 -298.067 28.0761 -1.10562 0.0164368 -240.43 25.8989
3 34.7116 2.74686 1194.95 -299.317 28.0987 -1.1014 0.0162933 -328.133 28.565
4 57.6428 2.94807 1139.11 -289.503 28.0652 -1.13219 0.0171679 -219.246 24.1758
5 45.8079 2.77533 1215.56 -300.765 28.1073 -1.09577 0.0161439 -335.07 29.6915
6 55.3889 2.55477 1218.85 -299.88 28.0852 -1.09967 0.0162803 -237.419 25.0098
7 52.361 2.56716 333.72 -93.4121 10.247 -0.423636 0.00675224 -273.887 26.4483
8 56.5753 2.46265 475.795 -110.77 10.3157 -0.369964 0.00524085 -262.271 26.3597
9 46.2515 2.50691 1315.45 -327.826 30.779 -1.21404 0.0180802 -270.602 26.0565
10 61.9813 2.67774 1309.1 -324.953 30.7692 -1.22258 0.0182939 -322.478 29.252
11 51.2013 3.2028 1244.57 -317.035 30.7427 -1.24893 0.0190633 -241.048 25.1543
12 50.1619 3.47527 -820.724 185.252 -14.3281 0.520297 -0.00661005 -342.569 29.9385
13 50.7564 2.93134 604.68 -156.89 15.7517 -0.633264 0.00971568 -301.075 27.8132
14 65.2435 3.31718 610.225 -155.11 15.7335 -0.6383 0.00986705 -303.656 28.8398
15 29.8961 3.01275 1817.69 -456.441 42.5128 -1.67582 0.0246745 -237.125 23.6107
16 27.2384 2.83378 872.143 -235.527 23.5785 -0.973149 0.0151504 -415.868 32.2692
17 73.885 1.86046 961.512 -243.343 23.6426 -0.944525 0.0142218 -201.471 23.6246
18 78.3141 2.23943 893.683 -232.812 23.5739 -0.98083 0.0153212 -320.59 29.5478
19 31.1841 4.1597 -1105.4 257.618 -21.3226 0.809457 -0.0109728 -265.329 25.1866
20 54.7721 2.7593 299.077 -83.4772 9.28231 -0.384006 0.00613399 -272.498 26.1427
21 34.1617 3.23813 240.113 -78.0398 9.26521 -0.401733 0.00667738 -326.888 28.3417
22 63.7339 2.37432 331.014 -87.7597 9.37117 -0.371756 0.00573401 -212.722 24.0021
23 17.1656 3.17029 1309.8 -337.857 32.0171 -1.26945 0.0188434 -264.771 24.2322
24 76.7168 1.89046 1339.48 -336.019 32.0123 -1.27268 0.0189479 -253.494 26.3124
25 56.6638 1.96324 822.394 -202.512 19.0684 -0.732092 0.0106985 -200.417 22.7866
26 57.4074 2.29726 693.246 -186.544 19.0358 -0.782036 0.0120894 -218.178 23.7063
27 51.9943 1.96388 665.615 -183.864 18.9966 -0.791787 0.0124215 -283.65 26.1815
28 62.3101 1.90878 -820.636 168.928 -11.5524 0.364474 -0.00372604 -344.149 29.958
29 37.996 3.14454 -775.934 161.714 -11.543 0.388853 -0.00444817 -236.448 23.8836
30 72.6507 2.1487 299.774 -97.6158 11.9599 -0.537643 0.00898726 -276.326 27.2366
31 6.39283 3.64854 375.998 -112.536 11.9526 -0.491609 0.00772351 -319.844 26.4146
32 143.8 2.69725 -1290.71 291.91 -21.716 0.73889 -0.00885581 -261.77 30.809
33 108.46 3.03332 548.602 -129.208 13.3668 -0.546571 0.00864818 -265.526 29.4363
34 107.624 3.18762 533.813 -127.203 13.3597 -0.552487 0.00877111 -298.609 30.72
35 120.978 3.21862 -869.978 206.752 -15.6664 0.552405 -0.00680082 -213.172 27.1769
36 143.899 2.66385 -1078.04 232.025 -15.6628 0.478391 -0.00479278 -263.126 30.9914
37 138.598 3.3514 -3332.93 789.032 -66.2155 2.47773 -0.0339531 -183.395 26.7263
38 136.44 2.93374 -1120.96 250.262 -17.9571 0.588746 -0.00663914 -197.605 27.325
39 113.052 3.42975 -217.978 48.2207 -1.5086 -0.0040857 0.00134231 -225.588 27.6036
40 136.627 2.75982 -255.184 52.6857 -1.44717 -0.0136165 0.00148941 -251.597 29.9061
41 146.086 2.84337 -1756.38 403.495 -31.4466 1.10654 -0.0139788 -144.436 24.7879
42 123.972 3.60917 -26.0251 3.19661 2.44749 -0.151689 0.00332484 -232.664 28.3662
43 123.915 3.80795 -914.951 216.272 -16.2218 0.560005 -0.0066835 -198.806 26.6148
44 112.638 3.71242 -911.542 213.891 -16.1924 0.568247 -0.00691401 -245.733 28.6986
45 112.249 3.64783 471.688 -116.864 12.8315 -0.541608 0.0087168 -204.227 26.611
46 114.308 3.8415 383.169 -104.29 12.7297 -0.58192 0.00993816 -205.451 26.4697
47 115.952 3.58445 -728.171 170.28 -12.325 0.418094 -0.00480218 -237.087 28.0402
48 110.085 3.83056 119.812 -26.4163 4.38696 -0.204188 0.00378949 -229.035 27.426
49 140.348 3.11799 -862.569 195.813 -13.7245 0.443268 -0.00477646 -255.227 29.9712
50 86.4098 4.47371 953.97 -230.081 22.439 -0.906714 0.0139355 -232.128 26.7592
51 121.407 3.6086 -355.781 81.2546 -4.46626 0.118673 -0.000646297 -141.351 23.5301
52 121.806 3.53481 -449.374 93.2557 -4.54573 0.082336 0.000466228 -209.38 26.9951
53 111.066 3.65882 -4514.28 1037.27 -84.7757 3.04832 -0.0399024 -252.115 28.7968
54 90.087 3.71353 436.057 -104.161 11.0963 -0.459979 0.00741467 -275.333 28.5528
55 117.875 3.80603 -315.709 65.3788 -2.49418 0.0183381 0.00118322 -317.615 32.2242
56 144.281 2.47861 -353.407 71.1828 -2.51214 0.000357304 0.00168841 -234.37 28.6007
57 154.722 1.87208 -2197.4 501.528 -39.4845 1.39288 -0.0176884 -257.16 30.383
58 140.818 2.80934 -1486.57 342.569 -26.5488 0.936224 -0.0117863 -231.782 28.9673
59 123.58 4.01388 -3621.51 890.181 -78.1272 3.0455 -0.0435284 -54.6048 19.178
60 136.143 2.16352 -25.3297 -14.9307 5.5427 -0.324265 0.00645824 -229.912 28.0274
61 138.266 2.28852 164.202 -39.3789 5.73425 -0.250818 0.00423758 -55.942 19.9922
62 106.636 2.93747 774.504 -197.597 20.5682 -0.868348 0.013762 -243.337 27.4372
63 135.155 2.5674 -833.721 188.447 -13.1943 0.42832 -0.00470892 -269.594 29.9307
64 53.9998 1.99339 979.815 -253.693 24.8953 -1.01312 0.01558 -219.244 23.5811
65 37.5089 2.82162 959.799 -252.539 24.9084 -1.01661 0.0156456 -406.73 32.3735
66 15.0427 3.60894 972.748 -256.057 24.9134 -1.00461 0.0152824 -346.875 28.5938
67 23.4239 3.23407 1029.2 -263.43 24.9894 -0.980018 0.0144878 -236.621 23.4906
68 18.5013 3.99141 1003.26 -259.056 24.9294 -0.996726 0.0150773 -251.004 24.1402
69 31.1957 3.91899 -303.774 56.5658 -2.95123 0.082206 -0.000378364 -267.631 25.7348
70 -5.43309 3.67647 -254.643 44.3859 -2.82194 0.118939 -0.00155163 -352.641 27.8991
71 49.5195 4.08308 444.524 -118.948 12.5967 -0.515731 0.00804985 -213.148 24.0405
72 -3.22637 3.07625 1530.13 -384.357 35.219 -1.36294 0.0198771 -357.792 28.1894
73 47.2912 4.10797 -441.301 96.8927 -6.66622 0.22679 -0.00236292 -319.25 29.2079
74 26.6146 2.75626 878.575 -221.765 20.802 -0.800211 0.0116954 -286.609 25.9754
75 22.597 2.58929 778.844 -209.911 20.7382 -0.838366 0.0128396 -378.802 30.0163
76 20.1247 4.37201 -52.1288 -12.1521 3.8539 -0.212745 0.00433802 -396.088 31.6452
77 20.4865 3.27767 -36.1256 -16.1796 3.89538 -0.200019 0.00392133 -301.295 26.4011
78 19.0017 3.39482 6.0221 -20.8261 3.88114 -0.184645 0.00352037 -245.389 23.9051
79 29.4221 3.33403 -1468.48 328.428 -26.3726 0.96183 -0.0125638 -400.454 31.7266
80 69.9448 1.66737 1806.7 -444.295 41.2719 -1.62438 0.0239436 -317.208 29.1041
81 38.8819 1.59504 1766.77 -443.566 41.2701 -1.62643 0.0240032 -250.24 24.2333
82 22.3887 2.87018 1841.41 -454.212 41.3296 -1.59036 0.0228911 -188.609 20.9463
83 57.9053 2.66563 1777.45 -441.121 41.2427 -1.6333 0.0242064 -186.036 22.3194
84 78.4379 1.89003 407.931 -106.654 11.2948 -0.456879 0.00711469 -370.024 32.1093
85 17.9068 2.70936 113.59 -44.5635 5.58896 -0.234096 0.00396922 -342.803 28.091
86 26.2242 3.93495 92.9516 -39.508 5.60093 -0.251657 0.00443365 -301.796 27.1436
87 -8.94735 5.40652 131.861 -46.4041 5.54601 -0.226432 0.00377375 -342.72 27.9075
88 35.3574 1.72413 1467.9 -365.297 33.7175 -1.30932 0.0191309 -259.275 24.8186
89 1.80629 2.21324 1429.42 -364.178 33.7394 -1.31426 0.0192356 -291.919 24.7921
90 13.1516 2.68273 1346.22 -351.8 33.7279 -1.35905 0.0205073 -263.108 23.7653
91 33.1339 2.28118 1418.19 -359.679 33.7521 -1.32998 0.019646 -394.525 31.0325
92 -4.52505 3.03824 1417.84 -363.179 33.7569 -1.31786 0.0193105 -268.55 23.5893
93 34.3948 3.17611 1275.55 -340.13 33.7751 -1.40334 0.0217683 -388.143 31.4348
94 9.79674 3.63977 -1022.36 226.151 -18.1483 0.674341 -0.00887302 -322.229 26.9177
95 43.6876 2.00892 -1051.31 230.994 -18.0907 0.660828 -0.00858079 -348.431 29.5959
