0 45.3208 5.08996 -709.124 155.087 -11.084 0.371462 -0.00404082 -250.834 26.8665
1 53.3472 4.363 -1358.07 318.859 -26.3169 0.990261 -0.0133498 -339.495 30.9058
2 62.2845 5.19303 -1341.72 319.148 -26.3241 0.989576 -0.0133502 -270.939 28.1947
3 54.021 5.05921 -1418.53 326.51 -26.3019 0.967176 -0.0127421 -289.339 28.8973
4 39.3934 3.97846 -788.546 166.29 -11.9064 0.403108 -0.00459585 -310.192 28.7325
5 56.8531 4.25218 -791.59 169.158 -11.9276 0.394709 -0.00433942 -313.927 29.8461
6 33.2929 4.11919 256.395 -90.2865 11.1187 -0.496438 0.008349 -299.637 28.0957
7 39.3599 4.19396 270.602 -90.5547 11.0811 -0.497636 0.00841093 -320.377 28.8123
8 53.9594 4.36776 -1191.55 278.658 -22.7378 0.850546 -0.0113441 -303.008 28.9749
9 42.7214 3.78664 -442.052 85.5218 -4.8721 0.131917 -0.000704992 -351.419 30.6114
10 46.0894 4.04351 335.594 -100.048 11.5264 -0.499195 0.00824712 -296.914 28.371
11 53.8951 3.91157 -441.283 83.6038 -4.30273 0.0987776 -0.000150895 -284.077 27.975
12 50.7219 3.95004 -467.514 86.1591 -4.31998 0.0908925 7.6783e-05 -292.721 27.9593
13 43.6389 4.38673 -1040.93 224.876 -16.7129 0.574087 -0.00686749 -335.063 29.9786
14 73.4827 3.7259 -2931.31 689.431 -58.2515 2.19726 -0.0302672 -229.898 26.2125
15 42.0214 3.89826 511.275 -157.303 17.66 -0.76791 0.0123979 -286.014 27.7362
16 63.6687 2.51132 618.189 -168.299 17.6393 -0.737833 0.0116867 -261.002 26.8439
17 60.5856 3.27188 -723.49 152.026 -10.4685 0.342514 -0.00370704 -252.285 26.4838
18 88.1792 2.78445 894.559 -235.085 24.0146 -0.993886 0.0153477 -213.225 25.8004
19 38.177 4.31423 -1033.37 221.54 -16.4372 0.56338 -0.0067024 -260.301 25.9657
20 52.3489 3.31924 -139.291 1.10294 3.5667 -0.224092 0.00469046 -236.489 25.2244
21 53.6292 3.44205 -2151.81 489.838 -40.0364 1.47375 -0.0196601 -302.446 28.8611
22 64.1157 3.56169 -77.3958 -13.846 5.21235 -0.298598 0.00587895 -315.853 29.8368
23 49.3989 3.86598 -1949.72 431.577 -34.0847 1.2164 -0.015678 -247.995 25.9966
24 41.3779 3.19544 -75.2567 -7.57518 3.6117 -0.204714 0.00423657 -317.386 28.8347
25 58.3281 3.02935 -76.0665 -5.74601 3.61154 -0.208834 0.00428061 -342.662 30.4618
26 54.1377 3.50054 -1286.59 282.003 -21.6341 0.761523 -0.00947818 -320.944 29.8652
27 61.4864 3.41892 -1817.58 412.165 -33.248 1.21416 -0.016037 -241.608 25.796
28 23.9713 4.42268 -1819.74 409.584 -33.2582 1.21969 -0.0161083 -275.779 26.2796
29 46.4504 4.50833 -1720.79 400.368 -33.2273 1.24994 -0.0170227 -294.488 28.2966
30 49.786 4.09236 -1040.39 214.886 -14.9276 0.473927 -0.00499055 -361.058 31.9661
31 55.1046 3.30161 -1075.4 218.071 -14.9152 0.465238 -0.00481546 -320.588 29.5284
32 78.936 4.50931 -1189.77 286.105 -23.4414 0.876675 -0.0116762 -202.957 25.2602
33 54.4428 5.62148 -1023.99 265.757 -23.6212 0.955079 -0.0137921 -202.364 23.8731
34 39.2533 5.71476 -1191.09 283.76 -23.5913 0.895597 -0.0121535 -232.655 25.0681
35 82.6762 3.69253 -1281.67 297.233 -23.6083 0.857563 -0.0111459 -280.755 28.8508
36 48.2254 4.36295 -1249.93 290.297 -23.6233 0.878044 -0.011657 -335.212 30.0108
37 64.9907 5.68439 -1668.75 423.99 -37.7227 1.50504 -0.0216959 -235.031 26.2557
38 100.599 4.16626 -1847.3 447.881 -37.6863 1.42627 -0.0195461 -219.245 26.9117
39 87.9808 3.7544 -566.131 122.26 -7.80844 0.237791 -0.0022189 -220.899 26.1467
40 86.7107 3.82327 -493.529 114.533 -7.85384 0.259644 -0.00268424 -295.858 29.9333
41 63.5698 4.34941 -1492.05 349.026 -28.5309 1.05689 -0.0140733 -276.659 27.8304
42 61.9101 4.27668 -528.589 114.937 -7.70966 0.250466 -0.00255574 -246.822 26.4092
43 68.6569 4.13975 -1224.31 282.949 -22.5285 0.822607 -0.0107549 -247.972 26.5764
44 87.4181 3.80361 -1288.28 293.101 -22.5699 0.790078 -0.0097625 -246.661 27.5604
45 85.1169 3.13965 -862.124 186.523 -13.0727 0.424424 -0.00462042 -193.93 24.4999
46 86.9084 2.85314 -2148.89 489.051 -39.2791 1.418 -0.0185472 -256.926 27.6896
47 61.1171 4.48909 -2223.08 497.27 -39.3301 1.39271 -0.0177924 -324.589 30.4361
48 82.4328 3.2817 -852.195 196.969 -15.1147 0.542111 -0.00679678 -250.302 27.0876
49 109.978 3.04043 -906.083 206.74 -15.1462 0.512869 -0.00597065 -236.183 27.699
50 62.6962 3.58713 -928.318 203.409 -15.0907 0.522673 -0.00630876 -269.418 27.2435
51 99.0116 2.83094 -1814.36 416.184 -33.2664 1.2004 -0.0156606 -249.78 27.4521
52 95.7297 2.97049 -1039.78 225.865 -16.0756 0.524501 -0.00584214 -250.241 27.9247
53 79.8146 3.68286 -1754.94 415.426 -34.5598 1.29715 -0.0176596 -132.954 20.8132
54 107.086 4.26923 450.754 -102.458 10.9062 -0.449912 0.00714542 -258.407 28.3109
55 78.7615 3.80204 -1883.93 425.697 -33.6982 1.20345 -0.0155121 -273.832 28.4759
56 105.401 2.09574 66.4124 -29.033 5.44843 -0.267817 0.00489141 -238.205 27.1232
57 75.6805 3.01434 26.4748 -26.3045 5.42728 -0.27593 0.00514155 -190.286 23.8901
58 54.5866 3.83378 0.224802 -24.6288 5.40874 -0.280952 0.00530442 -275 27.389
59 67.2068 2.86423 -665.939 133.409 -8.33006 0.239699 -0.00197705 -287.376 27.917
60 67.7725 3.09701 -1530.78 340.795 -26.4933 0.931591 -0.0116783 -262.354 26.7722
61 67.6929 3.29739 -1516.53 338.938 -26.4813 0.938191 -0.0119084 -244.441 25.8075
62 74.3445 3.94899 -1459.87 333.585 -26.4458 0.955574 -0.0124037 -259.999 27.6428
63 91.9993 2.59523 -2747.67 624.588 -50.5726 1.83018 -0.0241469 -286.457 28.9076
64 -13.4022 4.70531 -147.65 7.1399 1.68013 -0.10531 0.00246343 -354.048 28.6835
65 -5.96678 6.49286 -1678.58 418.494 -37.9519 1.54342 -0.0226695 -210.962 22.0706
66 -18.8901 5.64637 -1020.21 214.745 -16.4157 0.583878 -0.00724121 -377.794 29.8859
67 -12.4585 5.01445 -1055.62 219.165 -16.4505 0.570163 -0.00685533 -356.725 28.4142
68 4.26493 4.56444 -1740.17 394.489 -32.6199 1.21961 -0.0164034 -344.363 28.9451
69 -14.7445 5.05326 -1073.52 225.83 -17.2235 0.60515 -0.00740621 -324.391 26.802
70 -0.201173 5.18617 -1919.86 435.063 -35.9495 1.33821 -0.0179744 -320.669 27.6785
71 -30.7729 5.3317 -1904.72 429.056 -35.904 1.35639 -0.0185329 -370.489 28.5168
72 10.9926 4.10027 294.198 -98.2601 11.2662 -0.482153 0.00786824 -264.506 25.1073
73 -12.1276 5.30105 -1325.53 297.123 -24.3777 0.914376 -0.0122321 -380.108 30.1405
74 12.3426 4.91667 -1367.52 304.471 -24.3898 0.892086 -0.0116033 -362.354 30.424
75 -24.1866 4.81269 -1395.94 303.086 -24.3595 0.895168 -0.0117692 -397.376 29.8498
76 -8.82887 4.72609 -1434.3 309.269 -24.3674 0.877631 -0.0112663 -394.591 30.7834
77 -3.05676 4.2424 -1482.55 315.404 -24.3979 0.859783 -0.0108011 -392.621 30.3647
78 -3.86955 4.25312 -98.6452 -17.3868 4.96125 -0.267418 0.005158 -331.415 27.7444
79 18.0056 4.28669 -1245.43 255.904 -18.6562 0.630151 -0.00751296 -286.886 26.7967
80 11.5094 3.66167 325.275 -112.372 13.0257 -0.57004 0.00941558 -348.972 29.0906
81 22.8037 3.86663 -787.122 153.491 -10.1402 0.313646 -0.00307194 -336.519 29.0031
82 20.7509 3.83482 -763.103 150.564 -10.1478 0.321631 -0.003274 -245.187 24.2719
83 8.47571 4.52007 -1755.81 383.073 -30.3521 1.09096 -0.0141083 -323.772 27.9459
84 17.9795 4.28946 31.4326 -43.4338 7.27093 -0.358079 0.0064758 -364.949 30.3107
85 -21.2656 3.9587 -39.8745 -40.7557 7.28374 -0.36417 0.00661468 -304.363 25.472
86 4.72749 4.73806 -1901.04 427.619 -35.1003 1.30086 -0.0174243 -310.563 27.109
87 12.9953 4.29353 -380.858 50.2957 -0.636866 -0.0667111 0.00251828 -353.151 29.5883
88 0.540445 4.25511 -1329.12 295.932 -24.05 0.893428 -0.011802 -329.155 27.9218
89 4.21644 4.28709 -367.543 53.3148 -1.62039 -0.00284243 0.00130657 -337.1 28.7374
90 11.0167 4.27529 -380.423 55.4368 -1.61193 -0.00886973 0.00144966 -348.23 29.5684
91 -6.96266 4.73205 -1813.09 395.552 -31.5775 1.14214 -0.0148903 -327.892 27.5159
92 -4.61704 4.17895 -1727.99 384.89 -31.5617 1.17538 -0.0158142 -323.605 27.1005
93 16.7132 4.07449 -1812.04 397.078 -31.5869 1.1407 -0.0148634 -359.622 30.0377
94 23.9123 3.97156 -1758.46 391.828 -31.5953 1.15589 -0.0152795 -361.328 30.1416
95 -12.7953 4.65367 -1764.05 389.532 -31.6086 1.16055 -0.0153507 -300.314 25.6606
