0 25.4076 4.49743 979.843 -255.212 24.9663 -1.00844 0.0153769 -294.274 27.463
1 7.50022 3.93312 258.593 -88.5981 10.3129 -0.447703 0.00747274 -379.199 30.2144
2 29.1056 4.40789 -665.023 140.92 -10.1651 0.353031 -0.00412473 -329.092 29.0388
3 -6.1385 4.83382 -1952.24 450.289 -38.2041 1.46158 -0.0203035 -269.396 24.3592
4 -5.85003 4.09338 -239.452 25.2545 0.371774 -0.0637716 0.00192477 -315.846 26.3733
5 -16.6164 4.34245 -801.802 158.147 -11.2598 0.377301 -0.0042197 -361.2 28.0694
6 9.77236 4.50498 -831.315 164.727 -11.2643 0.360266 -0.00378305 -358.575 29.536
7 0.123978 4.89057 -757.847 155.795 -11.2748 0.386117 -0.00444312 -342.843 28.4703
8 -19.497 3.54277 260.088 -95.6412 10.6548 -0.442097 0.00706192 -365.675 28.362
9 23.0692 3.98931 -745.29 145.583 -9.55265 0.293168 -0.0028028 -286.628 26.4518
10 -21.5412 4.4897 -705.345 135.959 -9.50025 0.31973 -0.00358016 -343.026 27.0769
11 14.1685 4.31122 -717.757 141.961 -9.54199 0.302068 -0.00305468 -273.386 25.3439
12 22.6664 3.80378 -757.191 146.839 -9.54843 0.288895 -0.00269175 -308.592 27.4567
13 16.4229 3.68515 -734.779 142.601 -9.49741 0.30184 -0.00311707 -294.397 26.4527
14 -2.56893 4.20675 -828.746 153.152 -9.5924 0.269705 -0.00213411 -394.933 30.3912
15 23.5827 3.96213 -1650.59 352.342 -26.8873 0.928183 -0.0113962 -350.803 29.6558
16 4.74552 3.03234 -1496.54 330.821 -26.8966 0.9963 -0.0132677 -338.711 27.3784
17 17.9832 3.8726 324.701 -107.192 12.314 -0.533579 0.00872996 -274.515 25.4387
18 3.64287 3.55897 -478.049 72.8684 -2.86548 0.0253479 0.00114488 -318.335 26.8664
19 10.246 5.1494 -1096.67 226.569 -16.3883 0.545778 -0.0062658 -328.502 28.5809
20 39.5549 2.18174 -1232.08 241.851 -16.4491 0.504747 -0.00514893 -284.803 26.2714
21 24.9158 3.03634 -350.143 38.2362 0.757742 -0.131363 0.00355011 -374.122 30.3892
22 24.4717 3.36158 -353.157 38.5376 0.779361 -0.130939 0.00350024 -309.329 27.5178
23 10.6352 3.84799 -1333.71 279.584 -21.0386 0.722176 -0.00872869 -354.582 28.8446
24 -9.17874 3.01709 919.205 -259.353 25.7846 -1.0531 0.016123 -355.862 27.7883
25 28.9116 3.07792 -869.805 172.518 -11.7279 0.370072 -0.00379656 -371.179 30.6221
26 6.78996 3.67952 -26.9883 -29.4255 5.64759 -0.27988 0.00514538 -388.758 30.7354
27 17.1763 3.331 -32.8451 -27.6342 5.62984 -0.285389 0.00529584 -302.901 26.6572
28 -17.3616 3.46644 -994.3 185.555 -12.3629 0.375537 -0.00362552 -380.481 28.7976
29 -16.8232 4.09445 -280.532 33.5692 -0.395751 -0.0331628 0.00149362 -401.378 30.3654
30 -17.4757 4.2913 -349.848 42.2934 -0.454437 -0.0583628 0.00217381 -364.976 28.0185
31 -24.2083 3.90978 -434.475 50.4476 -0.481123 -0.0793874 0.00277525 -321.505 25.6379
32 63.973 4.67877 -197.339 34.8132 -0.479163 -0.0315658 0.00156098 -269.541 28.7829
33 39.7055 4.23085 -208.486 33.1528 -0.499418 -0.0278021 0.00146513 -350.201 30.8211
34 54.7711 3.58152 603.087 -162.06 16.8126 -0.691053 0.010765 -256.051 26.8118
35 56.071 4.4556 -943.621 208 -15.5292 0.541424 -0.00655465 -203.915 24.6333
36 58.3704 4.76988 -1406.77 328.727 -26.8182 0.99546 -0.0132062 -302.989 29.6896
37 50.7282 4.75684 -1457.19 333.638 -26.8137 0.980367 -0.0128071 -332.645 30.8236
38 56.539 3.93966 -1532.36 341.425 -26.794 0.959719 -0.0123261 -326.442 30.4734
39 34.859 4.40328 -1487.21 334.05 -26.775 0.979408 -0.0128715 -230.698 24.5708
40 36.0874 4.44141 -1377.88 321.501 -26.7937 1.02022 -0.0139345 -241.392 25.5156
41 58.3201 3.46582 -519.456 101.498 -5.86154 0.157286 -0.000903573 -280.874 28.0132
42 49.7946 4.1228 -1330.04 295.308 -22.9965 0.822918 -0.0104973 -342.948 31.1544
43 79.7387 3.31015 -1377.05 303.275 -23.0073 0.80124 -0.00993556 -255.228 28.0186
44 67.0316 3.27472 -1312.66 294.309 -23.002 0.824875 -0.0105389 -284.622 28.4815
45 60.2214 3.24896 -1448.63 309.769 -23.0497 0.781753 -0.00934405 -266.005 27.5909
46 69.8394 3.37264 -1405.39 305.91 -23.0431 0.792329 -0.00965837 -255.297 27.1699
47 77.5047 3.25911 -1444.8 311.461 -23.0633 0.777539 -0.00925348 -242.916 27.1187
48 38.3078 3.22071 -775.503 162.008 -11.6602 0.39858 -0.00460855 -368.911 30.9908
49 69.2895 3.54955 -750.751 163.265 -11.6672 0.395961 -0.00454604 -274.839 28.1655
50 67.7302 3.18687 -843.807 173.342 -11.6639 0.368471 -0.00382248 -257.527 27.5029
51 76.8736 3.45568 -2092.53 474.688 -38.1378 1.38395 -0.0182243 -287.013 29.4062
52 42.4286 3.30485 172.735 -66.8592 8.68742 -0.385834 0.00646972 -276.24 26.729
53 60.2849 3.45092 -1130.9 236.494 -16.8215 0.548872 -0.00614529 -279.419 27.8177
54 65.8535 3.30714 -1140.75 238.518 -16.8541 0.542868 -0.00592848 -324.309 30.3416
55 45.9909 4.36648 -2045.22 461.724 -37.3033 1.3587 -0.0179058 -264.223 26.9091
56 83.3801 2.09285 -15.8065 -19.5362 5.00281 -0.266603 0.00517874 -313.004 30.1647
57 100.108 2.11372 7.65841 -21.6898 5.09227 -0.256506 0.00473214 -219.769 26.7782
58 66.6375 3.21296 -61.0311 -14.2532 4.98201 -0.28326 0.00565793 -258.557 27.3159
59 70.3963 2.84714 -1474.06 324.461 -25.0314 0.883862 -0.0111674 -328.886 30.7388
60 58.4833 4.02822 -1389.01 314.902 -25.0712 0.912798 -0.011917 -220.946 24.979
61 78.1774 3.90224 -1473.67 326.938 -25.0744 0.87837 -0.010976 -282.684 29.4049
62 64.3319 3.40997 -2110.34 484.641 -39.7509 1.46854 -0.0196489 -300 29.3904
63 42.774 3.29677 -406.869 58.9523 -1.35634 -0.0328147 0.00185151 -282.923 27.2871
64 91.2773 3.87583 -208.666 44.0292 -1.41413 0.00595377 0.00097222 -283.707 29.5836
65 108.364 3.0985 -214.8 45.8093 -1.42368 0.00160933 0.00107218 -273.016 29.4261
66 84.4599 3.91273 -197.929 40.3207 -1.31095 0.0188605 0.000439043 -180.81 24.3203
67 89.482 4.62265 -272.966 52.3449 -1.43913 -0.017294 0.00160673 -307.096 31.0833
68 89.3389 4.06219 -261.363 50.2167 -1.42584 -0.0108762 0.00142267 -220.958 26.7135
69 86.5845 3.96768 -236.541 45.3556 -1.32052 0.00488723 0.000804879 -231.19 26.9704
70 88.5033 3.64419 -306.953 54.2138 -1.38766 -0.0194915 0.00152447 -156.561 23.3903
71 99.8959 4.70813 -2298.11 548.227 -45.8966 1.72324 -0.0235706 -231.917 27.6988
72 76.752 4.06136 -1135.5 270.201 -21.9851 0.82096 -0.0109173 -276.178 28.6032
73 107.859 2.73244 -415.57 83.517 -3.98864 0.0766735 0.000281037 -212.309 26.4879
74 100.212 3.16737 -429.106 85.1034 -4.00205 0.0718571 0.000446958 -200.05 25.9029
75 100.811 3.71146 -1542.41 356.639 -28.2491 1.01528 -0.0131185 -208.023 26.1056
76 107.466 3.91863 -1467.84 349.333 -28.2662 1.03679 -0.0136623 -260.233 28.9902
77 112.617 3.95538 -1541.33 358.531 -28.28 1.00973 -0.0129363 -220.562 27.3079
78 112.731 2.91324 -1614.13 365.707 -28.2902 0.991297 -0.0124342 -244.973 28.4981
79 98.5734 4.10397 -1543.66 356.78 -28.2558 1.0191 -0.0132706 -204.848 26.2235
80 89.6417 2.56269 -311.655 63.3116 -2.97319 0.0645926 9.77502e-05 -270.383 28.3471
81 106.035 2.46722 -355.135 70.2035 -3.00281 0.0458094 0.000619965 -240.005 27.6518
82 98.156 3.08656 -1463.9 332.182 -25.7903 0.910101 -0.0114766 -313.234 30.9861
83 109.991 2.83746 -1449.49 331.628 -25.7957 0.912619 -0.0115848 -258.792 28.4809
84 120.694 2.78539 -1460.09 333.687 -25.7899 0.907041 -0.0114478 -125.587 22.4178
85 97.957 3.97423 -2361.57 552.153 -45.4967 1.68423 -0.0227142 -193.945 25.885
86 128.702 3.03542 -2403.62 559.923 -45.5242 1.66023 -0.0220443 -214.515 27.7181
87 99.9682 3.65462 -2414.99 558.997 -45.5348 1.66191 -0.0220776 -227.247 27.0717
88 111.921 2.75165 276.57 -80.061 10.3874 -0.476869 0.00817442 -196.87 26.0031
89 86.2855 2.64075 267.768 -82.6967 10.432 -0.468769 0.00788935 -189.781 24.4592
90 100.979 3.04974 -1001.91 226.165 -16.8151 0.580732 -0.00704942 -220.21 26.6584
91 101.982 3.28158 -1052.84 233.357 -16.8714 0.55748 -0.00631815 -208.686 26.2341
92 113.925 3.1148 -2134.8 507.469 -42.1992 1.57804 -0.0214404 -176.385 25.2694
93 81.6803 3.73168 -1585.34 364.283 -29.1112 1.05693 -0.0138253 -191.968 24.6193
94 95.289 3.72578 -1520.37 358.072 -29.1053 1.07811 -0.014459 -186.223 24.8789
95 111.076 3.65767 -2355.54 563.324 -47.3177 1.78281 -0.0245221 -134.697 22.903
