0 -61.0357 0.178083
1 -19.0793 0.182542
2 -32.9803 0.184097
3 -36.3975 0.175043
4 -22.1895 0.18415
5 -36.6454 0.178677
6 -33.5155 0.181363
7 -24.2308 0.181174
8 -34.8906 0.177307
9 -6.78734 0.185799
10 -23.6694 0.187971
11 -32.5171 0.179878
12 -28.8435 0.182353
13 -4.54409 0.182521
14 -22.6338 0.183344
15 -22.0222 0.182385
16 -7.42428 0.186622
17 -12.1536 0.182803
18 -60.6622 0.173964
19 -38.7209 0.177073
20 -14.9271 0.184151
21 -45.112 0.172553
22 -33.2712 0.17171
23 -20.1898 0.182059
24 -54.8368 0.170945
25 -38.7135 0.176704
26 -22.1237 0.186345
27 -18.4122 0.180289
28 -35.4357 0.178281
29 -35.7908 0.178394
30 -24.0464 0.179771
31 -34.3219 0.178914
32 -43.0429 0.163271
33 -95.8779 0.170804
34 -31.345 0.144334
35 -53.5259 0.166582
36 -71.5946 0.173642
37 -51.5239 0.162284
38 -64.5277 0.16681
39 -44.8385 0.167946
40 -86.4408 0.175488
41 -74.1294 0.173217
42 -50.4583 0.152559
43 -48.6984 0.16603
44 -27.6955 0.150361
45 -56.7837 0.166904
46 -33.6276 0.15132
47 -41.9345 0.145499
48 -53.9972 0.174622
49 -77.692 0.173136
50 -31.007 0.170884
51 -28.7957 0.165974
52 -44.0279 0.172348
53 -62.6263 0.168402
54 -41.2761 0.164507
55 -50.6065 0.17348
56 -53.0641 0.172662
57 -38.8717 0.148206
58 -83.8086 0.174583
59 -74.6866 0.175032
60 -63.541 0.174863
61 -16.9105 0.143638
62 -24.3832 0.140688
63 -81.8932 0.171128
64 54.5434 0.167631
65 52.9786 0.165579
66 61.5176 0.16328
67 53.9799 0.166158
68 28.296 0.164471
69 70.7988 0.163756
70 58.9051 0.162378
71 70.3952 0.162399
72 62.5582 0.16436
73 58.2641 0.165225
74 53.7246 0.161945
75 41.1912 0.163542
76 48.541 0.163934
77 43.8187 0.161654
78 62.1722 0.163803
79 64.364 0.16158
80 60.8623 0.165403
81 30.1494 0.162242
82 63.0558 0.163605
83 76.8985 0.166065
85 55.7761 0.162915
86 65.3235 0.162719
87 43.901 0.162599
88 52.2378 0.162534
89 45.0829 0.164207
90 47.3034 0.163129
91 57.907 0.162403
92 31.4426 0.16401
93 38.1059 0.16117
94 63.3674 0.16417
95 70.2683 0.16063
