0 22.8854 0.174171
1 -8.17214 0.175448
2 14.3093 0.17542
3 12.7197 0.173712
4 26.2349 0.174907
5 16.1192 0.173197
6 -6.41524 0.170408
7 37.5509 0.174832
8 9.22798 0.174228
9 33.1121 0.172706
10 8.76074 0.173765
11 14.261 0.173966
12 14.2187 0.174149
13 -1.17165 0.171702
14 -0.0338542 0.175542
15 8.23321 0.171876
16 25.9059 0.171263
17 21.4324 0.17145
18 13.3984 0.172115
19 39.2157 0.174369
20 -2.03582 0.173077
21 38.4287 0.173138
22 4.39579 0.17302
23 10.8991 0.17198
24 12.5168 0.173227
25 22.7453 0.174454
26 16.4223 0.173196
27 31.5373 0.169259
28 42.9351 0.172357
29 13.0073 0.170129
30 28.5808 0.173244
31 25.1945 0.165036
32 116.382 0.165792
33 77.9434 0.164273
34 80.1558 0.164538
35 80.9556 0.162197
36 114.64 0.165534
37 122.766 0.165171
38 78.7252 0.164398
39 77.0379 0.162946
40 88.6259 0.163663
41 93.5863 0.162624
42 77.8752 0.161396
43 94.3628 0.163715
44 98.7895 0.160561
45 85.6048 0.162312
46 98.6906 0.160365
47 86.038 0.162628
48 99.917 0.162515
49 106.122 0.161195
50 90.1775 0.162211
51 93.1887 0.163213
52 89.1756 0.162143
53 76.2445 0.16026
54 87.8939 0.163854
55 77.044 0.158704
56 95.7414 0.164226
57 97.2306 0.162634
58 84.5767 0.160319
59 96.9661 0.164638
60 72.7495 0.161573
61 86.9812 0.163532
62 108.744 0.162168
63 77.9889 0.159328
64 20.8188 0.181986
65 5.82635 0.179108
66 -3.40573 0.179339
67 27.5354 0.180384
68 -7.03394 0.178265
69 -1.20606 0.17813
70 6.86271 0.17849
71 18.7759 0.179162
72 5.83932 0.180535
73 -13.5067 0.175153
74 46.4333 0.179503
75 -21.8773 0.177502
76 6.27755 0.180178
77 13.4333 0.178335
78 14.5493 0.17643
79 -19.1701 0.177605
80 14.0688 0.182032
81 4.00351 0.176663
82 9.76501 0.176551
83 5.70783 0.177216
84 28.8766 0.178535
85 40.1287 0.179526
86 -4.23528 0.177579
87 -6.48527 0.178865
88 10.8888 0.174576
89 29.8258 0.17892
90 26.4591 0.177761
91 15.8577 0.17592
92 -1.09319 0.177591
93 8.36141 0.175853
94 39.1711 0.182368
95 39.7031 0.171644
