0 -1.44302 0.175712
1 21.6713 0.172704
2 -18.1283 0.172915
3 -7.77409 0.17221
4 16.3866 0.176097
5 -2.08494 0.172219
6 -18.3381 0.175366
7 27.6245 0.172454
8 10.7309 0.175964
9 6.30602 0.175284
10 -11.1443 0.169702
11 -1.2692 0.175174
12 -18.9316 0.173102
13 -20.1425 0.168111
14 10.8754 0.171298
15 -5.11098 0.172966
16 -16.2824 0.177584
17 -18.8035 0.174433
18 -2.27503 0.174228
19 -0.540859 0.174338
20 -0.0868548 0.174637
21 -11.8111 0.174095
22 -19.6426 0.171959
23 4.00298 0.173302
24 -20.6321 0.1755
25 -18.2 0.173377
26 -10.2051 0.174817
27 24.4813 0.172457
28 -29.8805 0.161282
29 6.57432 0.17282
30 -4.2086 0.173196
31 -19.1763 0.165724
32 -15.5857 0.176118
33 -28.5364 0.164234
34 -19.0129 0.17137
35 -26.0776 0.151307
36 -18.1576 0.168601
37 -36.9711 0.161045
38 2.19804 0.174212
39 -29.486 0.16703
40 -19.1357 0.172131
41 -22.4626 0.16526
42 -37.3635 0.167568
43 -18.9106 0.167409
44 -33.7942 0.164943
45 -17.0186 0.171917
46 -38.1947 0.159286
47 -24.714 0.163732
48 -11.5828 0.176383
49 -16.3187 0.176024
50 -18.586 0.170559
51 -51.8064 0.16919
52 -35.4135 0.166796
53 -35.9474 0.163846
54 -19.6347 0.169497
55 -19.2284 0.17009
56 -43.6305 0.17059
57 -44.4206 0.167666
58 -36.4072 0.165654
59 -17.9555 0.171347
60 -18.2503 0.172667
61 -19.602 0.144628
62 -11.8952 0.171358
63 -4.52008 0.169495
64 29.1698 0.173628
65 27.9889 0.168812
66 58.1575 0.172339
67 66.2288 0.168011
68 59.2231 0.168814
69 57.7291 0.172521
70 38.9906 0.17304
71 72.3187 0.16851
72 19.8889 0.169397
73 62.1341 0.169771
74 34.0811 0.170157
75 43.1252 0.166717
76 60.7373 0.169269
77 68.9795 0.167361
78 43.7837 0.168359
79 29.1642 0.171521
80 58.1786 0.168407
81 73.0871 0.169219
82 70.1621 0.169382
83 55.8706 0.168897
84 45.987 0.1678
85 30.0502 0.167127
86 58.5572 0.165779
87 43.6545 0.167651
88 32.4612 0.171647
89 50.5248 0.166961
90 39.4548 0.166506
91 47.4674 0.165793
92 33.4085 0.167951
93 60.1311 0.166144
94 60.1241 0.16843
95 46.6511 0.166844
