0 -6.14051 0.142457
1 35.9207 0.142034
2 67.0077 0.142224
3 22.8275 0.140477
4 56.5592 0.14008
5 66.96 0.144731
6 33.7877 0.141068
7 58.0079 0.140708
8 39.6909 0.145144
9 29.714 0.143619
10 38.3129 0.144149
11 63.5553 0.141972
12 59.5881 0.143068
13 46.5064 0.14193
14 20.4246 0.142195
15 19.8514 0.138182
16 31.1352 0.135053
17 56.8411 0.141398
18 20.3936 0.141005
19 36.2065 0.140071
20 49.1444 0.140261
21 49.9893 0.141844
22 35.9131 0.139206
23 36.8139 0.138504
24 78.7987 0.138353
25 54.2676 0.138779
26 39.2113 0.138313
27 43.4484 0.139762
28 66.8295 0.137832
29 25.8113 0.139209
30 51.7818 0.139059
31 40.6153 0.13628
32 -28.2564 0.142139
33 -16.7666 0.144915
34 -16.5478 0.141447
35 5.71062 0.144392
36 -12.4497 0.143183
37 4.52529 0.146756
38 -5.06808 0.143923
39 -1.39315 0.142915
40 3.28979 0.143147
41 4.17083 0.143033
42 -14.196 0.144151
43 -17.5894 0.144139
44 12.8815 0.145132
45 -6.16194 0.144771
46 -20.5086 0.142023
47 -18.9142 0.142001
48 -27.0575 0.143826
49 -25.8421 0.142475
50 -0.89574 0.143236
51 18.6295 0.145739
52 -29.2765 0.134335
53 2.95784 0.144497
54 4.61988 0.140468
55 -9.86239 0.142413
56 -31.3137 0.141275
57 -15.3766 0.144621
58 -7.2244 0.141979
59 -25.351 0.147466
60 -8.96128 0.141937
61 -5.71925 0.145249
62 8.52172 0.141237
63 -26.0563 0.1437
64 -3.78998 0.144152
65 -6.30279 0.141754
66 -15.5399 0.137473
67 -4.09923 0.139266
68 22.5641 0.139985
69 8.84879 0.140924
70 -10.2172 0.140829
71 20.2676 0.143037
72 -24.6736 0.132433
73 -7.65043 0.138231
74 -22.9673 0.140475
75 4.24985 0.139131
76 -10.5186 0.141267
77 17.9468 0.139792
78 23.9452 0.14249
79 -21.9441 0.136618
80 10.6242 0.138503
81 1.94208 0.136557
82 -17.2966 0.137361
83 20.8925 0.140512
84 0.274215 0.136088
85 -23.8809 0.136681
86 5.0894 0.135982
87 -2.69049 0.136773
88 -3.40531 0.139524
89 -4.05876 0.135613
90 -7.06268 0.139206
91 -15.0778 0.136558
92 -9.20983 0.138918
93 -23.1762 0.127056
94 0.767722 0.13674
95 -15.0938 0.136253
