0 50.4345 0.108361
1 37.0217 0.107542
2 33.6323 0.107465
3 56.9704 0.107342
4 44.0917 0.105538
5 37.4001 0.109505
6 28.4555 0.108167
7 59.8411 0.10686
8 51.177 0.107273
9 40.8749 0.107958
10 48.7315 0.10676
11 18.8875 0.105028
12 22.3856 0.107812
13 47.4201 0.108917
14 23.5932 0.104327
15 31.621 0.107038
16 62.8497 0.105903
17 70.4311 0.105163
18 34.9838 0.10657
19 10.7344 0.104885
20 19.2122 0.106658
21 38.4736 0.104492
22 77.0938 0.106332
23 46.8607 0.107027
24 44.1286 0.105662
25 58.0105 0.104066
26 47.0505 0.10513
27 42.337 0.105186
28 27.9618 0.103447
29 54.3601 0.105709
30 42.8059 0.101843
31 38.3489 0.102532
32 38.3156 0.108965
33 56.8196 0.108641
34 43.9964 0.106032
35 60.7515 0.107382
36 51.8272 0.108152
37 37.0387 0.108207
38 48.1075 0.108184
39 25.0987 0.105477
40 63.9399 0.109482
41 56.1633 0.105938
42 51.2577 0.10881
43 52.9845 0.11025
44 75.1773 0.109498
45 31.2375 0.108759
46 42.7871 0.107184
47 28.6303 0.106001
48 51.7072 0.108193
49 52.3208 0.107779
50 56.5992 0.108439
51 53.1043 0.106511
52 37.86 0.107019
53 37.5635 0.107028
54 36.2511 0.107129
55 35.2075 0.10923
56 76.0857 0.107825
57 23.6838 0.104339
58 36.309 0.10607
59 57.8011 0.106679
60 48.9416 0.108812
61 40.0472 0.106728
62 35.5732 0.105488
63 53.3332 0.104923
64 74.2719 0.114329
65 51.4108 0.112928
66 84.3044 0.11324
67 52.5058 0.112169
68 85.0307 0.112919
69 100.286 0.110759
70 10.4939 0.11169
71 62.4176 0.11379
72 96.2304 0.112371
73 75.066 0.112272
74 59.5169 0.111113
75 67.4634 0.113963
76 63.4236 0.112709
77 54.7803 0.112285
78 54.2676 0.113395
79 57.9217 0.110795
80 59.9325 0.112709
81 67.253 0.112694
82 50.0191 0.1122
83 80.6279 0.111774
84 73.1022 0.113525
85 33.7089 0.112077
86 58.2875 0.112196
87 70.0878 0.113002
88 41.3092 0.112673
89 82.647 0.113383
90 37.4725 0.113547
91 46.7209 0.112608
92 63.5976 0.113482
93 44.1487 0.111086
94 46.1553 0.109767
95 59.8013 0.108332
