0 -28.7512 0.109222
1 -45.9644 0.112509
2 -18.4953 0.10812
3 -44.1783 0.111362
4 -25.6717 0.10828
5 -16.5196 0.108684
6 -29.5084 0.104756
7 -23.0014 0.103382
8 -14.0905 0.113911
9 -19.0561 0.108783
10 -22.1566 0.104533
11 -11.3094 0.112012
12 -40.9095 0.109236
13 -40.536 0.108385
14 -4.1862 0.111006
15 -34.0654 0.104954
16 -30.9188 0.104263
17 -18.4231 0.105105
18 -42.449 0.108882
19 -46.0863 0.108424
20 -19.168 0.103722
21 -60.5397 0.107244
22 -16.1433 0.111713
23 -19.6203 0.107432
24 -16.8319 0.1058
25 1.16167 0.111303
26 -41.6297 0.100264
27 -23.2709 0.0968293
28 -18.0044 0.111869
29 -22.6791 0.0912412
30 -17.8849 0.106081
31 -24.2138 0.107805
32 -1.45251 0.11346
33 18.0151 0.112006
34 -6.85865 0.111405
35 6.26238 0.111365
36 40.8351 0.111894
37 -12.4916 0.112074
38 11.1446 0.112573
39 7.75777 0.108647
40 18.3158 0.114101
41 17.8865 0.111653
42 25.8043 0.114232
43 26.5936 0.112415
44 34.4158 0.109877
45 -14.6673 0.111936
46 -0.154697 0.110755
47 -7.83159 0.112823
48 14.0914 0.112381
49 11.0317 0.112116
50 18.1198 0.109498
51 17.8898 0.113861
52 21.2591 0.113316
53 20.0801 0.113221
54 31.8353 0.111551
55 -7.67748 0.111883
56 14.9103 0.110581
57 -18.1136 0.110817
58 -5.78225 0.111038
59 6.06083 0.110697
60 18.122 0.111666
61 -2.43362 0.110231
62 -5.17081 0.112077
63 7.95675 0.106507
64 -4.47795 0.110868
65 40.6255 0.1099
66 48.0138 0.111109
67 48.5892 0.110607
68 18.184 0.110037
69 13.6734 0.110359
70 14.4234 0.111413
71 0.320777 0.110286
72 33.1381 0.110182
73 11.341 0.108427
74 28.5437 0.11241
75 24.7786 0.111301
76 24.2047 0.110001
77 39.4254 0.109616
78 1.54996 0.107371
79 31.6512 0.107821
80 25.1691 0.108995
81 23.5329 0.109629
82 11.4049 0.110322
83 18.6031 0.109163
84 26.5978 0.111727
85 26.2708 0.1094
86 43.8462 0.110732
87 11.9814 0.110631
88 24.5381 0.109551
89 40.681 0.110224
90 29.4141 0.109472
91 17.2541 0.109821
92 15.1444 0.108182
93 10.9538 0.110501
94 0.112794 0.108937
95 35.4449 0.108814
