0 49.9074 0.112811
1 53.75 0.110822
2 68.608 0.110725
3 60.6845 0.112483
4 37.6767 0.111442
5 56.4629 0.111712
6 33.9805 0.109905
7 38.3824 0.10902
8 54.2359 0.111336
9 39.6307 0.109722
10 45.716 0.110114
11 51.0121 0.111787
12 50.8491 0.10792
13 49.1024 0.108964
14 68.1917 0.111343
15 39.9774 0.112016
16 51.2189 0.112936
17 55.6772 0.110957
18 76.377 0.110168
19 36.2539 0.108949
20 46.226 0.110104
21 47.0647 0.110787
22 59.7802 0.11028
23 43.6827 0.11066
24 33.2047 0.111707
25 45.2089 0.109628
26 45.8943 0.111845
27 51.349 0.109197
28 21.4506 0.109338
29 47.8412 0.109082
30 46.5346 0.113794
31 45.9462 0.107939
32 85.9813 0.110397
33 69.3645 0.107489
34 55.3619 0.105647
35 82.9929 0.105857
36 52.2771 0.106484
37 78.1649 0.106539
38 100.401 0.107951
39 88.3015 0.106043
40 87.9516 0.105958
41 68.4568 0.105513
42 68.0218 0.107088
43 71.311 0.105764
44 88.7567 0.108287
45 83.6532 0.106954
46 79.5004 0.107198
47 69.9657 0.106582
48 77.7275 0.106792
49 102.204 0.10663
50 62.9339 0.105069
51 92.39 0.106409
52 91.3015 0.1093
53 75.2533 0.104018
54 109.33 0.110316
55 79.5401 0.106833
56 92.9481 0.10639
57 72.9764 0.10552
58 56.6115 0.109164
59 58.9491 0.10551
60 62.1587 0.106629
61 61.5671 0.10508
62 74.7526 0.108317
63 79.0646 0.105793
64 -6.93976 0.115934
65 13.689 0.116427
66 -5.92624 0.113939
67 -8.2792 0.114488
68 7.13069 0.114175
69 -7.36027 0.112586
70 8.7766 0.113378
71 -20.9485 0.110563
72 12.5187 0.112701
73 -6.22102 0.114992
74 15.7136 0.114729
75 -21.5582 0.113798
76 -5.1452 0.114305
77 -2.40817 0.112459
78 -3.32945 0.112941
79 23.1981 0.113496
80 10.8386 0.114597
81 23.3744 0.114634
82 19.1624 0.113043
83 9.97675 0.115278
84 21.2098 0.116167
85 -22.7277 0.110089
86 4.35891 0.114015
87 11.6623 0.114623
88 2.5488 0.115291
89 5.34838 0.114562
90 9.60181 0.115652
91 -3.0615 0.114864
92 -10.0132 0.11317
93 11.9746 0.114585
94 20.3071 0.112237
95 -10.9291 0.112271
