0 -19.2559 0.104233
1 -12.6654 0.103229
2 -13.5523 0.105702
3 -15.7486 0.0836986
4 -19.1854 0.0768819
5 -15.0049 0.105773
6 -15.7413 0.107451
7 -15.2079 0.0741323
8 2.50599 0.115085
9 -4.85619 0.111561
10 -23.3482 0.0768355
11 -14.2302 0.0818697
12 -14.1855 0.0944519
13 -8.26843 0.110809
14 -13.4162 0.110909
15 -11.5408 0.0512151
16 -12.7299 0.097549
17 -15.3554 0.104904
18 -13.1894 0.0964016
19 -6.33758 0.111688
20 -17.8107 0.110122
21 -14.0025 0.101561
22 -17.7331 0.0884787
23 -16.8725 0.109852
24 -15.5406 0.0877529
25 -15.9586 0.0862838
26 -18.8921 0.076943
27 -5.61877 0.109652
28 -17.2094 0.0982421
29 -21.3064 0.0916606
30 -4.91169 0.11145
31 -23.0771 0.0760409
32 -13.7965 0.113021
33 -2.15727 0.11228
34 -12.1513 0.0961847
35 -13.2555 0.113113
36 -14.1483 0.108223
37 -14.8765 0.109802
38 -12.8723 0.111249
39 -14.7386 0.10655
40 -11.5824 0.111614
41 -14.2345 0.109468
42 7.0227 0.110281
43 -13.244 0.109921
44 13.0633 0.111812
45 -11.6322 0.11294
46 -13.861 0.112324
47 -13.8868 0.112048
48 -11.0484 0.109795
49 -6.84391 0.112673
50 -12.916 0.0803166
51 -0.406493 0.11232
52 -10.6828 0.113246
53 4.8346 0.111545
54 0.626155 0.112308
55 -15.6126 0.107063
56 6.59382 0.111596
57 -15.047 0.106741
58 -14.2974 0.103526
59 -15.9625 0.101542
60 -12.4971 0.110585
61 -15.6882 0.110039
62 3.06752 0.112193
63 -6.73272 0.109082
64 22.4607 0.113921
65 36.5402 0.113317
66 41.4612 0.1123
67 20.009 0.111613
68 40.3186 0.112399
69 57.7058 0.114374
70 50.9534 0.111879
71 29.9292 0.112814
72 17.2247 0.111032
73 38.7164 0.112945
74 54.1424 0.112086
75 36.133 0.112246
76 29.0516 0.111791
77 35.9634 0.111558
78 35.8012 0.112838
79 55.8452 0.111748
80 35.2573 0.112274
81 44.639 0.112409
82 34.0028 0.111152
83 57.9125 0.112835
84 48.19 0.113632
85 24.3691 0.111747
86 57.076 0.113197
87 33.5812 0.109723
88 34.6503 0.111624
89 42.8983 0.111177
90 35.5144 0.111043
91 47.6148 0.113313
92 38.6364 0.113483
93 49.2893 0.112542
94 38.3178 0.111305
95 -0.573521 0.109082
