0 55.1211 0.108832
1 50.1782 0.10847
2 68.7737 0.106818
3 33.5886 0.108223
4 58.8065 0.108112
5 45.7361 0.111477
6 52.3779 0.105769
7 50.2278 0.10778
8 54.8348 0.105952
9 45.0804 0.106467
10 60.6954 0.10665
11 52.6428 0.108473
12 52.8504 0.106165
13 52.7386 0.107506
14 67.8107 0.108491
15 27.8042 0.107069
16 25.7882 0.107123
17 64.177 0.106857
18 72.9384 0.106848
19 38.2674 0.107176
20 54.5678 0.104104
21 35.7455 0.104725
22 61.2301 0.10667
23 18.8809 0.104474
24 70.3665 0.10891
25 49.8096 0.104578
26 51.6625 0.105459
27 45.1265 0.102922
28 53.6812 0.104719
29 38.7392 0.105614
30 65.3168 0.106418
31 11.2813 0.101885
32 139.619 0.107581
33 104.591 0.107131
34 105.931 0.106707
35 120.262 0.105233
36 139.465 0.106803
37 138.893 0.104736
38 130.51 0.107023
39 110.026 0.105895
40 129 0.10607
41 140.313 0.105969
42 123.103 0.105044
43 124.196 0.104952
44 113.382 0.105728
45 112.318 0.10415
46 115.919 0.10409
47 114.65 0.107893
48 109.615 0.102893
49 136.941 0.103923
50 90.2549 0.103098
51 117.872 0.103721
52 117.307 0.104928
53 120.922 0.100494
54 92.5842 0.100004
55 117.847 0.105888
56 132.346 0.104568
57 140.567 0.103321
58 128.638 0.106527
59 121.726 0.103825
60 121.159 0.106754
61 123.122 0.106995
62 97.8172 0.10394
63 124.418 0.103508
64 40.8385 0.111258
65 29.1119 0.111951
66 15.1664 0.111641
67 20.5474 0.111429
68 19.7721 0.110484
69 33.3317 0.114028
70 -5.84558 0.111469
71 54.2413 0.112614
72 -10.1787 0.11268
73 50.656 0.115559
74 19.0756 0.110861
75 13.6525 0.112016
76 23.9471 0.113173
77 16.5733 0.111835
78 13.6637 0.112921
79 22.1938 0.112266
80 51.5997 0.11276
81 21.7655 0.111013
82 16.1451 0.11511
83 50.3937 0.112838
84 61.5483 0.112107
85 7.07453 0.110402
86 27.2831 0.112155
87 2.09965 0.112785
88 17.6049 0.112947
89 -10.2627 0.110912
90 4.49578 0.109548
91 17.7593 0.107702
92 -11.6162 0.113349
93 24.8188 0.113725
94 1.24273 0.112906
95 23.6813 0.110425
