0 -1.88249 0.140555
1 -16.7932 0.140192
2 -3.98927 0.138964
3 -16.5882 0.138008
4 -32.1383 0.139283
5 -22.2958 0.139758
6 -21.5544 0.140051
7 -8.15174 0.140991
8 10.11 0.142089
9 -6.17769 0.139353
10 -11.9024 0.143118
11 2.82466 0.142918
12 10.2909 0.140441
13 5.4046 0.13912
14 -20.1801 0.140888
15 -12.7057 0.142392
16 1.84711 0.141164
17 -16.6597 0.139791
18 -19.57 0.142537
19 -14.3189 0.143818
20 -22.8202 0.139664
21 12.2901 0.138393
22 -23.9729 0.141605
23 -15.4456 0.139588
24 -35.9216 0.13914
25 -0.882444 0.140104
26 -16.1174 0.142951
27 -18.5483 0.14128
28 -16.5084 0.142645
29 -20.2058 0.140977
30 -36.301 0.136471
31 -10.236 0.144125
32 44.4416 0.142886
33 21.723 0.139195
34 14.6187 0.138814
35 14.8209 0.138769
36 4.05059 0.138794
37 21.6625 0.13821
38 18.7067 0.139971
39 -2.76451 0.140247
40 39.1229 0.139963
41 23.7741 0.141957
42 28.3241 0.142446
43 14.613 0.140633
44 -18.6905 0.138675
45 23.5196 0.140113
46 6.36604 0.135466
47 17.2682 0.139273
48 -10.9328 0.139078
49 26.8607 0.138466
50 -0.6524 0.140582
51 19.4395 0.138795
52 3.97657 0.136039
53 10.3641 0.139963
54 25.7055 0.137928
55 14.5001 0.139142
56 9.05131 0.139111
57 5.47137 0.138304
58 2.20386 0.137572
59 15.2153 0.140271
60 3.9627 0.138278
61 -15.0875 0.136081
62 -6.18767 0.140269
63 4.77712 0.14002
64 -21.8363 0.0974311
65 -13.2372 0.141746
66 -23.2739 0.142637
67 -26.5093 0.136267
68 -22.8102 0.1427
69 -24.4129 0.136482
70 -8.66329 0.135789
71 -24.9392 0.142457
72 -23.9288 0.139798
73 -26.141 0.136982
74 -23.7587 0.14203
75 -9.63575 0.14128
76 -32.949 0.124382
77 -25.8895 0.141677
78 -27.5656 0.140418
79 -24.3486 0.125545
80 -22.7493 0.125516
81 -27.7 0.13973
82 -25.865 0.13551
83 -25.766 0.131113
84 -22.603 0.118698
85 -21.2789 0.136782
86 -23.5043 0.13398
87 -26.3808 0.138811
88 -22.0885 0.125406
89 0.588525 0.139529
90 -5.72635 0.136866
91 -21.1116 0.116817
92 -28.712 0.115594
93 -19.6944 0.136905
94 -27.9448 0.133527
95 -24.9003 0.129955
