0 -83.1585 0.110069
1 -42.5804 0.090061
2 -66.6215 0.109532
3 -67.4736 0.106216
4 -59.8316 0.108858
5 -76.7446 0.109357
6 -73.7205 0.109609
7 -57.5214 0.108214
8 -78.0072 0.111002
9 -65.8671 0.108369
10 -49.1942 0.112367
11 -61.6747 0.107132
12 -62.148 0.108569
13 -74.7974 0.108453
14 -78.1191 0.109821
15 -50.4664 0.110309
16 -72.0271 0.110699
17 -74.9243 0.107219
18 -88.7485 0.112176
19 -63.3461 0.106721
20 -62.0695 0.109318
21 -90.5857 0.102563
22 -70.3878 0.111179
23 -72.54 0.106733
24 -68.7166 0.110332
25 -80.7019 0.111365
26 -52.3251 0.112598
27 -62.6662 0.107623
28 -67.7179 0.111968
29 -55.9951 0.113438
30 -62.978 0.110503
31 -80.9737 0.105773
32 34.5663 0.112475
33 39.1673 0.111717
34 7.78317 0.113301
35 16.2088 0.11238
36 36.9287 0.112508
37 21.0677 0.112309
38 54.5136 0.11205
39 24.2424 0.111155
40 31.6697 0.112562
41 33.5805 0.110523
42 49.8231 0.111534
43 40.1033 0.109514
44 41.4978 0.112301
45 31.9852 0.111393
46 40.0369 0.110508
47 24.8594 0.112273
48 42.2795 0.112
49 30.0436 0.110614
50 36.3483 0.113249
51 48.7026 0.112575
52 21.7922 0.113135
53 38.0839 0.113587
54 44.7885 0.111462
55 52.3974 0.113177
56 23.7743 0.113462
57 18.7761 0.110702
58 26.5168 0.110971
59 4.79923 0.110681
60 13.1272 0.111407
61 28.5483 0.107979
62 29.0929 0.109901
63 41.7403 0.107374
64 13.6911 0.113292
65 20.14 0.111293
66 14.4336 0.109172
67 15.2224 0.110418
68 47.2642 0.112396
69 11.8305 0.112212
70 0.600122 0.110805
71 36.5201 0.113046
72 -7.65751 0.110213
73 13.8053 0.110612
74 15.6315 0.109166
75 19.7738 0.113123
76 45.443 0.110655
77 12.6233 0.109921
78 14.5758 0.109652
79 -4.5782 0.111534
80 23.0607 0.109693
81 6.46948 0.111643
82 33.9088 0.109305
83 18.1947 0.110602
84 7.27906 0.109837
85 31.4109 0.110414
86 36.2939 0.112374
87 -3.49186 0.110521
88 26.6124 0.111102
89 16.4204 0.111927
90 12.4512 0.110369
91 7.02836 0.110059
92 2.44833 0.110782
93 14.996 0.110599
94 8.42978 0.110595
95 8.42523 0.106383
