0 -14.6515 0.174532
1 11.3491 0.172632
2 15.2184 0.169557
3 -13.3503 0.172353
4 -5.20465 0.17141
5 -18.7593 0.173654
6 -2.99565 0.173762
7 16.261 0.172919
8 23.9799 0.174018
9 14.1588 0.172493
10 6.09787 0.172725
11 6.90925 0.17097
12 5.21576 0.174842
13 -12.8007 0.170947
14 -8.37636 0.170854
15 -1.90952 0.170355
16 4.39256 0.172643
17 -20.1708 0.169227
18 1.62268 0.170277
19 6.64816 0.173075
20 15.5558 0.172465
21 0.530673 0.169459
22 -10.3246 0.172845
23 3.60404 0.170523
24 10.8815 0.170684
25 -4.57475 0.170678
26 16.1297 0.17027
27 -18.9744 0.170825
28 13.569 0.175167
29 -19.8807 0.158812
30 25.217 0.170502
31 -29.9098 0.160144
32 10.5307 0.174632
33 35.7373 0.172208
34 12.3686 0.16898
35 23.3872 0.172235
36 21.8974 0.175617
37 10.2212 0.17293
38 12.682 0.17343
39 9.67629 0.169769
40 25.6782 0.171814
41 8.98997 0.169342
42 27.7 0.172358
43 2.36489 0.171329
44 7.6167 0.172539
45 30.9975 0.169196
46 22.0714 0.169952
47 8.65318 0.169238
48 27.411 0.171016
49 41.469 0.174451
50 28.3109 0.173564
51 6.0278 0.170494
52 1.34577 0.170711
53 9.35288 0.169208
54 20.0793 0.169831
55 10.2663 0.170522
56 4.71103 0.168224
57 -8.95058 0.167769
58 7.73503 0.171059
59 26.2084 0.169455
60 32.7517 0.166953
61 6.14198 0.17372
62 8.36771 0.169604
63 -6.51725 0.171159
64 61.6248 0.167019
65 51.8294 0.165633
66 62.5463 0.162101
67 77.0655 0.164091
68 107.717 0.166903
69 57.5994 0.166303
70 59.9114 0.166481
71 63.9854 0.166524
72 63.8219 0.164061
73 58.1601 0.164872
74 46.9593 0.164285
75 52.4604 0.164836
76 73.5841 0.166886
77 37.3636 0.164354
78 42.667 0.165094
79 50.9589 0.163379
80 47.6902 0.166903
81 62.7656 0.165668
82 60.2793 0.163109
83 67.2511 0.161409
84 80.2447 0.165648
85 53.5805 0.161688
86 70.1698 0.161962
87 48.6612 0.162575
88 26.726 0.163552
89 69.8306 0.162578
90 71.5272 0.166276
91 69.7384 0.16499
92 64.32 0.164348
93 57.4174 0.165274
94 77.0325 0.164866
95 54.4489 0.161972
