0 55.8021 0.111517
1 46.4251 0.108906
2 28.2905 0.106034
3 56.3047 0.108538
4 67.7566 0.110279
5 57.5865 0.10711
6 48.3513 0.109303
7 50.7923 0.106753
8 44.0843 0.108129
9 46.5588 0.1049
10 26.3244 0.106308
11 47.0955 0.10573
12 50.6931 0.107862
13 77.7366 0.108855
14 42.601 0.107344
15 55.9172 0.106237
16 76.3166 0.108789
17 64.6293 0.107964
18 52.0193 0.109306
19 77.5327 0.108821
20 54.6018 0.109342
21 94.4781 0.10826
22 59.6927 0.108841
23 67.8618 0.108196
24 45.0276 0.108818
25 59.9015 0.108831
26 31.1943 0.107261
27 41.0079 0.106252
28 48.8066 0.107477
29 38.2984 0.107476
30 36.4505 0.109845
31 84.7173 0.105635
32 -21.4611 0.113029
33 0.525822 0.112756
34 12.7693 0.111163
35 -21.7749 0.108354
36 -7.07234 0.113318
37 -5.47399 0.113964
38 3.61902 0.113772
39 -2.85852 0.111477
40 -27.5383 0.109926
41 1.53182 0.113675
42 -36.99 0.108063
43 -6.42306 0.112338
44 -34.0969 0.109365
45 -15.596 0.110936
46 -15.0003 0.115647
47 0.816074 0.112972
48 -14.9934 0.114049
49 15.4738 0.113099
50 17.2785 0.113017
51 -10.1125 0.114421
52 1.56654 0.113291
53 -18.0826 0.11329
54 14.5256 0.11571
55 -7.67086 0.114567
56 -7.58946 0.115059
57 -15.8753 0.114249
58 -8.61754 0.110356
59 8.4949 0.112951
60 9.59204 0.110284
61 -25.1014 0.107832
62 1.87069 0.114001
63 -4.02047 0.11132
64 80.3432 0.108011
65 83.7335 0.106132
66 55.838 0.106069
67 73.5699 0.105334
68 93.2608 0.108299
69 64.1543 0.107591
70 89.189 0.108143
71 83.6652 0.108253
72 70.3913 0.107746
73 77.6478 0.107201
74 104.788 0.108763
75 72.5036 0.109453
76 85.1038 0.105778
77 77.7899 0.108754
78 71.1598 0.105366
79 78.0551 0.10802
80 83.0305 0.106586
81 101.372 0.106394
82 73.6857 0.107406
83 49.9127 0.10751
84 48.4198 0.107489
85 95.9805 0.106237
86 66.6994 0.105865
87 79.1411 0.106326
88 46.6778 0.105781
89 71.859 0.10854
90 57.341 0.106665
91 67.7301 0.107882
92 58.1467 0.106193
93 59.7161 0.104291
94 75.6795 0.106331
95 87.3016 0.105087
