0 14.3681 0.109801
1 13.0968 0.106987
2 -9.10665 0.108879
3 -5.94991 0.107222
4 -10.0853 0.108201
5 34.2426 0.112294
6 -1.36019 0.112007
7 4.70689 0.111902
8 2.68667 0.108611
9 36.0292 0.109174
10 20.4954 0.111191
11 22.5862 0.109953
12 13.7784 0.106581
13 3.45473 0.106739
14 41.3054 0.109295
15 -2.37308 0.108867
16 13.4837 0.108151
17 22.6008 0.110037
18 35.4913 0.108673
19 31.5007 0.110604
20 0.143183 0.107234
21 14.2026 0.107923
22 38.4795 0.110708
23 -3.40595 0.107963
24 26.3743 0.109137
25 8.13454 0.105073
26 20.0562 0.10928
27 25.8633 0.108272
28 22.5934 0.10664
29 18.3836 0.105516
30 20.7287 0.105068
31 13.5174 0.106789
32 42.0291 0.110226
33 60.3216 0.108808
34 29.1552 0.108936
35 41.7122 0.108457
36 23.442 0.106686
37 31.1693 0.10694
38 37.9504 0.109374
39 40.5719 0.107737
40 45.9277 0.109732
41 51.0286 0.110623
42 44.1455 0.10805
43 45.1367 0.110808
44 62.1491 0.110541
45 39.1355 0.108919
46 51.7727 0.107946
47 48.3642 0.108871
48 57.7295 0.109551
49 57.8093 0.109895
50 46.3997 0.109034
51 62.0959 0.108732
52 55.2597 0.110146
53 40.9381 0.107006
54 47.0247 0.107072
55 35.3988 0.109002
56 38.4921 0.110253
57 33.2099 0.106493
58 69.7403 0.111672
59 44.1052 0.107375
60 33.5507 0.108084
61 54.61 0.108275
62 42.6546 0.108213
63 46.2158 0.106662
64 30.8041 0.113473
65 19.0431 0.111082
66 64.0753 0.10986
67 53.5016 0.111344
68 39.5561 0.11447
69 43.3979 0.114567
70 21.2909 0.111656
71 45.8598 0.112968
72 61.1295 0.111666
73 21.6354 0.111715
74 58.2319 0.111257
75 54.3494 0.112832
76 36.4961 0.11051
77 16.2963 0.111962
78 54.0435 0.111717
79 52.255 0.112044
80 46.8848 0.112797
81 50.9889 0.111999
82 54.0243 0.112875
83 49.3818 0.112715
84 45.4028 0.112134
85 19.861 0.11145
86 51.9639 0.11235
87 17.1856 0.10911
88 36.5354 0.112173
89 35.0601 0.112878
90 43.8724 0.114773
91 49.1973 0.112576
92 54.2441 0.111199
93 37.4373 0.110315
94 55.9026 0.109871
95 39.6594 0.11027
