0 -10.3763 0.112021
1 10.9563 0.111899
2 1.22273 0.109382
3 -5.06976 0.110651
4 12.1067 0.109571
5 0.548304 0.110155
6 -1.96576 0.109421
7 12.2718 0.10828
8 -10.0628 0.10672
9 -4.55881 0.108744
10 -11.1368 0.109709
11 24.5377 0.106786
12 11.4554 0.110728
13 -1.92165 0.110406
14 -0.129097 0.108785
15 -10.0462 0.107239
16 -5.21997 0.109318
17 36.5047 0.109539
18 -12.4017 0.110209
19 9.67144 0.106548
20 -7.766 0.108751
21 19.0656 0.108994
22 -15.6269 0.109156
23 -0.763462 0.107935
24 -0.799417 0.109332
25 25.7541 0.110048
26 -0.531328 0.107586
27 -10.4325 0.107275
28 -12.2921 0.109066
29 18.2837 0.108665
30 -5.08298 0.105487
31 -16.0376 0.104475
32 68.3205 0.108469
33 84.5495 0.108738
34 67.8009 0.106298
35 96.8509 0.108079
36 84.7937 0.10667
37 97.6169 0.10595
38 78.0298 0.105805
39 96.7569 0.105855
40 81.2703 0.105431
41 93.3681 0.107542
42 92.3747 0.105583
43 76.2606 0.10802
44 69.4041 0.105397
45 80.1573 0.108031
46 122.421 0.107722
47 75.8037 0.105563
48 102.275 0.10747
49 78.12 0.106688
50 78.5031 0.1068
51 81.8893 0.105347
52 72.8482 0.106991
53 88.4078 0.107246
54 58.4732 0.105797
55 67.1114 0.104068
56 97.2196 0.106006
57 94.3196 0.105326
58 56.4445 0.107121
59 84.7123 0.105537
60 57.2778 0.107195
61 48.6172 0.102628
62 86.9172 0.107616
63 68.1211 0.1015
64 -4.93525 0.113489
65 -5.53499 0.113454
66 1.89254 0.112086
67 31.0495 0.113828
68 24.999 0.114327
69 9.88481 0.111543
70 -5.03268 0.114921
71 3.53841 0.113105
72 11.4778 0.113338
73 7.90784 0.11308
74 14.8049 0.110054
75 14.3672 0.112218
76 32.478 0.11558
77 24.4686 0.110463
78 29.8705 0.112409
79 11.5147 0.111531
80 -17.0954 0.107
81 18.0968 0.11176
82 15.0312 0.113226
83 -2.87213 0.113068
84 -14.5008 0.112631
85 12.4346 0.112342
86 -3.47738 0.111059
87 19.374 0.112418
88 -5.85147 0.110795
89 -0.0367283 0.109539
90 4.46259 0.112361
91 -1.74525 0.111594
92 5.009 0.111602
93 14.6348 0.111804
94 5.42001 0.111504
95 10.9888 0.108775
