0 54.2034 0.115118
1 33.3933 0.112354
2 44.3799 0.11097
3 56.7846 0.113048
4 30.0695 0.109477
5 39.9183 0.109882
6 87.1916 0.1125
7 68.0527 0.111751
8 54.2272 0.107198
9 56.5678 0.109994
10 64.2889 0.111046
11 53.965 0.110191
12 50.8034 0.110817
13 37.8115 0.109822
14 69.8977 0.111419
15 48.7994 0.111142
16 41.3996 0.111162
17 27.3113 0.10951
18 36.0282 0.108589
19 86.2206 0.11057
20 58.0046 0.110108
21 58.4052 0.108968
22 34.9227 0.111556
23 52.7302 0.109967
24 48.6602 0.109961
25 43.0419 0.106354
26 28.0573 0.108963
27 58.2068 0.106711
28 43.468 0.107823
29 48.387 0.106457
30 39.9254 0.10746
31 62.662 0.10952
32 -25.998 0.10593
33 -14.8029 0.103281
34 -14.8757 0.106047
35 -9.28172 0.111329
36 -16.1474 0.111003
37 -27.879 0.109367
38 -15.0549 0.107211
39 -8.39864 0.113313
40 -15.3692 0.11252
41 -11.6781 0.110386
42 -6.97481 0.111736
43 -10.648 0.112357
44 4.66425 0.113317
45 -3.81066 0.111914
46 2.67268 0.113065
47 -16.2785 0.110464
48 -17.1174 0.112126
49 -14.8967 0.109238
50 -6.18112 0.111627
51 -17.1114 0.102514
52 -16.1353 0.101712
53 21.7911 0.110654
54 -7.9555 0.111219
55 -32.0298 0.10865
56 -16.4379 0.109135
57 14.3693 0.110366
58 -9.4526 0.110183
59 -15.8015 0.109613
60 11.7078 0.110948
61 -3.52387 0.10927
62 -17.2718 0.110068
63 -13.4637 0.107256
64 35.0551 0.113179
65 29.5611 0.113088
66 66.1443 0.113156
67 22.8352 0.112261
68 60.3281 0.113061
69 46.8254 0.111355
70 51.031 0.112281
71 34.7486 0.110302
72 35.4855 0.113467
73 30.9075 0.111696
74 46.0419 0.114784
75 27.6964 0.112094
76 42.5852 0.111555
77 21.6409 0.113681
78 23.1762 0.111564
79 47.5458 0.112753
80 52.5171 0.112404
81 28.2623 0.114108
82 28.2623 0.114108
83 66.6215 0.113631
84 27.8106 0.111327
85 14.9692 0.112378
86 23.5451 0.110526
87 32.3471 0.112365
88 42.9417 0.114455
89 54.8869 0.112432
90 45.9366 0.113157
91 28.721 0.112219
92 13.7091 0.11207
93 30.1698 0.111532
94 27.1661 0.110773
95 27.3076 0.109618
