0 28.4231 0.114461
1 3.10114 0.112265
2 31.7792 0.110487
3 -1.48724 0.112106
4 -5.58178 0.112566
5 -15.9777 0.111968
6 13.6971 0.111001
7 6.16386 0.11363
8 -23.1218 0.112232
9 23.7312 0.111503
10 -17.0745 0.109981
11 13.745 0.111149
12 17.7961 0.113421
13 12.5668 0.112135
14 -2.69032 0.111588
15 21.8652 0.112599
16 -2.27529 0.109392
17 17.0451 0.11083
18 0.64515 0.111651
19 20.9641 0.11372
20 21.6656 0.109754
21 15.0957 0.112005
22 18.1909 0.114008
23 3.71736 0.109526
24 -17.9004 0.110542
25 19.2424 0.11405
26 1.83373 0.113469
27 12.3638 0.109616
28 -24.8158 0.112334
29 -17.1706 0.112252
30 -17.0692 0.10839
31 -23.5769 0.101829
32 75.2584 0.11115
33 43.4333 0.104573
34 56.3414 0.104514
35 63.5538 0.105528
36 67.5553 0.106047
37 58.1913 0.10694
38 58.8517 0.103265
39 41.4622 0.103809
40 43.4249 0.106169
41 58.9006 0.104701
42 53.5809 0.105446
43 79.1949 0.104599
44 67.3019 0.103352
45 60.5546 0.106293
46 70.8317 0.104998
47 77.0278 0.105073
48 32.6605 0.102685
49 69.264 0.104984
50 65.6826 0.105554
51 75.0994 0.105839
52 42.3703 0.102697
53 59.9366 0.104511
54 62.4266 0.103267
55 51.7671 0.105214
56 69.7014 0.106304
57 92.3237 0.105917
58 62.3547 0.103009
59 62.3417 0.101476
60 60.7453 0.103652
61 81.0121 0.105455
62 62.2988 0.104293
63 41.3138 0.103053
64 89.6109 0.108009
65 100.22 0.105865
66 82.2429 0.105433
67 91.8546 0.108761
68 93.3148 0.106069
69 87.9452 0.106757
70 86.7996 0.106186
71 102.797 0.106713
72 75.8927 0.107065
73 98.0019 0.105688
74 91.6257 0.105787
75 98.053 0.106987
76 104.981 0.105465
77 112.509 0.106313
78 103.639 0.108277
79 97.73 0.107936
80 78.4016 0.105939
81 93.161 0.108702
82 89.2464 0.106353
83 100.658 0.107111
84 110.916 0.106317
85 95.5776 0.107914
86 121.046 0.107896
87 95.859 0.107353
88 103.243 0.107173
89 73.8166 0.105656
90 88.7383 0.106684
91 96.6293 0.109378
92 102.958 0.107293
93 78.316 0.106179
94 88.3939 0.107269
95 105.541 0.104329
