0 -23.0781 0.114289
1 -20.0728 0.108579
2 -17.492 0.112325
3 -41.0078 0.112325
4 -13.4274 0.113224
5 -3.93205 0.112286
6 -6.86992 0.113611
7 -34.5844 0.108754
8 -8.22774 0.112513
9 -5.61872 0.110215
10 10.5735 0.110853
11 -6.26138 0.110228
12 -15.4706 0.113724
13 -2.11325 0.110675
14 -19.3038 0.111144
15 -18.7443 0.107375
16 -19.764 0.110106
17 -7.98343 0.110509
18 -17.8704 0.107566
19 -16.5477 0.111226
20 -22.7996 0.102816
21 -18.8693 0.0996687
22 -19.0984 0.106005
23 -20.9725 0.103093
24 -23.5163 0.0979434
25 -21.5069 0.101383
26 -1.84621 0.11257
27 -15.0749 0.111046
28 -6.32556 0.110431
29 -19.8695 0.108833
30 -22.6024 0.0985357
31 -16.7866 0.111615
32 -7.90481 0.11128
33 -16.7758 0.099885
34 -4.63427 0.110027
35 -13.3691 0.11046
36 5.27968 0.109829
37 -16.4591 0.10667
38 21.8474 0.110927
39 -3.59232 0.109496
40 3.66315 0.110562
41 -17.6079 0.10775
42 -15.2343 0.109024
43 -11.7867 0.108967
44 -17.1185 0.101835
45 -13.5938 0.108766
46 -18.23 0.105587
47 6.9845 0.10992
48 -7.78759 0.110154
49 10.6374 0.110962
50 -19.6532 0.0987459
51 -8.88635 0.108995
52 -0.250756 0.108824
53 -20.4477 0.0966884
54 -14.4661 0.108169
55 -24.7405 0.103774
56 -15.7459 0.110176
57 2.23338 0.10894
58 -5.62779 0.112572
59 -14.4016 0.100943
60 -0.164094 0.109386
61 7.13262 0.108819
62 -17.6539 0.107562
63 -11.4109 0.106456
64 13.8887 0.113819
65 27.4069 0.112679
66 32.7337 0.11034
67 22.9038 0.113
68 36.0676 0.112568
69 49.8093 0.11157
70 14.9857 0.113989
71 42.9197 0.111627
72 30.8963 0.112875
73 17.4802 0.110674
74 21.8713 0.113
75 37.5305 0.113979
76 38.2621 0.112924
77 18.1259 0.11111
78 58.3562 0.113157
79 29.9061 0.112704
80 43.1435 0.113813
81 33.5399 0.112053
82 59.3601 0.114583
83 43.2486 0.113894
84 22.3992 0.113886
85 16.1892 0.112592
86 12.934 0.112014
87 57.933 0.114413
88 27.7971 0.111694
89 19.5473 0.112915
90 29.3204 0.114363
91 29.5687 0.114326
92 15.8483 0.113482
93 33.5683 0.112816
94 24.5876 0.111716
95 33.1197 0.108474
