0 -11.5419 0.212462
1 -30.9011 0.214215
2 -16.2496 0.210662
3 -31.9661 0.211997
4 -52.2496 0.215733
5 -41.2033 0.214339
6 -38.4669 0.214965
7 -18.4561 0.212252
8 1.0629 0.212982
9 -18.8121 0.211211
10 -21.1395 0.213887
11 -4.70469 0.212838
12 1.28684 0.209842
13 -3.62624 0.209957
14 -28.7427 0.211971
15 -19.5803 0.213322
16 -4.73605 0.212138
17 -26.2141 0.209929
18 -29.597 0.215348
19 -21.3244 0.217562
20 -33.531 0.212884
21 7.19908 0.206724
22 -28.9193 0.211535
23 -25.0283 0.213008
24 -50.885 0.215668
25 -5.3606 0.209177
26 -19.6956 0.214279
27 -23.0903 0.211179
28 -20.1194 0.212254
29 -24.5097 0.210908
30 -51.227 0.211647
31 -16.2675 0.216134
32 43.0954 0.212797
33 15.7168 0.211823
34 9.98736 0.209121
35 9.3244 0.208389
36 0.616395 0.208848
37 16.5843 0.207039
38 14.0639 0.20834
39 -8.85623 0.211174
40 34.373 0.2098
41 20.8296 0.211156
42 25.5077 0.21232
43 10.6488 0.210976
44 -25.1306 0.210352
45 18.8714 0.210227
46 2.41779 0.204588
47 13.4689 0.207974
48 -13.3133 0.208192
49 24.5018 0.206737
50 -1.07029 0.209323
51 17.1631 0.208185
52 2.22841 0.204078
53 10.2058 0.209571
54 26.7986 0.205473
55 15.2632 0.208916
56 7.19994 0.209063
57 4.21066 0.207417
58 1.32378 0.207716
59 16.1754 0.210088
60 4.84139 0.205826
61 -16.8291 0.205518
62 -6.04613 0.207568
63 5.98831 0.209033
64 -35.2497 0.191364
65 -25.6843 0.216789
66 -38.4345 0.218902
67 -39.738 0.211381
68 -40.4363 0.220791
69 -40.9428 0.215422
70 -28.6113 0.212969
71 -40.9974 0.220353
72 -38.2262 0.214968
73 -40.0357 0.21216
74 -40.3859 0.219052
75 -18.3782 0.214753
76 -37.0209 0.19536
77 -41.85 0.220286
78 -41.8648 0.217784
79 -39.4425 0.205299
80 -38.7706 0.208142
81 -40.2897 0.217032
82 -40.8368 0.214328
83 -38.455 0.208446
84 -36.4775 0.196746
85 -39.5021 0.217302
86 -38.0963 0.211121
87 -41.5933 0.218922
88 -39.4487 0.208054
89 -7.20162 0.215672
90 -20.2734 0.214991
91 -37.4304 0.198283
92 -37.1636 0.192907
93 -38.738 0.219932
94 -40.8945 0.213286
95 -37.118 0.20193
