0 -49.7298 0.191832
1 -33.5852 0.186143
2 -29.2725 0.189296
3 -55.5913 0.189292
4 -66.1634 0.188848
5 -33.0013 0.188882
6 -33.7475 0.187455
7 -55.8807 0.184599
8 -8.70285 0.193901
9 -20.5213 0.188817
10 -70.0753 0.187285
11 -43.6181 0.187299
12 -36.2463 0.184321
13 -28.8551 0.193238
14 -29.2465 0.191495
15 -63.9507 0.186591
16 -34.8668 0.186414
17 -33.0121 0.185059
18 -36.4711 0.185654
19 -21.24 0.193904
20 -29.058 0.190217
21 -36.0602 0.186607
22 -37.295 0.176429
23 -28.6161 0.189841
24 -41.4904 0.185462
25 -39.5693 0.184188
26 -54.6515 0.185617
27 -16.7899 0.188178
28 -31.758 0.183211
29 -53.7979 0.187563
30 -15.2687 0.189589
31 -62.7059 0.186295
32 -25.5337 0.190863
33 -13.4839 0.188632
34 -29.334 0.178573
35 -22.227 0.191881
36 -23.8853 0.184052
37 -22.7029 0.185443
38 -28.2529 0.188943
39 -24.016 0.181117
40 -20.5546 0.187712
41 -26.0313 0.184745
42 -0.620436 0.182112
43 -25.098 0.18617
44 6.1479 0.185886
45 -27.2747 0.190836
46 -25.562 0.189135
47 -24.9605 0.18842
48 -23.3203 0.185371
49 -20.0843 0.191218
50 -33.0154 0.172386
51 -9.0019 0.187165
52 -24.9095 0.192375
53 -2.15923 0.185439
54 -6.76786 0.186713
55 -26.7977 0.18408
56 3.96026 0.184013
57 -25.1016 0.182298
58 -25.8645 0.180095
59 -29.8288 0.180444
60 -21.195 0.186338
61 -25.4128 0.185681
62 -1.60844 0.183688
63 -13.8544 0.183392
64 15.6952 0.189959
65 29.1023 0.190238
66 31.4377 0.188226
67 10.622 0.188153
68 34.2107 0.188882
69 48.8645 0.191503
70 43.0324 0.183439
71 21.4811 0.189249
72 8.29501 0.186183
73 28.4305 0.189531
74 46.0546 0.187365
75 29.2278 0.186004
76 23.2465 0.186697
77 27.285 0.186017
78 28.8699 0.187754
79 49.7172 0.186482
80 28.8842 0.184439
81 34.3763 0.187443
82 24.0215 0.186657
83 52.2729 0.187362
84 43.9129 0.186886
85 17.7165 0.186246
86 52.6158 0.187288
87 27.0805 0.182677
88 27.9456 0.186512
89 34.7037 0.186952
90 28.0451 0.186563
91 43.9325 0.187344
92 33.7544 0.188295
93 40.9077 0.188002
94 32.8504 0.184597
95 -5.36635 0.180538
