0 -2.38566 0.246246
1 19.6822 0.243197
2 -17.7571 0.244251
3 -9.31035 0.243276
4 14.4995 0.24783
5 -0.649233 0.240381
6 -22.2167 0.248052
7 28.4268 0.241103
8 9.60178 0.196511
9 4.29339 0.246267
10 -10.9575 0.239332
11 -1.44611 0.246276
12 -20.4196 0.244163
13 -26.8353 0.239855
14 10.7728 0.239836
15 -1.72476 0.240451
16 -14.4417 0.248787
17 -17.4738 0.243087
18 0.423697 0.244094
19 4.77565 0.24219
20 2.25305 0.244937
21 -10.2231 0.243278
22 -19.9327 0.243046
23 8.19606 0.242859
24 -17.638 0.246469
25 -15.7608 0.243766
26 -4.61881 0.24308
27 27.646 0.242017
28 -44.8116 0.240157
29 8.85992 0.239611
30 -0.700128 0.240561
31 -20.1237 0.23432
32 -16.3256 0.247102
33 -42.5748 0.24267
34 -23.0346 0.24287
35 -57.6018 0.243919
36 -28.583 0.245948
37 -51.5389 0.238964
38 6.14216 0.242996
39 -40.9814 0.245512
40 -23.3334 0.245018
41 -35.4352 0.243144
42 -48.2757 0.244497
43 -25.9429 0.241298
44 -44.0816 0.242852
45 -15.9234 0.24192
46 -54.9016 0.239122
47 -36.71 0.240691
48 -9.49977 0.24734
49 -12.3496 0.246653
50 -18.8898 0.242589
51 -55.8832 0.240554
52 -41.9861 0.241936
53 -44.1879 0.239587
54 -21.8526 0.243238
55 -17.526 0.2409
56 -44.7956 0.242521
57 -51.8552 0.242078
58 -42.4214 0.241323
59 -15.1663 0.239651
60 -15.4123 0.244019
61 -57.4899 0.239878
62 -8.46033 0.238129
63 -2.2937 0.23628
64 26.3783 0.244158
65 21.1857 0.2405
66 55.3049 0.243945
67 63.4324 0.23683
68 56.2891 0.238883
69 57.1483 0.242336
70 35.4994 0.244803
71 67.7098 0.237575
72 16.1052 0.239981
73 59.108 0.239375
74 32.239 0.24045
75 38.5155 0.235596
76 59.2605 0.239919
77 67.0813 0.235235
78 42.9696 0.237541
79 23.3932 0.242868
80 54.9748 0.23872
81 70.6825 0.238897
82 69.3029 0.239099
83 54.5976 0.23854
84 40.2365 0.240861
85 28.509 0.236984
86 56.3952 0.23545
87 43.2379 0.236092
88 30.5637 0.242921
89 50.418 0.236458
90 39.935 0.235562
91 47.8002 0.23446
92 34.8413 0.236354
93 61.1481 0.233457
94 59.7578 0.237265
95 45.091 0.235787
