0 19.4405 0.244289
1 -16.5764 0.248641
2 14.4752 0.245107
3 9.92798 0.244094
4 22.7176 0.244354
5 12.6365 0.243321
6 -13.0801 0.242456
7 35.4101 0.244101
8 5.2504 0.243851
9 30.9125 0.242021
10 4.22515 0.245019
11 10.6845 0.244905
12 11.1705 0.244419
13 -4.04312 0.241396
14 -2.36176 0.247129
15 5.4545 0.242364
16 22.0882 0.241565
17 16.9182 0.242703
18 8.47577 0.243368
19 38.7324 0.244795
20 -6.547 0.246586
21 37.995 0.242934
22 0.816204 0.243749
23 11.953 0.242084
24 10.2056 0.245354
25 22.9327 0.2453
26 13.0395 0.24444
27 27.8527 0.239913
28 43.0862 0.241896
29 9.50751 0.242327
30 28.213 0.244619
31 24.0344 0.232394
32 107.842 0.234111
33 68.4874 0.23478
34 70.4174 0.235374
35 70.4816 0.231336
36 106.266 0.234215
37 114.038 0.233736
38 69.1726 0.233159
39 67.2868 0.230934
40 77.9895 0.232447
41 82.9565 0.231552
42 65.9812 0.229572
43 87.974 0.231696
44 88.0589 0.22926
45 75.5745 0.230564
46 89.0185 0.228234
47 77.3476 0.230903
48 91.3398 0.230613
49 96.8389 0.229941
50 83.4725 0.230966
51 86.8339 0.231615
52 78.4453 0.232745
53 67.2554 0.228535
54 77.8182 0.233256
55 68.6227 0.225999
56 86.3086 0.233918
57 89.5186 0.231684
58 75.4665 0.229389
59 88.6293 0.23393
60 61.6056 0.231052
61 79.5722 0.232777
62 102.896 0.229022
63 69.375 0.22744
64 9.15416 0.255848
65 -4.04106 0.253048
66 -10.8928 0.253652
67 19.732 0.253715
68 -13.9072 0.250257
69 -13.2595 0.251798
70 -0.80688 0.250963
71 11.6166 0.251948
72 -3.42594 0.253915
73 -26.2982 0.248573
74 39.1283 0.251949
75 -34.7209 0.25113
76 0.396173 0.252325
77 5.58025 0.250662
78 4.40483 0.250284
79 -25.3896 0.249967
80 8.60974 0.254349
81 -5.75083 0.249597
82 1.30424 0.248036
83 -1.92301 0.250433
84 19.7776 0.251986
85 30.7326 0.25442
86 -10.2628 0.250121
87 -14.9798 0.25338
88 0.806628 0.247399
89 22.1316 0.252814
90 17.6604 0.252429
91 6.89968 0.2491
92 -8.01631 0.251465
93 3.03992 0.246224
94 33.647 0.25645
95 32.1205 0.242528
