0 -23.3512 0.188987
1 5.6954 0.185775
2 -6.9223 0.185024
3 -12.6977 0.187671
4 5.38143 0.183153
5 -10.6454 0.184789
6 -13.3089 0.183784
7 8.51593 0.179139
8 -24.5205 0.182805
9 -19.2891 0.183743
10 -27.9352 0.188243
11 19.3126 0.178877
12 5.20711 0.184731
13 -10.8839 0.18477
14 -9.35597 0.184071
15 -23.1305 0.18462
16 -12.8887 0.182353
17 30.7787 0.18226
18 -21.6645 0.185599
19 3.33208 0.179409
20 -16.056 0.183391
21 10.9822 0.181189
22 -25.727 0.187328
23 -8.2334 0.182093
24 -9.15581 0.183799
25 23.6012 0.181657
26 -9.60621 0.18207
27 -25.0447 0.184849
28 -22.28 0.184061
29 12.997 0.181781
30 -15.5376 0.178709
31 -26.4792 0.178599
32 54.3919 0.185095
33 72.4843 0.185112
34 53.1745 0.183167
35 84.027 0.185541
36 74.3811 0.181397
37 84.3454 0.179758
38 63.3297 0.181097
39 86.9766 0.181055
40 69.4388 0.180056
41 82.7949 0.181262
42 76.9793 0.181809
43 62.3287 0.185124
44 54.7993 0.182536
45 67.474 0.182657
46 111.319 0.183786
47 62.7573 0.181506
48 90.1165 0.182992
49 64.9141 0.182205
50 65.5932 0.182071
51 68.5235 0.1823
52 63.4364 0.182471
53 76.1504 0.182661
54 47.0692 0.179881
55 57.8625 0.179895
56 86.9563 0.180909
57 81.217 0.181553
58 45.0442 0.18393
59 73.1901 0.181364
60 47.0141 0.183753
61 35.7114 0.177961
62 75.3333 0.18533
63 55.4437 0.174474
64 -14.3871 0.189969
65 -19.2581 0.195208
66 -6.03428 0.190305
67 26.1447 0.189961
68 19.03 0.189428
69 1.74139 0.186697
70 -13.6609 0.189173
71 -5.38752 0.18888
72 5.29917 0.188543
73 -3.43864 0.188042
74 3.32374 0.184724
75 5.00692 0.185941
76 28.1045 0.191557
77 16.1402 0.183279
78 21.4197 0.187995
79 3.31175 0.187998
80 -35.8349 0.189169
81 8.68235 0.186
82 8.8377 0.188261
83 -10.3586 0.190116
84 -28.6919 0.193231
85 5.43047 0.18655
86 -11.6509 0.185414
87 15.4741 0.185944
88 -13.1728 0.18574
89 -7.73681 0.18484
90 -1.01172 0.18692
91 -7.47214 0.186131
92 0.375619 0.186249
93 6.94839 0.187213
94 -0.418556 0.186262
95 6.89542 0.178693
