0 -18.0703 0.245317
1 7.84973 0.243796
2 13.6009 0.236609
3 -14.1146 0.24104
4 -8.05621 0.240116
5 -21.3998 0.243176
6 -5.45705 0.24464
7 14.4094 0.242121
8 23.421 0.243259
9 12.4494 0.24229
10 6.16452 0.242188
11 6.255 0.239243
12 4.50665 0.246768
13 -18.5296 0.242618
14 -13.168 0.24311
15 -2.14674 0.239929
16 5.19117 0.242673
17 -29.4678 0.244059
18 1.64048 0.239465
19 5.91275 0.243165
20 14.3855 0.243634
21 -0.308665 0.239317
22 -13.826 0.245275
23 2.16377 0.241146
24 10.4937 0.240821
25 -6.44893 0.241092
26 17.5704 0.238528
27 -27.9006 0.245624
28 16.4528 0.244567
29 -35.164 0.240251
30 26.7099 0.239315
31 -43.5926 0.237422
32 -0.63152 0.248
33 27.1998 0.244167
34 3.94203 0.239857
35 13.7791 0.243811
36 13.6375 0.248619
37 2.47745 0.244375
38 8.14014 0.244068
39 1.48586 0.239298
40 17.7254 0.243813
41 1.28748 0.240317
42 18.9952 0.243969
43 -4.7782 0.243094
44 2.71022 0.243612
45 25.1448 0.239611
46 13.7303 0.241393
47 0.077341 0.241057
48 20.1097 0.242902
49 35.6015 0.245915
50 23.8869 0.245943
51 0.517044 0.241769
52 -6.30498 0.242469
53 2.21656 0.242205
54 12.7829 0.24232
55 2.22941 0.243341
56 -1.32369 0.237821
57 -21.5576 0.243017
58 -0.74824 0.24465
59 18.9053 0.242166
60 28.4282 0.236623
61 -0.674821 0.246462
62 2.52019 0.240998
63 -13.7389 0.243276
64 57.6852 0.234646
65 48.3964 0.233532
66 57.3197 0.229799
67 69.9022 0.233326
68 104.526 0.235138
69 54.078 0.234245
70 54.7255 0.235426
71 57.3411 0.235806
72 59.109 0.232409
73 53.7375 0.231741
74 39.4449 0.232061
75 46.4963 0.232989
76 72.6611 0.234726
77 33.6402 0.231979
78 37.4626 0.233957
79 48.6939 0.230234
80 39.5961 0.238561
81 58.6825 0.23518
82 56.0415 0.23078
83 61.273 0.22916
84 78.7275 0.234644
85 50.2637 0.228722
86 66.153 0.229888
87 46.2434 0.229506
88 24.071 0.231127
89 65.5288 0.231613
90 70.7556 0.234498
91 68.9189 0.232893
92 64.843 0.23099
93 52.9329 0.234896
94 77.6658 0.231218
95 53.56 0.229164
