0 8.32467 0.183529
1 3.15328 0.181979
2 -22.5624 0.186031
3 -15.967 0.182091
4 -23.7432 0.186703
5 30.161 0.186875
6 -6.39144 0.18758
7 -0.330062 0.187838
8 -3.10753 0.182766
9 26.4721 0.186516
10 15.0533 0.18615
11 18.8419 0.183199
12 5.78087 0.180066
13 -4.41421 0.180787
14 31.7731 0.185399
15 -10.5304 0.184504
16 8.02414 0.181991
17 17.1567 0.185388
18 28.9063 0.181761
19 28.4368 0.18505
20 -8.86251 0.18301
21 7.35275 0.181833
22 35.5421 0.185361
23 -9.24988 0.182624
24 18.2591 0.18527
25 -1.67941 0.179372
26 14.9883 0.184141
27 17.4564 0.183465
28 17.7808 0.179991
29 10.1396 0.179284
30 12.8646 0.179062
31 7.14305 0.180673
32 34.5083 0.185129
33 54.097 0.183353
34 21.8822 0.183386
35 34.7141 0.181891
36 15.443 0.180722
37 24.5906 0.180641
38 32.695 0.18323
39 32.8755 0.182721
40 37.5371 0.18598
41 48.0462 0.184479
42 36.641 0.182392
43 38.6169 0.185995
44 60.0219 0.184401
45 32.1624 0.18429
46 44.8924 0.182634
47 40.9713 0.185142
48 55.2555 0.184482
49 52.3078 0.186
50 43.8765 0.183288
51 55.7288 0.183317
52 50.2708 0.185421
53 33.6864 0.181319
54 43.2458 0.18081
55 31.3109 0.182994
56 33.3026 0.185473
57 28.2663 0.180566
58 67.4502 0.187235
59 38.5941 0.181054
60 27.0106 0.183676
61 51.5249 0.181283
62 38.6494 0.182165
63 40.7271 0.17907
64 26.1582 0.190917
65 17.674 0.186466
66 56.521 0.186998
67 49.373 0.186947
68 35.8546 0.191196
69 41.6492 0.189901
70 15.7569 0.187347
71 39.7438 0.18982
72 55.0515 0.1876
73 15.6677 0.18659
74 53.1731 0.186013
75 52.5394 0.186861
76 31.2226 0.185868
77 11.1052 0.187343
78 51.2637 0.187337
79 49.4229 0.186781
80 42.2903 0.189767
81 46.8651 0.18684
82 54.1592 0.186056
83 46.5345 0.188087
84 41.989 0.186646
85 18.2385 0.185788
86 47.4624 0.188092
87 15.5757 0.182192
88 33.0807 0.185835
89 34.4359 0.186778
90 44.301 0.188221
91 46.3839 0.187437
92 51.2796 0.186658
93 35.6789 0.183796
94 52.6636 0.182391
95 38.567 0.181606
