0 -71.2647 0.25208
1 -27.416 0.255439
2 -44.091 0.260633
3 -52.4294 0.252362
4 -32.4205 0.25885
5 -55.4268 0.258889
6 -45.1394 0.2569
7 -31.5283 0.252687
8 -53.0889 0.257259
9 -14.0658 0.259945
10 -30.6536 0.261824
11 -41.8181 0.252689
12 -41.2888 0.257861
13 -8.20878 0.253512
14 -28.6479 0.256068
15 -30.1186 0.255705
16 -11.0787 0.258132
17 -19.35 0.255583
18 -69.1575 0.246449
19 -51.6496 0.254793
20 -20.9442 0.258741
21 -69.6212 0.255859
22 -54.7914 0.252459
23 -28.1269 0.256157
24 -76.1044 0.251779
25 -54.4534 0.256024
26 -28.7337 0.260705
27 -25.421 0.252125
28 -48.5862 0.253713
29 -56.1099 0.258418
30 -32.5894 0.253527
31 -49.8538 0.257277
32 -71.2713 0.251553
33 -107.355 0.24603
34 -73.0013 0.23989
35 -66.7566 0.245322
36 -84.5618 0.252994
37 -82.0561 0.252433
38 -83.5479 0.249308
39 -65.4895 0.248914
40 -92.3996 0.248813
41 -84.4442 0.249795
42 -86.2508 0.244031
43 -72.0067 0.251282
44 -75.3646 0.253066
45 -75.4403 0.249079
46 -78.7692 0.252339
47 -86.3423 0.244298
48 -64.7924 0.251476
49 -87.5947 0.249537
50 -46.3268 0.253673
51 -47.4095 0.250836
52 -57.1793 0.25272
53 -75.4694 0.245732
54 -54.3205 0.245353
55 -60.8772 0.252076
56 -53.2045 0.242006
57 -81.8096 0.246979
58 -91.8181 0.249509
59 -81.7362 0.250734
60 -73.7969 0.250898
61 -78.8738 0.252084
62 -73.9648 0.248503
63 -84.2259 0.241443
64 53.4002 0.235522
65 55.6574 0.231966
66 60.5359 0.230238
67 56.1607 0.232229
68 27.9742 0.230488
69 71.9241 0.229845
70 59.4943 0.228239
71 69.321 0.22764
72 61.8254 0.231975
73 58.5916 0.231508
74 56.2921 0.227194
75 43.1976 0.228764
76 53.6143 0.228255
77 45.0355 0.227345
78 63.7891 0.230006
79 68.7691 0.225081
80 62.3079 0.232196
81 31.05 0.228839
82 65.034 0.228664
83 81.849 0.229979
85 59.1877 0.229317
86 68.1963 0.228204
87 47.9246 0.22704
88 55.8592 0.228658
89 50.9181 0.228568
90 52.2187 0.228928
91 64.5035 0.227043
92 37.3228 0.229656
93 42.0589 0.224413
94 68.5039 0.228877
95 76.7356 0.222679
