0 -16.8055 0.222103
1 21.066 0.223709
2 56.2337 0.221147
3 9.41355 0.218647
4 40.8598 0.220403
5 54.5504 0.225136
6 18.4184 0.220462
7 42.827 0.220767
8 27.8109 0.226394
9 19.853 0.222012
10 26.4091 0.224824
11 50.241 0.222337
12 48.2711 0.224198
13 35.2636 0.221441
14 8.70005 0.222617
15 3.72166 0.218821
16 14.162 0.217368
17 45.0833 0.221902
18 9.21122 0.221401
19 20.1429 0.222743
20 38.5802 0.220322
21 39.7561 0.223766
22 22.2479 0.220707
23 23.069 0.219736
24 66.1429 0.220979
25 40.4463 0.220519
26 27.3409 0.219528
27 32.0396 0.221562
28 57.1615 0.217171
29 17.4572 0.217816
30 40.804 0.219131
31 31.2825 0.215457
32 -47.3947 0.222462
33 -27.7549 0.220885
34 -27.4186 0.215737
35 -3.45316 0.217877
36 -19.5418 0.215988
37 -4.85919 0.22118
38 -14.1228 0.218074
39 -9.6663 0.216462
40 -5.45296 0.215701
41 -5.98426 0.21666
42 -22.6362 0.217483
43 -30.5289 0.221255
44 6.14126 0.218717
45 -11.3873 0.217341
46 -35.5783 0.218885
47 -33.3695 0.218551
48 -41.0624 0.221308
49 -43.2205 0.221964
50 -8.73925 0.217138
51 12.572 0.219199
52 -48.1831 0.216696
53 -2.90591 0.219268
54 -2.96776 0.215096
55 -15.8598 0.216362
56 -46.3629 0.221462
57 -25.2093 0.222368
58 -16.2532 0.218085
59 -32.2074 0.222788
60 -17.0689 0.215989
61 -12.5629 0.221162
62 4.14729 0.213717
63 -41.1426 0.22193
64 -2.91196 0.221295
65 -9.19848 0.219923
66 -21.2467 0.214891
67 -2.66756 0.21436
68 19.0692 0.215123
69 3.27805 0.216559
70 -17.1321 0.218794
71 19.3354 0.218724
72 -41.6097 0.216603
73 -9.49229 0.211866
74 -29.2647 0.219726
75 3.71481 0.21431
76 -11.014 0.216142
77 17.6453 0.214055
78 21.8872 0.219963
79 -32.6367 0.215427
80 7.87302 0.215611
81 -4.14446 0.215007
82 -22.1254 0.215223
83 20.1162 0.217096
84 0.283304 0.212128
85 -36.7144 0.219724
86 -0.318807 0.213315
87 -2.65158 0.212111
88 -2.12695 0.216619
89 -5.40008 0.211133
90 -7.46841 0.215234
91 -14.8601 0.211864
92 -8.17431 0.214834
93 -39.9676 0.21267
94 1.96064 0.212032
95 -18.5663 0.21209
