0 -45.1643 0.191579
1 -45.7623 0.185465
2 -33.1007 0.191308
3 -52.171 0.189876
4 -44.1933 0.194182
5 -29.6943 0.188234
6 -45.3952 0.186236
7 -40.4898 0.187947
8 -24.7838 0.195
9 -35.4409 0.190254
10 -41.5809 0.189604
11 -21.6559 0.191397
12 -55.2341 0.190908
13 -52.218 0.187061
14 -10.67 0.188182
15 -48.5894 0.186533
16 -49.1172 0.19032
17 -35.4099 0.192353
18 -53.3907 0.186116
19 -61.1172 0.190181
20 -39.8697 0.191897
21 -76.9138 0.189823
22 -27.2011 0.192327
23 -38.5188 0.191502
24 -32.8194 0.188783
25 -1.65113 0.187219
26 -66.5462 0.193
27 -48.0682 0.188241
28 -31.6307 0.194082
29 -57.1685 0.187458
30 -36.4817 0.191054
31 -41.2181 0.188898
32 -11.8006 0.192182
33 12.4155 0.1886
34 -17.2952 0.190998
35 -0.678494 0.189047
36 32.8092 0.18863
37 -30.4305 0.195818
38 3.62998 0.189347
39 -1.73235 0.186069
40 12.6337 0.191505
41 9.68747 0.189611
42 19.6088 0.191831
43 17.8325 0.190207
44 27.8747 0.186054
45 -34.214 0.196978
46 -9.19438 0.188369
47 -21.5634 0.195738
48 8.12651 0.189236
49 5.28332 0.189233
50 11.4897 0.185184
51 11.8744 0.190903
52 16.7034 0.190928
53 17.3935 0.19093
54 25.3683 0.188927
55 -19.8835 0.192971
56 10.0202 0.187386
57 -34.0383 0.192719
58 -15.7138 0.190579
59 -0.953613 0.187614
60 12.7696 0.187917
61 -10.5835 0.188221
62 -13.6777 0.190877
63 4.24327 0.179562
64 -14.8657 0.1896
65 32.2149 0.186706
66 44.8587 0.186756
67 43.8439 0.186347
68 14.5208 0.184148
69 7.94573 0.185667
70 8.71247 0.186663
71 -6.50692 0.185305
72 29.42 0.183985
73 5.35632 0.183885
74 25.8687 0.186918
75 19.9286 0.185254
76 18.1155 0.186601
77 32.0774 0.186876
78 -3.63024 0.181438
79 27.8734 0.179026
80 19.163 0.183982
81 17.2385 0.185218
82 10.3005 0.183953
83 15.5569 0.18124
84 26.8107 0.184481
85 22.5565 0.18309
86 43.0048 0.183286
87 5.48202 0.185304
88 20.633 0.184328
89 37.0887 0.187198
90 25.9008 0.183466
91 17.7358 0.181009
92 14.4201 0.179957
93 6.57136 0.184636
94 -4.27499 0.181163
95 37.1066 0.178486
