0 47.3995 0.191347
1 23.6387 0.189264
2 33.228 0.188522
3 47.7759 0.188664
4 18.2902 0.185913
5 29.6377 0.184314
6 78.4379 0.185699
7 59.3734 0.18579
8 44.1132 0.181017
9 47.7771 0.18555
10 55.2993 0.18701
11 44.1477 0.184692
12 41.1921 0.187911
13 30.0889 0.184113
14 64.1049 0.185757
15 42.8327 0.186791
16 32.5393 0.186193
17 18.5899 0.186446
18 29.8337 0.182832
19 78.0605 0.186477
20 51.0157 0.186174
21 50.5503 0.184737
22 29.5322 0.186947
23 45.5749 0.18479
24 40.738 0.185722
25 32.2879 0.182865
26 20.0909 0.18443
27 50.0408 0.180893
28 36.2171 0.182347
29 38.4829 0.181589
30 31.9463 0.181387
31 55.6113 0.184348
32 -46.8973 0.195181
33 -35.243 0.194272
34 -36.7803 0.195424
35 -25.6963 0.195763
36 -32.5069 0.195417
37 -42.9017 0.195372
38 -31.7413 0.191114
39 -22.3599 0.197696
40 -26.2545 0.195763
41 -27.7056 0.194939
42 -18.7265 0.195352
43 -24.2114 0.196549
44 0.829487 0.193916
45 -13.0929 0.19351
46 -2.13758 0.192188
47 -31.2705 0.195095
48 -33.6304 0.198174
49 -30.8535 0.194525
50 -18.0345 0.195256
51 -32.9341 0.192429
52 -36.1908 0.192505
53 15.504 0.190707
54 -17.8117 0.194513
55 -40.5577 0.191691
56 -31.2568 0.192955
57 10.7293 0.18954
58 -20.6689 0.192699
59 -33.6433 0.195228
60 5.716 0.189862
61 -11.9847 0.191458
62 -31.1035 0.194781
63 -29.8244 0.19155
64 30.0362 0.187147
65 20.7808 0.189862
66 59.9729 0.188768
67 17.5079 0.188158
68 52.8638 0.189288
69 40.6533 0.186317
70 44.5548 0.187025
71 28.746 0.183106
72 28.1129 0.189693
73 26.6276 0.186863
74 39.3008 0.191153
75 21.3331 0.186602
76 36.7903 0.185738
77 17.8382 0.187865
78 17.1708 0.185587
79 43.0381 0.185161
80 48.562 0.186431
81 24.9095 0.188434
82 24.9095 0.188434
83 61.5207 0.188137
84 24.7369 0.185596
85 11.2335 0.186276
86 19.0106 0.183535
87 31.164 0.184759
88 40.8401 0.188444
89 51.6609 0.186182
90 44.8743 0.186525
91 27.7777 0.184096
92 12.0333 0.183903
93 25.9474 0.184037
94 23.3166 0.184966
95 25.6177 0.180712
