0 -37.9164 0.198135
1 -40.5583 0.196726
2 -34.5288 0.196681
3 -50.3443 0.193279
4 -23.2675 0.192041
5 -13.595 0.193014
6 -15.8707 0.192553
7 -43.8809 0.188798
8 -20.1158 0.195289
9 -13.4833 0.189069
10 4.31344 0.188678
11 -16.1077 0.190752
12 -30.6691 0.198524
13 -6.13295 0.188846
14 -35.138 0.193621
15 -32.8219 0.189144
16 -35.2325 0.194991
17 -17.4073 0.190555
18 -37.1236 0.195078
19 -33.0021 0.194242
20 -43.5987 0.191965
21 -37.8274 0.190884
22 -38.7965 0.192034
23 -37.3232 0.191273
24 -48.1286 0.191919
25 -38.6495 0.189893
26 -6.89563 0.190344
27 -30.7622 0.195569
28 -13.956 0.189099
29 -36.4506 0.193566
30 -46.0969 0.189577
31 -31.6132 0.195337
32 -22.0509 0.190499
33 -37.828 0.182315
34 -15.2203 0.188829
35 -32.9002 0.193768
36 -2.15785 0.186451
37 -34.77 0.188973
38 10.3655 0.187421
39 -15.7774 0.187533
40 -3.9839 0.185736
41 -31.9334 0.186671
42 -37.5694 0.192134
43 -29.8664 0.190854
44 -38.5444 0.188846
45 -28.5233 0.18937
46 -40.1788 0.189214
47 -1.5433 0.186094
48 -21.9858 0.19094
49 4.99765 0.18702
50 -41.3587 0.188062
51 -22.4506 0.188787
52 -9.09784 0.185067
53 -48.5994 0.192128
54 -32.2021 0.191631
55 -44.6161 0.189086
56 -35.6531 0.194262
57 -4.29938 0.184155
58 -16.66 0.192474
59 -36.316 0.187829
60 -6.40851 0.18589
61 -0.257614 0.183967
62 -35.4007 0.188977
63 -26.9968 0.184515
64 1.72466 0.192214
65 13.3852 0.190361
66 18.5073 0.185504
67 12.736 0.188776
68 23.3264 0.188173
69 39.4883 0.18733
70 4.34374 0.188739
71 30.4071 0.185967
72 19.2306 0.189098
73 6.71748 0.18611
74 9.18981 0.190832
75 26.6739 0.190035
76 26.6417 0.18935
77 6.31843 0.186286
78 47.9446 0.188927
79 21.1425 0.187327
80 32.383 0.190073
81 21.3232 0.189332
82 51.2649 0.190481
83 33.4555 0.190424
84 13.1391 0.191718
85 8.00392 0.187717
86 3.2044 0.186499
87 51.8865 0.18951
88 20.1485 0.186
89 12.0165 0.187656
90 21.7137 0.18869
91 19.5596 0.190614
92 9.48303 0.187703
93 25.5199 0.188133
94 19.6724 0.184871
95 23.8794 0.181969
