0 18.2093 0.19432
1 -8.59127 0.19133
2 22.4096 0.188698
3 -11.756 0.190093
4 -19.1031 0.192658
5 -33.2972 0.19497
6 3.95209 0.188578
7 -2.64092 0.192364
8 -43.5617 0.197823
9 14.6033 0.189624
10 -36.1122 0.193713
11 2.59923 0.18785
12 6.94412 0.192843
13 1.64148 0.191522
14 -11.4195 0.18921
15 12.8076 0.189633
16 -10.1452 0.185855
17 7.64644 0.189201
18 -10.0975 0.19152
19 14.1604 0.191644
20 12.6661 0.186819
21 6.466 0.1904
22 10.5698 0.192185
23 -7.84161 0.18609
24 -35.2076 0.192516
25 9.89294 0.193352
26 -8.77458 0.192793
27 3.09109 0.185723
28 -40.083 0.193604
29 -33.3851 0.195201
30 -32.2352 0.187185
31 -45.8621 0.186172
32 71.1977 0.189958
33 32.0818 0.182655
34 47.5864 0.182066
35 54.8695 0.183584
36 59.2708 0.184783
37 49.0266 0.185042
38 48.9102 0.18078
39 32.4388 0.181226
40 36.7601 0.183555
41 50.7807 0.183446
42 44.5558 0.182347
43 71.3631 0.181883
44 59.3222 0.181399
45 53.7864 0.184248
46 62.4924 0.182777
47 69.7657 0.182065
48 20.5789 0.180734
49 61.7505 0.181635
50 58.2657 0.184148
51 67.2024 0.182924
52 35.5129 0.179152
53 52.221 0.181719
54 55.3182 0.179786
55 45.137 0.182049
56 60.6846 0.184199
57 87.2704 0.183144
58 54.9969 0.178449
59 52.3575 0.177546
60 54.9927 0.179369
61 74.1275 0.182329
62 57.1227 0.177997
63 37.352 0.177951
64 82.124 0.181247
65 90.6298 0.179988
66 73.2686 0.178626
67 82.7767 0.18391
68 87.7651 0.179064
69 80.4856 0.180379
70 79.41 0.17923
71 93.934 0.18064
72 66.9066 0.181447
73 90.4803 0.177902
74 82.0506 0.179845
75 90.9559 0.179624
76 96.7506 0.17901
77 107.251 0.177965
78 97.7677 0.181903
79 90.6659 0.181306
80 70.632 0.179608
81 86.2042 0.182444
82 81.2624 0.179401
83 96.2126 0.178932
84 104.819 0.179088
85 91.0154 0.180621
86 116.482 0.180486
87 90.8679 0.180019
88 100.526 0.179508
89 65.8202 0.179116
90 80.5102 0.179543
91 93.2404 0.181978
92 96.0346 0.179357
93 73.0576 0.177989
94 82.4668 0.177846
95 102.825 0.172317
