0 47.6175 0.190417
1 37.7598 0.185559
2 18.4766 0.184083
3 49.0968 0.186795
4 59.415 0.189686
5 45.4524 0.185894
6 38.7538 0.188395
7 42.4756 0.185037
8 34.4808 0.185788
9 35.147 0.181092
10 16.7098 0.184823
11 36.664 0.182725
12 41.3735 0.18687
13 66.5953 0.187318
14 31.9967 0.184771
15 46.7045 0.183598
16 69.0928 0.18566
17 52.9906 0.186463
18 43.7838 0.188178
19 69.4593 0.186015
20 47.8216 0.187927
21 88.6366 0.186636
22 51.8866 0.186752
23 60.3084 0.185494
24 36.9308 0.187458
25 49.7809 0.187172
26 23.5656 0.184694
27 30.8593 0.182355
28 40.2728 0.183922
29 30.1837 0.182894
30 29.2714 0.186012
31 77.9167 0.180432
32 -33.427 0.195238
33 -3.11554 0.189889
34 11.5117 0.18666
35 -36.7751 0.19364
36 -15.4008 0.194065
37 -14.5681 0.194648
38 -0.254796 0.192667
39 -9.45738 0.190913
40 -41.591 0.197583
41 -4.23698 0.192563
42 -47.8386 0.190689
43 -13.6603 0.190864
44 -42.5717 0.189796
45 -25.7554 0.191868
46 -23.7367 0.197079
47 -3.31454 0.190756
48 -24.9022 0.196595
49 12.2092 0.18917
50 14.3594 0.189372
51 -18.0515 0.194793
52 -2.7553 0.18987
53 -30.1711 0.195525
54 11.6574 0.19342
55 -13.4402 0.19405
56 -13.2376 0.19485
57 -26.6749 0.195854
58 -15.6271 0.187692
59 5.22271 0.190015
60 5.4025 0.186171
61 -37.3275 0.191706
62 0.11848 0.190037
63 -6.29516 0.186806
64 72.9327 0.184245
65 77.2948 0.182688
66 49.1163 0.181783
67 70.0376 0.181473
68 87.0651 0.184988
69 57.3349 0.185352
70 81.9819 0.185568
71 78.3701 0.184732
72 65.986 0.184671
73 73.0693 0.183644
74 100.69 0.185488
75 67.4151 0.185723
76 77.235 0.183315
77 73.1435 0.186108
78 67.5777 0.181112
79 73.2464 0.18502
80 76.1682 0.182852
81 96.0494 0.1822
82 70.2665 0.183117
83 44.5442 0.184321
84 44.7221 0.183852
85 93.5116 0.181355
86 64.5764 0.18104
87 75.4146 0.182235
88 43.3822 0.181152
89 67.1914 0.186591
90 52.1958 0.182306
91 62.1826 0.185755
92 55.5739 0.182414
93 52.6079 0.178687
94 72.7961 0.180807
95 86.5549 0.177874
