0 43.2831 0.184729
1 30.3873 0.184245
2 28.5417 0.182693
3 50.1906 0.184424
4 35.9533 0.182423
5 33.6037 0.183888
6 23.7322 0.183116
7 54.0514 0.18144
8 45.0318 0.182955
9 36.6867 0.182895
10 41.0556 0.182881
11 9.8883 0.181337
12 17.4928 0.183355
13 47.0817 0.182406
14 17.4151 0.180548
15 25.3874 0.184046
16 59.4519 0.180743
17 64.7426 0.178984
18 31.5433 0.181885
19 4.28897 0.181269
20 16.1791 0.182372
21 34.6118 0.178966
22 71.1221 0.183211
23 43.2188 0.18338
24 37.8279 0.18278
25 52.067 0.179605
26 40.9935 0.180819
27 39.1579 0.18073
28 23.3355 0.178635
29 53.4869 0.179531
30 36.5905 0.174683
31 34.4336 0.175324
32 31.1924 0.183322
33 47.9472 0.183608
34 33.9782 0.180469
35 54.4811 0.181589
36 47.0954 0.181651
37 29.616 0.183094
38 44.2931 0.181117
39 19.3701 0.178693
40 56.773 0.185901
41 50.2173 0.179594
42 46.5257 0.184351
43 48.0554 0.185541
44 71.4443 0.183505
45 25.5259 0.18452
46 38.1152 0.181567
47 21.9637 0.180852
48 46.4731 0.183654
49 47.8339 0.182029
50 55.604 0.182969
51 46.5188 0.181695
52 32.5024 0.183411
53 30.8381 0.183874
54 30.7899 0.182832
55 30.6561 0.185753
56 71.2606 0.182306
57 19.1016 0.179306
58 28.7984 0.181897
59 50.2957 0.181972
60 45.2632 0.184991
61 30.3892 0.182062
62 29.3401 0.180188
63 47.9181 0.177499
64 63.6462 0.192094
65 40.309 0.190435
66 74.8076 0.189206
67 42.6192 0.188782
68 75.0305 0.187191
69 90.61 0.184188
70 -0.833611 0.187386
71 52.9457 0.190024
72 86.4712 0.18838
73 65.7709 0.187916
74 49.9069 0.18732
75 56.0234 0.190456
76 54.7871 0.188136
77 45.5852 0.188178
78 46.3179 0.190092
79 48.2427 0.185369
80 51.101 0.188277
81 60.4057 0.187822
82 39.6832 0.188152
83 72.121 0.186766
84 67.9186 0.187101
85 24.3528 0.188196
86 50.7759 0.187514
87 61.5198 0.188034
88 34.2034 0.18751
89 77.2988 0.187636
90 28.7463 0.190473
91 37.8419 0.187655
92 58.1486 0.189619
93 35.912 0.18466
94 38.1384 0.184772
95 53.4695 0.178762
