0 36.6203 0.192293
1 43.9372 0.188519
2 55.918 0.189523
3 50.9953 0.190985
4 24.8818 0.191255
5 43.9866 0.191902
6 23.1944 0.190186
7 25.5217 0.18752
8 44.1158 0.19014
9 27.2678 0.188939
10 33.7958 0.189396
11 39.3518 0.191196
12 41.3638 0.184866
13 39.9504 0.187443
14 56.4537 0.190295
15 28.1688 0.192018
16 39.9917 0.194416
17 46.2652 0.190529
18 65.0831 0.188256
19 24.82 0.187043
20 37.0509 0.189086
21 36.5024 0.19116
22 49.9471 0.190208
23 32.4391 0.189329
24 23.786 0.191204
25 32.5135 0.188575
26 35.2113 0.191545
27 39.8958 0.186636
28 11.161 0.185686
29 39.3826 0.185058
30 37.2073 0.193079
31 36.8332 0.18537
32 78.2539 0.186116
33 61.3434 0.180312
34 45.3677 0.178976
35 71.1897 0.181054
36 40.8508 0.181287
37 68.7304 0.179543
38 88.3225 0.182396
39 77.6465 0.180078
40 78.2325 0.180335
41 58.965 0.177936
42 59.7531 0.181733
43 61.4138 0.179725
44 80.6633 0.182679
45 74.5525 0.181746
46 68.6994 0.180822
47 62.4461 0.179616
48 67.4767 0.180666
49 93.0102 0.178862
50 53.2295 0.179061
51 84.353 0.180071
52 84.5824 0.183135
53 65.9473 0.176186
54 105.226 0.182929
55 71.3038 0.180624
56 83.2963 0.180517
57 66.3711 0.17844
58 49.8442 0.183307
59 49.1116 0.179459
60 53.9817 0.179475
61 54.0323 0.17557
62 65.9639 0.182042
63 72.0134 0.176325
64 -16.1178 0.196116
65 5.62705 0.195335
66 -16.0547 0.194975
67 -20.5305 0.196251
68 -2.81558 0.195521
69 -17.6845 0.192184
70 1.01457 0.191764
71 -38.2354 0.194732
72 3.72508 0.192248
73 -17.4068 0.195323
74 5.19724 0.195003
75 -40.5394 0.198997
76 -15.065 0.195375
77 -11.548 0.191996
78 -13.7614 0.193187
79 17.1574 0.193691
80 2.78342 0.196199
81 17.2684 0.195753
82 11.6869 0.192864
83 0.617045 0.196955
84 14.8523 0.197612
85 -44.4669 0.197362
86 -3.48744 0.192717
87 4.8646 0.194606
88 -3.29598 0.195296
89 -2.162 0.194907
90 0.595774 0.196098
91 -9.32436 0.193983
92 -18.6549 0.191232
93 4.63298 0.193156
94 14.5265 0.188874
95 -17.3263 0.190979
