0 51.234 0.182004
1 48.8512 0.181229
2 63.9579 0.180818
3 30.0007 0.181199
4 54.8568 0.181354
5 44.7363 0.185007
6 46.7237 0.178416
7 45.8308 0.181479
8 50.9756 0.179908
9 40.8992 0.179053
10 56.9864 0.17886
11 49.1557 0.181717
12 47.948 0.178714
13 51.5297 0.181506
14 63.8379 0.183148
15 22.2573 0.181814
16 21.4592 0.182139
17 59.4736 0.180236
18 70.866 0.180141
19 35.0851 0.181064
20 51.583 0.175231
21 31.3321 0.178614
22 58.9935 0.180799
23 16.8663 0.176865
24 69.3702 0.183907
25 44.6782 0.178364
26 48.2124 0.178975
27 39.7937 0.177404
28 49.6778 0.177548
29 36.4391 0.179219
30 63.9082 0.178888
31 8.16081 0.172717
32 134.048 0.18148
33 95.824 0.183094
34 98.5321 0.181828
35 111.78 0.180256
36 132.985 0.18098
37 132.249 0.177128
38 123.696 0.179485
39 100.962 0.178941
40 118.449 0.182586
41 133.561 0.17878
42 116.013 0.177757
43 115.063 0.178864
44 105.913 0.180749
45 103.765 0.177501
46 109.71 0.177382
47 110.755 0.182381
48 99.2179 0.178186
49 128.229 0.179696
50 79.2566 0.179747
51 106.563 0.179267
52 110.014 0.181004
53 131.255 0.172138
54 83.487 0.177016
55 112.22 0.182906
56 122.376 0.181425
57 129.135 0.181835
58 125.875 0.180389
59 114.69 0.178134
60 115.292 0.180256
61 117.953 0.179593
62 89.4129 0.177007
63 119.185 0.174606
64 30.6294 0.18863
65 17.1086 0.18959
66 7.43678 0.188014
67 11.3725 0.189
68 10.4886 0.18624
69 25.4616 0.191248
70 -16.3244 0.189145
71 48.1641 0.188028
72 -22.6194 0.191647
73 46.8813 0.190368
74 10.1583 0.187831
75 5.13404 0.187526
76 18.0281 0.188492
77 8.69453 0.187928
78 4.31411 0.19081
79 13.8835 0.187554
80 43.636 0.188391
81 14.0283 0.187066
82 11.4163 0.190691
83 45.0865 0.189872
84 54.1337 0.18914
85 1.33912 0.186133
86 20.5343 0.19001
87 -0.729806 0.18904
88 11.9055 0.18941
89 -17.3032 0.187092
90 -0.823242 0.184728
91 9.69805 0.181859
92 -14.539 0.188829
93 21.6403 0.189732
94 -4.20104 0.187767
95 18.6795 0.183551
