0 -95.7678 0.192825
1 -73.7664 0.189163
2 -74.5162 0.190095
3 -81.0314 0.193184
4 -66.4552 0.189878
5 -83.8391 0.190976
6 -81.9508 0.192439
7 -69.1092 0.192302
8 -84.132 0.192027
9 -75.6934 0.189186
10 -56.8941 0.194944
11 -70.8422 0.189343
12 -72.7637 0.191992
13 -83.4303 0.188616
14 -89.9926 0.191957
15 -50.6762 0.186379
16 -80.4351 0.193977
17 -87.4566 0.190683
18 -99.4324 0.194947
19 -76.0163 0.190756
20 -68.7708 0.188747
21 -113.515 0.190074
22 -82.4208 0.195667
23 -86.9436 0.191759
24 -78.4444 0.191033
25 -87.8897 0.189453
26 -56.6267 0.190605
27 -75.2734 0.190076
28 -74.4908 0.190696
29 -60.9574 0.191225
30 -72.452 0.190445
31 -96.586 0.186619
32 29.6434 0.191201
33 29.6086 0.192153
34 1.68282 0.192281
35 10.5768 0.190071
36 30.3575 0.191121
37 13.0486 0.192086
38 47.0012 0.190128
39 14.5754 0.190158
40 21.2147 0.19249
41 25.1746 0.186855
42 43.3581 0.190153
43 31.4133 0.187612
44 30.6606 0.19167
45 23.063 0.189902
46 31.9049 0.188752
47 14.9025 0.191241
48 33.8565 0.190779
49 21.1421 0.18877
50 26.8782 0.192943
51 41.5836 0.190063
52 15.7213 0.191068
53 31.8206 0.191507
54 37.9957 0.187877
55 46.731 0.191146
56 17.6431 0.190795
57 10.9485 0.189077
58 19.7325 0.188409
59 -2.62716 0.186836
60 7.03701 0.187466
61 22.4268 0.183027
62 22.679 0.184395
63 37.1706 0.180039
64 4.56288 0.194916
65 12.5192 0.190565
66 5.84237 0.188889
67 8.32258 0.189624
68 39.933 0.193531
69 4.70225 0.192798
70 -9.97471 0.192192
71 29.4735 0.195287
72 -22.3568 0.194625
73 4.38877 0.19263
74 8.54577 0.188716
75 12.4455 0.194194
76 36.9598 0.191487
77 4.22558 0.19041
78 6.02151 0.1889
79 -16.3498 0.193626
80 13.4274 0.189706
81 -2.65777 0.193764
82 26.406 0.188785
83 10.2708 0.191399
84 0.468244 0.188723
85 27.2803 0.189459
86 28.2801 0.193571
87 -11.8098 0.191278
88 18.0318 0.191654
89 8.52094 0.19201
90 6.98664 0.189063
91 -3.11911 0.18953
92 -1.2686 0.18821
93 7.98294 0.189872
94 3.6874 0.188376
95 2.61237 0.181633
