0 27.4213 8.40774 1971.08 -420.253 33.4937 -1.09409 0.0137125 -8106.43 290.387
1 0.407024 10.5892 1387.15 -303.101 24.9742 -0.828442 0.0106716 -9970.92 338.207
2 31.7155 9.11171 1665.57 -358.539 29.217 -0.967661 0.0123433 -8263.67 295.518
3 -29.7194 11.6795 1476.12 -327.259 26.9101 -0.894323 0.0115011 -9927.72 339.415
4 41.6002 7.3577 1510.67 -329.946 27.1317 -0.90209 0.0115894 -9715.23 332.01
5 26.0928 7.3674 1888.64 -407.206 32.66 -1.07045 0.0134551 -11914.9 395.894
6 19.2753 9.00828 1689.74 -368.129 29.9672 -0.991257 0.0126007 -8400.3 297.118
7 -11.9389 11.444 1383.8 -302.402 24.8557 -0.82198 0.0105542 -11748.1 387.979
8 10.1349 9.89874 1826.1 -397.105 32.1423 -1.06012 0.0133891 -7927.22 283.94
9 19.304 7.93005 1732.9 -374.323 30.1682 -0.992855 0.0125885 -6943.42 256.661
10 2.21675 11.1673 1239.47 -271.168 22.5497 -0.74879 0.00970936 -10866.5 363.42
11 11.7912 9.98402 1274.53 -281.259 23.4975 -0.784641 0.0101786 -7946.96 284.05
12 28.5688 8.15337 619.028 -141.018 12.7028 -0.430985 0.00600876 -13034.5 425.673
13 13.5949 9.31848 1240.19 -271.405 22.4266 -0.739101 0.00950217 -10057.1 338.271
14 30.7464 9.602 1409.97 -302.408 24.7744 -0.816138 0.0104464 -10824.3 362.799
15 2.26027 8.81399 1545.33 -340.859 27.8563 -0.922624 0.0117889 -11681.2 388.362
16 -17.9865 10.1303 1023.97 -234.312 19.9106 -0.666823 0.00879445 -15724.5 497.497
17 48.7286 7.57015 1742.09 -367.672 29.3103 -0.95107 0.0118927 -8977.87 310.872
18 33.7875 10.0028 1216.92 -261.713 21.7937 -0.725494 0.00944789 -8909.9 308.062
19 -5.09934 10.0387 838.102 -188.276 16.2231 -0.546285 0.00738882 -6765.02 250.263
20 41.0084 7.23871 1302.63 -280.832 22.9441 -0.753 0.00963363 -10707.3 355.814
21 0.413669 9.79927 1055.34 -239.888 20.4501 -0.690116 0.00914115 -12716.5 416.386
22 30.0609 9.01718 1724.49 -368.392 29.5539 -0.962603 0.0120407 -9956.45 337.298
23 -13.5027 9.38766 1360.91 -301.442 24.5526 -0.804469 0.0102261 -10293.7 344.938
24 58.0709 6.78679 1731.27 -364.898 29.123 -0.945492 0.0118317 -6856.66 251.094
25 34.0777 7.95744 1824.04 -390.938 31.2288 -1.01704 0.0126986 -8799.92 306.04
26 24.2622 8.66034 1248.29 -272.493 22.5434 -0.744104 0.00956236 -8961.8 308.86
27 22.0981 7.83554 1513.04 -326.732 26.3622 -0.861423 0.0108921 -7984.17 281.101
28 31.6377 7.92991 1157.42 -254.597 21.2935 -0.707686 0.00919627 -7371.88 264.943
29 12.1011 8.91414 1048.32 -237.218 20.2321 -0.682917 0.00904329 -5548.28 215.165
30 31.4842 8.96363 1373.49 -296.495 24.4656 -0.812323 0.010468 -11301.3 377.675
31 -16.2846 8.90243 1293.52 -290.053 23.8963 -0.792034 0.010185 -10440.2 349.512
32 105.558 9.65536 1327.24 -273.899 22.9496 -0.76911 0.0101043 -10902.4 371.763
33 71.5509 9.6706 1553.32 -332.584 27.7247 -0.935559 0.0122357 -12359.6 414.477
34 76.7857 8.80659 1191.7 -252.977 21.3837 -0.718696 0.00951285 -12367.4 411.389
35 88.3039 9.20826 1350.06 -283.654 23.8465 -0.807577 0.0106966 -5503.83 222.327
36 105.86 9.30387 1538.25 -317.775 26.3148 -0.880677 0.0114589 -9929.36 345.606
37 99.5931 9.9726 812.805 -165.449 14.7629 -0.505591 0.00700403 -12158.2 404.268
38 104.005 9.45232 1267.49 -262.825 22.2315 -0.751804 0.00998504 -11868.7 400.374
39 71.8739 10.4526 972.848 -204.245 17.6679 -0.598052 0.00807897 -14599.1 471.355
40 101.688 9.4041 1401.83 -292.472 24.5002 -0.823266 0.0107838 -15051.8 485.472
41 119.435 8.64288 993.551 -201.339 17.2946 -0.580745 0.00778186 -10814.9 363.519
42 104.188 8.49477 1238.22 -259.78 21.9958 -0.742808 0.00983603 -7226.52 268.786
43 106.394 8.33623 991.851 -204.762 17.6556 -0.597839 0.00807236 -10799.7 366.315
44 93.1404 8.65805 1245.02 -260.24 21.9402 -0.740725 0.00986983 -7587.46 283.306
45 95.8453 8.47451 1928.59 -403.181 32.559 -1.07539 0.0136377 -8974.22 317.501
46 87.4301 9.45208 1331.67 -278.968 23.3338 -0.782803 0.0102422 -8248.64 294.91
47 95.7579 8.19231 1391.04 -286.609 23.5193 -0.775922 0.0100092 -7221.27 264.98
48 83.9975 9.17269 1214.76 -252.498 21.0734 -0.701153 0.00919498 -11237.9 376.215
49 110.609 9.0738 1212.94 -244.434 20.4355 -0.683087 0.00904703 -8172.17 294.456
50 70.3247 8.69904 1740.01 -364.984 29.5848 -0.98056 0.0126037 -11266.6 382.412
51 94.2129 9.04389 1506.12 -308.594 25.1156 -0.826033 0.0105805 -8806.98 309.704
52 99.3678 8.92874 1644.67 -340.145 27.7838 -0.923483 0.0119104 -8594.64 307.397
53 67.5543 12.1312 457.252 -94.6707 9.86483 -0.371234 0.00579471 -9494.16 331.157
54 71.9351 8.59517 1504.76 -316.896 25.9942 -0.865221 0.0112159 -9839.01 338.965
55 84.4701 9.99455 1293.44 -268.923 22.524 -0.755792 0.0099672 -9650.91 336.377
56 99.8449 9.67787 1504.91 -304.67 24.6901 -0.807982 0.0103231 -9638.71 333.377
57 114.731 9.13654 1669.44 -340.863 27.7495 -0.918964 0.0118334 -11728.6 396.506
58 106.486 9.65311 1551.85 -323.974 27.0394 -0.914915 0.0120268 -6643.01 257.896
59 72.953 12.0498 991.772 -191.874 15.9943 -0.528507 0.00716619 -8660.64 306.585
60 95.6617 8.8515 1454.24 -298.918 24.4946 -0.808691 0.0104157 -10726.5 362.961
61 108.722 8.42207 2203.47 -454.095 36.1509 -1.18429 0.0148319 -9774.33 340.063
62 73.34 9.14346 1204.91 -255.1 21.5039 -0.723411 0.00952752 -11073.3 370.861
63 95.7504 9.69609 1330.14 -274.132 22.8516 -0.764002 0.00992713 -6765.35 251.093
64 22.4546 8.01238 1260.04 -279.488 23.273 -0.774553 0.0100467 -7617.62 273.714
65 17.5452 7.41538 1112.39 -250.565 21.0789 -0.703122 0.00920313 -11513.2 382.039
66 -13.431 8.9158 1035.68 -237.216 20.0175 -0.666993 0.00874829 -10633.5 355.423
67 2.2683 8.48571 1405.65 -311.049 25.3191 -0.827121 0.0104687 -9636.08 327.598
68 3.23843 7.70801 952.658 -223.164 19.2679 -0.652306 0.00869972 -7372.29 266.886
69 21.2119 7.3368 879.898 -199.471 17.0561 -0.567535 0.00752873 -8408.93 291.937
70 -16.1441 7.62988 1357.88 -306.744 25.0369 -0.820503 0.0104264 -9796.1 331.186
71 39.78 7.69207 1167.07 -254.636 21.2155 -0.70197 0.00910182 -10787.6 360.225
72 -50.286 10.2818 1509.06 -338.072 27.3397 -0.893077 0.0112867 -9965.95 336.861
73 23.1087 9.32433 588.045 -136.204 12.4605 -0.425795 0.0059962 -10646.5 359.352
74 -5.84135 8.87786 1576.48 -344.649 27.783 -0.90663 0.0114264 -8343.08 292.479
75 -17.2738 9.32343 1337.82 -298.239 24.3296 -0.795566 0.010106 -8624.53 299.041
76 -14.7934 10.2886 789.668 -183.879 16.0464 -0.539229 0.00726057 -11425 377.032
77 -6.26337 8.8114 1357.55 -300.442 24.4987 -0.803154 0.0102341 -11562.2 380.299
78 -21.3093 9.67343 1111.4 -254.484 21.5245 -0.723086 0.00951479 -10676.8 358.185
79 -16.5036 10.5506 825.095 -190.04 16.4999 -0.556055 0.00750406 -10769.2 360.303
80 38.7531 8.12984 1244.94 -269.691 22.2267 -0.729896 0.00938139 -9113.47 313.519
81 3.58529 7.88705 1250.91 -275.749 22.554 -0.736678 0.00941053 -11017.1 364.387
82 3.81279 7.67083 1516.16 -332.67 26.8424 -0.875208 0.0110423 -9409.02 321.359
83 42.1861 6.99187 1381.48 -293.392 23.5997 -0.761185 0.0095718 -8301.14 289.311
84 40.6316 8.70878 1816.6 -384.359 30.6115 -0.991621 0.0123272 -10972.9 365.509
85 -5.64913 7.92426 1196.45 -273.026 22.8399 -0.761848 0.00990034 -9218.25 316.934
86 1.38604 9.52611 932.923 -212.868 18.222 -0.609007 0.00806047 -11864.9 389.447
87 -23.3118 9.1742 935.815 -217.118 18.528 -0.620919 0.00825026 -10442 351.083
88 -2.30913 8.87908 1343.06 -299.238 24.5926 -0.80864 0.0103272 -7849.63 279.447
89 -24.8236 8.11607 1488.64 -334.581 27.225 -0.894562 0.0113552 -9521.71 324.817
90 -34.7736 10.331 1148.72 -262.441 21.9672 -0.732931 0.00955632 -9768.19 331.707
91 1.1071 8.40418 1370.67 -302.896 24.6791 -0.806617 0.010225 -9915.35 335.188
92 -58.8303 11.2994 1395.75 -316.46 25.9246 -0.854798 0.0108903 -10567.1 350.979
93 1.36705 9.12028 936.505 -214.585 18.4208 -0.615651 0.00812353 -5305.06 207.362
94 -27.2613 10.0224 925.136 -210.635 17.7537 -0.58631 0.00770032 -5990.4 224.711
95 9.45566 8.38649 1417.25 -311.922 25.5933 -0.845128 0.010795 -8405.72 294.131
