0 33.7952 8.67428 1075.35 -221.014 17.6603 -0.555106 0.00718097 0 0
1 24.3587 7.55514 1935.51 -424.181 34.4482 -1.14669 0.0146387 -6970.41 260.211
2 8.07433 9.99893 2119.92 -462.384 37.5026 -1.25071 0.0159441 -7035.89 264.163
3 21.0971 9.39862 1446.52 -320.505 26.9747 -0.918941 0.0121713 -7778.63 286.415
4 0.611079 8.76544 2211.11 -483.757 39.0492 -1.29919 0.0164754 -6861.36 257.578
5 10.386 9.71517 1737.91 -383.574 31.5725 -1.06049 0.013711 -6894.04 257.837
6 49.8681 10.0983 1529.55 -330.346 27.5793 -0.929746 0.0121156 -5986.73 230.867
7 27.9888 10.2247 1437.41 -314.983 26.327 -0.888094 0.0116357 -6573.04 247.999
8 11.4227 10.4811 2213.5 -473.836 37.849 -1.24417 0.0155983 -5822.22 224.979
9 44.2319 8.16345 2017.7 -433.331 34.9165 -1.1545 0.0146288 -6363.32 241.85
10 22.3719 10.3522 1485.59 -325.356 27.068 -0.908451 0.0118243 -6249.18 238.212
11 26.5404 9.26792 1298.39 -289.716 24.5898 -0.836512 0.0110684 -6010.74 230.294
12 36.9951 8.16653 1950.93 -413.82 32.8789 -1.06983 0.0133974 -6455.85 242.175
13 18.4958 8.55409 1498.75 -327.111 26.7853 -0.888696 0.0114661 -6633.26 247.615
14 36.4437 9.68733 1560.27 -333.337 27.2359 -0.902191 0.0115937 -5589.27 216.623
15 11.9859 10.0127 1128.49 -253.445 21.6137 -0.731926 0.00972102 -6531.87 244.317
16 26.7132 8.19242 799.11 -183.402 16.1643 -0.550272 0.00752986 -7222.48 264.958
17 15.84 7.91908 1580.66 -354.646 29.469 -0.993396 0.0129046 -6298.73 238.722
18 10.8077 8.99126 1057.58 -239.091 20.4218 -0.68993 0.00918784 -6255.38 235.684
19 57.3441 10.1099 1089.48 -238.717 20.7052 -0.708485 0.00953332 -7084.28 263.62
20 37.7247 8.62581 2298.93 -490.83 39.168 -1.28997 0.0162116 -6611.66 250.222
21 42.8746 8.23504 1878.41 -400.797 32.1461 -1.05123 0.0131866 -5892.41 224.862
22 9.91447 9.31933 1899.73 -416.05 33.8477 -1.12812 0.0144296 -7285.85 269.761
23 27.7093 9.4319 1274.78 -279.336 23.4008 -0.785129 0.0102921 -6275.04 236.726
24 35.2394 8.36776 1405.09 -308.265 25.489 -0.847519 0.0109579 -6355.11 238.727
25 30.2147 7.85276 1419.47 -312.538 25.895 -0.865777 0.0112548 -6614.78 247.293
26 7.72284 8.68444 1507.74 -336.506 27.939 -0.938628 0.012183 -6354.67 239.901
27 32.6289 9.23935 1590.35 -347.088 28.5979 -0.954464 0.0122796 -6396.17 240.924
28 20.0682 9.06477 1290.43 -286.892 24.0894 -0.810874 0.0106446 -7064.64 260.903
29 39.0741 7.57913 2238.39 -477.706 37.9872 -1.24618 0.0156129 -6186.34 235.516
30 23.3835 8.47035 1210.81 -270.2 22.7853 -0.767105 0.0100948 -5636.77 216.997
31 49.3477 8.53209 1798.92 -388.936 31.7633 -1.05687 0.0134716 -6113.14 232.545
32 -55.69 8.79623 1852.78 -421.372 34.0115 -1.11775 0.0140849 -7076.44 260.59
33 -40.9478 8.55614 2446.11 -528.536 40.9079 -1.30317 0.0158233 -6489.65 241.326
34 -86.14 12.3671 396.739 -118.118 11.4988 -0.402793 0.00585613 -6773.21 250.866
35 -54.3103 10.4659 840.361 -205.026 17.8206 -0.600977 0.00809493 -6009.06 226.87
36 -52.1757 9.49842 1074.74 -257.046 21.7818 -0.727014 0.0095195 -5973.44 225.361
37 26.6749 2.01155 885.678 -221.847 19.2262 -0.650458 0.00874618 -6576.56 244.655
38 -69.6545 11.4736 464.466 -128.484 12.0804 -0.416004 0.00594969 -6031.71 228.013
39 -45.3443 9.68061 1495.28 -335.65 27.2173 -0.889783 0.0113153 -5809.81 221.454
40 -65.253 11.0359 89.5339 -48.5307 5.85026 -0.206149 0.00335891 -6181.95 231.665
41 -73.2252 11.6881 1320.55 -302.939 24.8978 -0.818368 0.0104846 -5727.83 217.925
42 -64.1285 11.5749 1013.2 -238.371 20.1281 -0.668619 0.00880756 -5755.9 219.503
43 -58.6532 10.833 1024.93 -242.922 20.522 -0.68244 0.00898549 -6101.05 229.927
44 -28.6894 9.77456 1149.34 -268.191 22.6083 -0.753515 0.00984899 -6003.22 228.007
45 -22.9755 8.06266 2089.05 -450.588 35.3123 -1.13365 0.0139721 -6601.68 245.144
46 -23.5571 9.11219 587.809 -149.93 13.7043 -0.467209 0.00647991 -5384.47 207.356
47 -62.3989 10.8854 972.815 -232.739 19.7893 -0.659687 0.00871444 -6220.01 232.835
48 -88.5372 13.4935 662.285 -167.506 14.8427 -0.497191 0.0067673 -6526.47 241.823
49 -72.9622 12.142 1590.4 -356.723 28.7086 -0.932288 0.0117488 -6090.38 230.407
50 -32.5125 8.95114 1395.34 -316.254 25.8592 -0.847976 0.0108511 -6067.82 229.621
51 -74.8866 11.2587 1360.62 -309.862 25.2039 -0.822809 0.0104899 -5734.91 217.727
52 -70.8423 10.854 839.368 -203.982 17.3386 -0.57155 0.00756158 -5816.15 219.219
53 1.13563 8.30886 1134.81 -256.348 21.3524 -0.702141 0.0090789 -4777.36 189.054
54 -56.8097 11.3715 1012.29 -238.965 20.2821 -0.67604 0.0089077 -6204.95 232.745
55 -62.5851 9.30865 480.246 -132.673 12.1681 -0.41153 0.00577193 -5351.3 204.909
56 -65.5005 11.2943 1462.97 -328.571 26.4182 -0.852722 0.0106859 -5342.21 204.632
57 2.18165 7.79779 3265.88 -675.61 50.8845 -1.5926 0.0188492 -6483.61 241.817
58 -50.0294 10.1398 617.931 -154.78 13.813 -0.462897 0.00634409 -5593.6 212.845
59 -64.104 11.4473 1380.47 -317.246 26.097 -0.859688 0.011006 -6025.15 227.455
60 -9.8131 8.58847 1033.34 -237.385 19.9624 -0.659486 0.00862195 -5817.13 220.315
61 -10.6496 7.15666 2116.91 -458.269 35.8233 -1.1455 0.0140188 -6016.01 226.566
62 -74.5118 12.0912 1386.49 -317.039 25.979 -0.85377 0.0109394 -5884.77 224.206
63 -55.387 10.4743 1558.43 -350.098 28.2821 -0.922042 0.0116142 -5610.76 213.79
64 11.2692 9.22962 875.454 -202.689 17.7296 -0.603252 0.00818653 -6528.56 244.175
65 10.5699 8.98053 2233.98 -491.298 39.8651 -1.33197 0.0169724 -6643.54 253.472
66 37.7278 9.783 658.636 -152.616 14.2381 -0.501319 0.00717771 -7695.83 284.054
67 -22.9775 10.9786 756.616 -179.015 15.9829 -0.55264 0.00775509 -7826.47 287.31
68 45.9928 8.04597 2190.99 -468.927 37.7197 -1.24937 0.0158525 -6949.11 262.373
69 24.9245 8.8389 1840.82 -397.485 31.9479 -1.04641 0.0131607 -5808.8 222.291
70 16.0895 10.1189 1132.81 -252.971 21.5394 -0.727603 0.00965537 -6367.46 239.656
71 21.8163 7.86648 1733.02 -378.504 30.886 -1.02934 0.0132491 -6774.83 254.023
72 10.7095 9.39973 1279.21 -289.833 24.7203 -0.846281 0.0113715 -9654.19 346.317
73 10.0147 9.00139 3019.8 -649.587 51.2439 -1.68079 0.0208312 -7586.29 281.798
74 25.9404 8.93695 1703.95 -375.359 31.1219 -1.05154 0.013733 -8665.59 315.114
75 3.59423 9.10063 1550.84 -342.427 28.1296 -0.935936 0.0120585 -6093.31 232.025
76 14.7735 9.94791 1265.59 -282.259 23.7452 -0.797433 0.0104601 -6904.95 256.419
77 6.86426 7.87082 2447.41 -525.208 41.4136 -1.35113 0.0168058 -6507.52 245.853
78 6.83523 8.78614 1528.47 -336.329 27.4762 -0.908552 0.0116334 -6228.19 234.131
79 8.01981 10.5169 1370.49 -305.091 25.7854 -0.87709 0.011605 -7527.01 277.709
80 18.3515 10.2997 2168.81 -464.825 37.1931 -1.22339 0.0153888 -6288.58 240.099
81 8.45522 9.36189 1236.45 -259.142 20.5303 -0.648931 0.00821236 -10061.4 348.508
82 38.0737 4.24901 0 0 0 0 0 0 0
83 44.2675 9.90427 1551.37 -336.541 27.9453 -0.939101 0.0122495 -5794.5 226.273
84 -1.3826 9.86 1602.89 -347.318 27.9895 -0.913663 0.0115663 -5530.98 213.112
85 -6.87711 9.38272 1584.12 -356.969 29.683 -1.00151 0.0130528 -7588.41 279.187
86 1.11476 9.51937 1153.27 -263.171 22.4827 -0.762785 0.0101235 -6319.07 238.35
87 -11.9407 11.6102 1522.04 -340.134 28.3815 -0.957955 0.0125114 -7183.74 267.237
88 16.9526 9.73079 2051.87 -440.565 35.2631 -1.15578 0.0145195 -6122.39 234.343
89 9.09225 11.4383 1907.74 -413.384 33.7487 -1.12669 0.0144412 -7620.09 281.444
90 10.3625 11.125 990.392 -222.1 19.247 -0.655313 0.00885827 -6161.1 235.382
91 -21.8444 12.0333 1030.03 -237.025 20.519 -0.699518 0.00937782 -6044.53 230.008
92 -19.4186 10.137 1353.99 -311.394 26.465 -0.906642 0.0120614 -8049.2 294.391
93 -11.1639 11.4858 1658.43 -363.819 29.7628 -0.988354 0.0126495 -6079.14 231.083
94 -0.838348 9.92988 994.395 -228.681 19.8847 -0.682325 0.00929741 -7793.34 285.617
95 -9.14745 10.7234 1539.62 -343.676 28.6774 -0.971 0.0127142 -6795.61 255.684
