0 39.1733 8.825 555.741 -133.698 12.761 -0.450538 0.00650025 -9802.24 343.42
1 29.6454 8.99935 276.555 -67.5274 7.15034 -0.254992 0.00405497 -8139.57 295.501
2 -11.4578 10.2294 369.592 -98.0111 9.84841 -0.349713 0.005171 -10496.3 356.136
3 48.0968 7.34751 375.284 -91.9585 9.21622 -0.322269 0.00475617 -9785.1 335.667
4 53.4302 7.97198 456.252 -110.947 11.031 -0.394576 0.00582323 -9402.4 331.295
5 44.2517 8.11424 644.039 -146.66 13.2784 -0.453506 0.00630351 -9155.64 317.479
6 37.2617 7.74904 574.322 -136.624 12.6778 -0.437016 0.00614968 -9128.11 318.911
7 39.2833 7.71886 827.057 -184.84 15.9509 -0.532478 0.00711993 -9184.93 316.437
8 31.9867 7.85317 463.872 -116.728 11.3988 -0.405173 0.00592435 -9957.22 344.122
9 21.2586 9.28593 314.2 -78.7456 8.07398 -0.282361 0.00424072 -11312 374.184
10 32.2497 5.87069 805.751 -187.479 16.3503 -0.553038 0.00749458 -12179.2 401.423
11 28.1522 8.39112 282.441 -71.2569 7.51298 -0.264962 0.00406743 -9227.8 320.867
12 45.4474 7.11817 397.574 -98.0296 9.72149 -0.34068 0.00500685 -11661.9 387.745
13 80.7558 6.75257 606.212 -132.996 12.2033 -0.415986 0.00580796 -10360.8 350.273
14 27.974 7.84236 213.294 -63.0624 7.11914 -0.255519 0.00392906 -12049.6 392.505
15 50.61 7.11311 592.503 -137.004 12.5866 -0.432161 0.00605684 -8557.29 300.986
16 47.8015 9.60286 571.015 -123.96 11.3394 -0.383669 0.00540049 -8698.38 307.073
17 57.0151 8.26837 605.407 -136.358 12.5498 -0.430376 0.0060701 -10008.1 346.595
18 46.5507 7.70912 1165.74 -256.979 21.6602 -0.72619 0.00957372 -10435.1 357.526
19 67.5577 8.41855 298.769 -68.1957 7.28172 -0.255927 0.00394944 -6843.77 256.197
20 42.944 8.38345 447.89 -104.651 10.0461 -0.347592 0.0050576 -7818.47 283.971
21 93.5396 6.76935 751.005 -162.498 14.5289 -0.494168 0.00676651 -9882.64 338.92
22 52.2833 8.07763 709.736 -158.043 14.0816 -0.477754 0.00658184 -9882.84 339.747
23 68.0213 7.20635 830.459 -182.619 15.914 -0.533433 0.00714945 -12813.4 417.209
24 38.5261 7.60731 779.441 -179.7 15.8134 -0.532763 0.00718516 -10788.3 363.583
25 56.0648 8.02477 954.298 -209.394 17.9049 -0.596012 0.00785976 -9918.22 336.79
26 16.57 8.11098 873.586 -198.412 17.038 -0.568302 0.00754427 -9616.97 328.597
27 36.1097 7.82831 663.515 -152.365 13.6528 -0.463102 0.006348 -8691.7 302.163
28 33.3756 8.74185 891.925 -198.64 17.1112 -0.574502 0.00769404 -8569.1 303.04
29 19.0832 8.48718 383.831 -94.0494 9.19129 -0.317202 0.00466517 -10317.1 349.436
30 25.7754 8.61535 572.527 -133.541 12.1606 -0.412596 0.00574631 -9875.03 333.833
31 80.5898 7.78325 773.771 -166.336 14.6887 -0.495831 0.00674522 -10853.2 364.882
32 -90.6976 13.7649 312.804 -90.5845 8.98738 -0.314057 0.00475907 -9752.08 340.251
33 12.3879 6.3732 1408.87 -317.203 26.222 -0.876496 0.0114127 -9650.65 335.056
34 6.08799 7.67438 702.778 -169.321 15.1194 -0.517005 0.00713785 -10138.3 346.45
35 -49.006 9.2475 1269.14 -286.147 23.3171 -0.765095 0.0098921 -11858.8 393.208
36 -57.5397 11.5792 1050.08 -246.145 21.0805 -0.719211 0.00972899 -8626.36 313.204
37 -19.4413 8.8887 793.398 -192.214 17.0122 -0.584253 0.00805651 -9094.27 322.269
38 -22.8851 9.64154 1274.05 -293.221 24.7379 -0.837263 0.0110693 -11659.3 392.549
39 -27.4999 9.63777 789.562 -191.014 16.8337 -0.574774 0.00786657 -9647.01 333.986
40 -54.7236 9.47641 615.595 -160.291 14.3646 -0.489038 0.00680641 -11683.5 391.096
41 -19.6611 9.48113 1094.06 -254.562 21.7767 -0.740799 0.00992758 -9906.87 346.56
42 -86.5186 11.3428 269.705 -84.6275 8.33391 -0.286516 0.00430804 -9825.61 335.867
43 -11.5439 7.58637 1147.29 -259.653 21.6116 -0.719284 0.00947751 -7271.66 269.694
44 -56.2275 9.52859 304.408 -83.9304 7.91533 -0.263232 0.00396772 -7451.62 273.387
45 -72.7609 12.5179 960.937 -225.147 19.0781 -0.637934 0.00849444 -11324.5 380.946
46 -56.2735 11.562 520.89 -136.196 12.6775 -0.439439 0.00628508 -10569.1 361.153
47 -21.3421 9.34429 898.093 -207.785 17.7004 -0.590123 0.00786248 -10230.7 345.828
48 -66.6331 12.1701 478.799 -120.441 10.9745 -0.369858 0.00528401 -9603.81 332.171
49 -6.62791 9.589 739.53 -176.391 15.7203 -0.538517 0.00740785 -8561.72 303.411
50 7.1293 8.74088 1007.75 -231.52 19.818 -0.66799 0.00888733 -12019.3 399.326
51 -13.5037 8.29795 1061.96 -246.002 20.7101 -0.691675 0.00911467 -10603.1 357.559
52 -9.5437 8.95374 750.915 -178.867 15.7097 -0.530508 0.00719184 -9981.04 341.008
53 -36.8653 9.49301 970.228 -227.623 19.2788 -0.6438 0.0085306 -10961.3 369.033
54 1.48172 8.87931 1763.75 -385.101 31.0886 -1.02418 0.0130299 -10125.2 348.99
55 -35.2661 9.69897 1535.41 -342.902 27.9715 -0.924079 0.0118242 -10691.3 362.988
56 -37.5037 10.23 1324.76 -300.299 24.8808 -0.829987 0.0108139 -9660.92 337.716
57 -25.4182 9.27223 1393.81 -315.72 26.0463 -0.866525 0.0112307 -9074.81 319.45
58 -16.1589 8.28862 1123.35 -258.717 21.7678 -0.72921 0.00958335 -9904.44 340.243
59 -10.9884 9.32958 1134.82 -252.585 20.9803 -0.693352 0.0090611 -7734.21 280.094
60 2.17752 8.43931 687.699 -159.887 14.0053 -0.470727 0.00647378 -10737.1 362.986
61 8.27363 4.72969 1144.1 -267.536 22.3478 -0.746654 0.00980154 -12167.1 401.433
62 -28.0933 10.6171 438.228 -110.325 10.3692 -0.353585 0.0050874 -9747.99 336.435
63 -30.2707 9.9058 587.616 -143.07 12.7648 -0.428433 0.0059193 -10439.2 349.31
64 77.9149 7.41402 849.224 -179.804 15.4087 -0.510893 0.00683935 -11499.1 381.34
65 78.9786 6.85647 995.735 -213.624 18.2902 -0.617885 0.00835389 -12388.8 412.322
66 33.3113 8.6724 1115.85 -246.645 20.8607 -0.701855 0.00932288 -9074.63 320.215
67 70.6131 6.74319 968.27 -211.915 18.2671 -0.618331 0.0083369 -11942.5 398.821
68 79.3196 8.00619 605.369 -129.8 11.9332 -0.407256 0.00576459 -9845.74 339.86
69 46.9342 8.33052 735.806 -161.728 14.181 -0.473996 0.0064764 -10533.4 356.69
70 93.7836 6.57975 1806.14 -381.903 30.9393 -1.02084 0.0129809 -9555.69 334.538
71 53.1265 9.75421 427.481 -91.0277 8.80549 -0.301912 0.00454484 -10900 373.985
72 52.7285 7.90617 799.572 -179.385 15.9004 -0.544273 0.00749974 -9859.59 343.369
73 60.6112 8.52567 554.084 -122.953 11.4987 -0.39758 0.00574156 -8768.2 313.697
74 89.4756 8.22728 997.857 -209.87 18.0225 -0.606397 0.00815694 -10515.2 361.383
75 66.2493 7.29169 327.835 -75.0241 7.68516 -0.266418 0.00410157 -12920.9 426.2
76 104.43 4.71265 1485.14 -312.41 25.4573 -0.836858 0.0107338 -12314.1 408.516
77 65.9908 7.87676 540.445 -116.969 10.7087 -0.360659 0.00513811 -10347.9 353.615
78 69.4339 6.55271 1292.31 -270.925 22.048 -0.71988 0.00927955 -9039.11 314.836
79 66.0507 7.62176 1218.75 -257.871 21.2822 -0.700228 0.00911629 -12795.8 420.519
80 83.1202 7.07211 656.784 -143.64 13.0491 -0.44644 0.00625235 -10434.4 356.386
81 107.454 6.22903 815.126 -172.564 15.1518 -0.512288 0.0070065 -7280.5 267.831
82 78.2397 6.62336 1107.93 -235.615 19.6389 -0.649829 0.00854525 -9591.04 331.247
83 34.4042 8.13441 830.982 -182.662 15.6493 -0.520347 0.0070381 -6879.23 257.012
84 20.1114 8.98874 707.63 -156.604 13.5891 -0.450415 0.00611935 -11613.5 383.314
85 81.3935 8.52218 765.776 -160.36 14.078 -0.471114 0.00643133 -8221.48 293.465
86 61.3057 7.68053 974.798 -212.422 18.1021 -0.604639 0.00804699 -8868.14 310.909
87 71.3623 7.92646 850.391 -184.088 16.0353 -0.539667 0.00730019 -8042.84 288.617
88 39.6231 7.63313 757.247 -168.662 14.6536 -0.488136 0.00662238 -11167.3 374.712
89 72.6413 7.00087 1178.37 -253.336 21.2718 -0.710789 0.00936998 -8897.95 315.554
90 40.7116 8.55194 978.365 -215.09 18.3726 -0.614756 0.0081799 -11264.9 378.735
91 70.2988 6.94711 965.521 -211.645 18.2008 -0.612075 0.00822425 -10098.2 349.368
92 50.3745 7.7033 1095.71 -240.905 20.371 -0.68135 0.00900228 -9027.6 318.047
93 85.0824 5.05288 1886.3 -401.459 32.2872 -1.06368 0.013491 -10430.5 358.024
94 54.7057 9.40752 826.283 -175.051 15.1135 -0.506074 0.00693847 -6327.15 245.159
95 71.5911 8.72444 907.025 -195.264 17.0496 -0.580378 0.00789976 -9465.64 331.141
