0 -99.6771 17.619 -1265.36 227.195 -13.9308 0.418474 -0.00321455 -4312.23 201.781
1 -63.9 15.4191 -471.038 52.2869 0.316192 -0.0786018 0.00296219 -4596.68 209.171
2 -117.541 16.4892 -2677.64 519.472 -36.5934 1.1825 -0.0127394 -4292.26 197.104
3 -103.551 16.4041 -2037.01 400.638 -28.1968 0.917013 -0.00954948 -2830.16 148.627
4 -22.445 10.0209 -1744.07 307.305 -18.6232 0.532127 -0.00419224 -3792.8 183.924
5 -53.8753 11.3891 -942.331 136.443 -5.61691 0.102464 0.00100344 -3894.26 185.461
6 -108.52 16.3002 -190.597 -22.9 6.48428 -0.292012 0.00567754 -4429.4 203.325
7 -33.657 12.4679 -255.969 1.95033 4.3541 -0.21871 0.00478198 -3382.87 167.764
8 -25.0049 10.1072 254.589 -43.8749 2.93525 -0.0265654 -0.000103776 -3288.39 130
9 -57.5399 13.8592 -818.672 130.892 -6.52506 0.180672 -0.000529877 -5128.76 227.46
10 -63.9046 11.9081 -2629.02 494.859 -33.704 1.05711 -0.0109358 -4581.29 206.504
11 -79.7276 14.5645 -298.558 11.1937 3.27028 -0.167377 0.00397198 -4201.83 195.999
12 -116.637 16.8785 -1309.81 237.66 -15.3621 0.490527 -0.0045045 -4260.13 196.861
13 -97.4144 13.9351 -809.902 114.314 -4.59445 0.0875205 0.000879248 -3612.77 172.677
14 -55.5829 13.7421 -957.864 155.741 -7.75059 0.188057 -0.000158761 -4113.65 194.028
15 -88.8753 15.1002 -1023.78 160.138 -7.88061 0.192202 -0.000326801 -3912.36 183.861
16 -111.385 16.7512 -1000.09 167.182 -9.40728 0.27396 -0.00159698 -4762.64 214.742
17 -102.924 15.2718 445.516 -151.781 15.9035 -0.590728 0.00913355 -4114.89 191.617
18 -66.4517 13.3987 -919.376 145.223 -7.16075 0.179386 -0.000239929 -3824.16 182.454
19 -68.8361 13.8005 -851.94 121.742 -4.8597 0.0913647 0.000929435 -3976.73 187.792
20 -95.3661 16.8476 -762.075 119.01 -5.28583 0.10812 0.000888106 -4333.5 201.766
21 -79.0791 14.1234 217.642 -101.822 12.2487 -0.478133 0.00783432 -4231.3 194.865
22 -96.2667 15.052 -158.856 -28.7255 6.92016 -0.312127 0.006018 -4347.7 199.694
23 -53.5443 12.3216 -759.254 105.161 -3.76189 0.0635228 0.00108722 -4506.65 204.634
24 -121.078 18.0233 -1135.15 205.727 -13.1998 0.425065 -0.00371398 -4143.74 193.791
25 -92.1004 14.5836 -711.176 94.1126 -3.06952 0.0413261 0.00141217 -3650.32 174.792
26 -114.362 17.5641 -469.653 47.8281 0.407578 -0.07199 0.0027864 -4844.62 216.735
27 -38.4079 13.5173 -438.471 48.7042 0.332481 -0.0708105 0.0027763 -3965.11 187.648
28 -134.103 17.4206 -1234.16 212.528 -12.8392 0.383279 -0.00288602 -4218.24 194.639
29 -52.1378 13.82 -702.816 102.082 -3.74842 0.0635894 0.00115566 -3609.89 174.825
30 -64.5451 13.7632 -825.919 116.84 -4.44558 0.0774572 0.00106028 -4490.47 204.443
31 -112.373 16.4834 195.873 -99.7933 12.0277 -0.46732 0.00765108 -4082.32 189.41
32 -117.21 18.2401 -1600.25 297.36 -19.4749 0.608354 -0.00563482 -4306.24 200.049
33 -58.8129 10.1756 -2172.53 393.412 -25.6343 0.778238 -0.00735744 -3657.05 176.555
34 -145.244 19.9333 -1210.28 208.948 -12.4729 0.370504 -0.00274469 -4209.02 194.801
35 14.0956 3.55421 -79.663 -43.7815 7.2863 -0.295488 0.00544683 -4078.55 189.346
36 -138.319 18.4728 -1960.88 378.87 -26.5458 0.875516 -0.00935498 -4568.89 207.937
37 -112.93 14.9913 112.519 -84.0998 10.6342 -0.418313 0.0070543 -4505.16 202.344
38 -89.0505 16.255 -1530.56 288.205 -19.1074 0.606683 -0.00578455 -4507.75 205.607
39 -133.917 17.1762 -513.371 50.4347 0.33973 -0.0751596 0.00290326 -3759.23 179.444
40 -146.93 19.9251 -1605.37 321.54 -23.4852 0.8169 -0.00910186 -5265.55 231.334
41 -133.468 17.3968 -1064.57 171.414 -9.21385 0.245694 -0.00105825 -4352.09 198.056
42 -168.351 19.7086 -1106.46 183.664 -10.592 0.305861 -0.00185595 -4932.21 220.457
43 -136.641 18.0922 -163.49 -24.6464 6.27082 -0.277087 0.00540313 -3813.71 181.049
44 -103.321 14.5813 -1420.47 248.863 -15.5486 0.471466 -0.0039364 -4239.35 195.911
45 -99.8768 15.7377 -711.096 100.136 -3.79831 0.0717714 0.000978561 -4241.66 195.26
46 -133.724 15.9152 -492.839 44.6395 0.434997 -0.0660699 0.00260141 -3806.24 178.643
47 -151.086 18.7434 -453.387 43.8791 0.355819 -0.0631 0.00254228 -3962.09 183.209
48 -109.415 17.1665 -2269.8 453.814 -32.9531 1.1114 -0.0125533 -4337.54 198.208
49 -104.697 16.4478 -1029.05 159.864 -7.70724 0.179543 -1.88153e-05 -4572.45 208.747
50 -96.2138 15.0507 -669.683 86.9857 -2.4878 0.0189307 0.00167765 -3712.59 176.172
51 -154.847 18.1239 -804.534 121.225 -6.07947 0.167844 -0.000422323 -3828.35 179.823
52 -128.954 16.9213 -1130.93 195.629 -12.1048 0.383821 -0.00329216 -4670.8 208.447
53 -114.92 15.9228 -987.013 167.892 -10.1387 0.318003 -0.00241957 -4181.32 191.299
54 -103.597 15.4494 -2530.41 475.98 -32.3007 1.00929 -0.0102596 -4471.31 205.345
55 -107.527 16.3762 -1342.58 247.63 -16.3295 0.526156 -0.00499822 -4041.79 187.053
56 -128.777 16.7256 -1334.94 247.142 -16.6449 0.547341 -0.00536164 -4673.14 209.333
57 -125.464 16.1647 -1249.66 205.399 -11.8216 0.337537 -0.00219127 -4592.9 207.889
58 -81.597 12.5694 -462.402 43.8142 0.37202 -0.0636874 0.00263276 -4781.76 213.776
59 -96.9809 15.2451 -1033.49 153.849 -6.97921 0.149656 0.000344552 -3926.57 185.064
60 -113.352 16.6575 -1720.71 313.009 -20.2088 0.615656 -0.00552047 -4519.68 206.114
61 -134.597 16.1419 -243.403 0.239511 3.33609 -0.149475 0.00347088 -4243.62 193.944
62 -87.2022 15.5508 -93.169 -31.5251 6.50217 -0.275037 0.00523544 -4198.86 194.146
63 -69.5738 14.4505 -1656.67 330.534 -23.4935 0.790292 -0.0085082 -4399.81 200.635
64 -23.988 13.2674 -1174.88 215.633 -13.0642 0.385366 -0.0027838 -4461.98 206.09
65 -29.3431 13.3756 -1585.78 307.075 -20.431 0.639994 -0.00601302 -5451.99 238.727
66 -5.35762 13.7547 -1092.15 199.229 -11.4603 0.325665 -0.00202695 -4124.94 195.456
67 13.8403 12.9296 -744.424 128.033 -6.06018 0.146962 8.35167e-05 -4102.11 193.07
68 5.99249 12.272 -372.454 46.24 0.35607 -0.0752926 0.00295693 -4255.63 198.869
69 -5.98302 13.4024 -560.964 81.159 -2.13002 0.00390522 0.00198432 -3905.9 185.657
70 -20.557 13.3559 -911.733 166.274 -9.73957 0.29366 -0.00195014 -4401.28 202.611
71 23.433 12.7182 -241.913 17.466 2.85954 -0.162669 0.00404809 -4295.47 201.156
72 -26.7422 12.0718 -687.31 110.4 -5.04531 0.123399 0.000323955 -4463.32 205.202
73 8.1008 12.6158 -1260.89 241.264 -15.2427 0.467184 -0.00396617 -4286.32 199.097
74 -38.5365 14.3875 -1155.2 207.294 -12.1573 0.348812 -0.00228461 -4555.94 208.71
75 4.87557 10.9568 17.0142 -33.3614 5.77139 -0.225804 0.00433841 -4302.47 197.965
76 12.7171 12.4814 -196.32 3.67148 4.26538 -0.23074 0.00519457 -4046.69 192.512
77 3.79619 13.5726 -1751.32 341.533 -22.8792 0.723481 -0.00724723 -3681.73 176.1
78 -7.13508 12.4088 -815.664 147.692 -8.2372 0.236059 -0.00114041 -4950.01 221.886
79 -37.2484 14.9037 -104.51 -18.2636 5.50216 -0.247399 0.00507328 -4599.93 211.26
80 20.8917 11.1795 -406.344 49.6226 0.369533 -0.0836975 0.00316664 -3926.45 187.596
81 39.9505 10.8789 -7.86997 -40.4489 7.88004 -0.350073 0.00654993 -3982.39 190.166
82 33.5067 10.636 -1068.4 221.706 -15.1063 0.499958 -0.00472314 -4122.14 193.255
83 8.24878 12.8836 74.9961 -49.8685 7.78886 -0.31815 0.00579319 -3953.33 187.972
84 -15.3569 13.7749 -1151.9 229.879 -15.607 0.524199 -0.00525707 -5557.22 238.718
85 -26.0722 14.1676 -913.687 171.873 -10.4521 0.321288 -0.00225988 -3750.48 184.626
86 -10.1772 15.9909 82.0865 -1.76317 0.383706 0.0513899 -0.000211282 -5753.73 245.934
87 -16.5599 13.9876 -1165.96 217.76 -13.3717 0.40343 -0.00318146 -3562.25 174.346
88 -34.2369 14.8242 -361.276 42.6353 0.466061 -0.0734002 0.00295692 -4285.67 201.207
89 -17.4755 14.9259 -369.98 45.9648 0.398641 -0.0763499 0.00301392 -3956.61 190.041
90 -36.0064 15.3516 -115.851 -0.634404 2.9769 -0.122663 0.00297511 -4996.24 221.026
91 -2.05889 12.7188 90.015 -50.2761 7.5493 -0.305412 0.00562841 -4227.9 196.272
92 -33.7394 14.7166 -275.772 33.3142 0.508295 -0.0544311 0.00241036 -4299.17 199.463
93 -15.6001 15.7817 365.905 -112.626 13.0893 -0.517464 0.00855959 -2809.88 150.434
94 10.4436 12.6374 -831.292 148.952 -8.038 0.229025 -0.00106522 -4826.91 219.261
95 -34.6832 17.0032 -1294.92 266.175 -18.4921 0.617457 -0.00628162 -4232.29 197.458
