0 -129.093 19.2152 -1182.41 214.377 -13.5694 0.426153 -0.00359221 -4212.2 196.709
1 -83.9758 16.8722 -1132.22 196.076 -11.077 0.305218 -0.00168952 -3837.3 183.381
2 -66.4932 16.0129 -1353.07 270.911 -18.9166 0.63525 -0.00655248 -4454.78 204.905
3 -71.6937 13.9954 -1854.55 364.29 -25.6766 0.845647 -0.00898618 -3625.05 172.494
4 -65.1162 12.8942 -1023.11 188.488 -12.0441 0.388899 -0.0033201 -4512.42 204.946
5 -98.2768 16.0219 -894.242 149.37 -8.34957 0.243554 -0.00130503 -4337.85 199.214
6 -77.2287 14.334 -1113.85 175.607 -8.69234 0.203838 -0.000204757 -4439.94 203.827
7 -30.6844 11.9093 -1551.69 296.57 -19.9119 0.640887 -0.00634616 -3497.77 170.939
8 -35.8711 13.6047 -1663.79 331.78 -23.3181 0.775335 -0.00818472 -4166.21 194.085
9 -62.5559 15.0533 -542.647 79.3652 -2.81218 0.054792 0.0010315 -3735.77 178.815
10 -54.4564 13.4386 -1013.38 184.098 -11.3856 0.356763 -0.0028436 -3745.91 177.959
11 -42.9857 12.9148 -1462.83 300.959 -22.0654 0.77003 -0.00863706 -2991.67 151.705
12 -69.9656 14.8685 -369.117 38.4371 0.367079 -0.0483688 0.00231284 -4906.23 220.161
13 -119.246 17.9842 -1362.34 255.761 -16.8396 0.529591 -0.00476883 -4316.73 197.988
14 -81.7067 15.2028 -415.504 43.1691 0.363661 -0.0653971 0.00268709 -3941.5 185.123
15 -86.9109 15.7537 -681.971 106.097 -4.87379 0.121233 0.000265603 -4684.31 211.143
16 -57.9807 13.828 -756.186 115.342 -5.09952 0.119375 0.000354587 -4467.66 203.954
17 -114.142 17.0099 -1051.98 184.866 -11.3016 0.350394 -0.00272232 -3891.18 183.929
18 -71.7979 15.0051 -683.365 108.175 -5.13609 0.134915 2.89547e-05 -3633.53 175.074
19 -43.4591 12.8571 -831.469 149.126 -8.8607 0.27924 -0.00200157 -3999.86 186.969
20 -42.8994 12.9989 -1205.12 220.995 -13.7609 0.420269 -0.00339207 -4619.32 210.711
21 -55.6127 13.0063 -372.655 40.0672 0.363169 -0.0582832 0.00249092 -4703.85 211.236
22 -87.5049 15.8616 -919.121 160.937 -9.46891 0.287185 -0.00188946 -3945.83 186.114
23 -59.1803 14.2532 -661.133 103.189 -4.62625 0.113687 0.000336914 -3904.11 183.788
24 -54.3303 14.2557 -344.529 37.7889 0.327446 -0.0462312 0.00218715 -4033.58 188.513
25 -54.6038 13.0145 -1482.25 275.571 -18.0557 0.570597 -0.00533797 -4442.23 202.86
26 -43.9119 13.9205 -1180.67 238.158 -16.7492 0.576331 -0.00603586 -4025.85 188.643
27 -105.916 17.2509 -951.604 176.717 -11.4319 0.378785 -0.0033906 -3469.46 168.185
28 -40.2167 13.1472 -1031.96 188.921 -11.6583 0.363403 -0.00292058 -4533.39 205.436
29 -99.5462 15.3816 -431.986 42.2465 0.382331 -0.0602562 0.00247944 -3841.25 179.956
30 -56.8834 16.7734 -1230.86 244.693 -16.7576 0.560041 -0.00560296 -4455.91 204.406
31 -70.9614 12.0758 -1231.82 210.801 -12.7432 0.38292 -0.00303036 -4439.34 199.484
32 -40.7679 13.2061 -1152.58 206.13 -12.3334 0.36772 -0.00266166 -4692.05 214.669
33 -5.79272 11.9843 -238.944 1.35461 4.38538 -0.215583 0.00467659 -4263.59 199.298
34 -34.7765 12.4936 -505.128 55.1846 0.209616 -0.0811009 0.00313449 -3946.84 187.665
35 -36.5337 13.6372 -664.352 99.9148 -3.74225 0.0645764 0.00119556 -3573.07 174.926
36 -50.7185 15.1485 -625.846 99.854 -4.47433 0.112952 0.000384295 -4727.63 214.66
37 -33.3714 11.4422 -861.229 122.845 -4.6042 0.0699662 0.00137746 -4039.48 191.026
38 -42.3034 12.3936 -454.933 48.9888 0.303322 -0.0703122 0.00282602 -4462.7 205.379
39 -44.6672 13.3312 -329.557 28.7132 1.45383 -0.0986067 0.00306579 -4177.68 194.672
40 2.39638 9.27919 244.588 -105.908 12.8698 -0.509519 0.00841385 -3580.75 175.526
41 -56.04 13.7815 -74.695 -31.6987 6.4672 -0.276052 0.00531885 -4070.17 190.153
42 -30.3026 13.5807 -817.414 131.76 -6.21096 0.14709 0.000198574 -3440.93 170.539
43 -54.9488 12.694 -779.611 117.395 -5.12435 0.113779 0.000528602 -3482.67 170.227
44 -53.9247 13.2866 -1566.83 300.898 -20.4178 0.658764 -0.00649345 -4698.45 212.181
45 -23.3455 12.721 174.396 -82.4217 10.5739 -0.420169 0.00715523 -3949.21 187.006
46 -48.1663 14.9378 -919.726 162.168 -9.21499 0.266128 -0.00145841 -4165.3 195.312
47 -27.0595 10.6455 -923.18 152.131 -8.03755 0.217695 -0.000860861 -4372.48 199.258
48 -19.3018 12.208 -474.271 52.5864 0.281993 -0.0759554 0.0029365 -4184.37 195.464
49 -25.2632 14.6905 115.767 -61.9228 8.67298 -0.346032 0.00624784 -4041.41 193.574
50 -23.4904 12.6179 -856.901 152.177 -8.63766 0.253947 -0.00135701 -4213.34 197.396
51 -53.7505 13.6971 345.47 -120.345 13.2623 -0.503736 0.00814804 -3935.36 186.178
52 -47.6205 12.9212 137.668 -77.1641 10.0175 -0.396802 0.00688893 -3941.18 187.75
53 -50.0529 13.9814 -382.439 41.592 0.358518 -0.0580406 0.00246709 -4210.42 194.302
54 -43.2124 14.5431 -1383.07 261.86 -17.0865 0.538093 -0.00494003 -3990.74 187.967
55 -46.8603 13.9573 -1083.29 194.104 -11.6645 0.348577 -0.00244492 -4452.16 204.92
56 -34.3619 12.0276 -424.957 45.3626 0.288489 -0.061204 0.00254442 -3619.05 173.938
57 -68.4152 14.1377 -593.249 87.3106 -3.60657 0.0909746 0.000457434 -3591.26 173.546
58 -52.0361 14.3899 -1040.58 191.757 -12.0028 0.376402 -0.00296852 -4922.84 221.173
59 -37.285 14.0818 -842.358 149.348 -8.53871 0.258614 -0.00163246 -4042.48 189.979
60 -19.9234 12.5634 -698.083 116.018 -5.51004 0.135746 0.000154289 -3907.68 184.352
61 -42.5625 12.839 -669.671 100.581 -4.16932 0.0942282 0.000614547 -4180.67 194.821
62 -45.7758 13.6201 69.4969 -59.1855 8.46863 -0.338326 0.00603595 -4005.32 188.921
63 -80.0073 15.457 -405.396 43.0264 0.450759 -0.0755844 0.00300237 -3878.61 185.95
64 6.05397 13.4664 -362.824 46.2422 0.34981 -0.0756964 0.00299077 -3962.39 189.248
65 0.757034 12.8943 -450.885 53.9211 0.252627 -0.0827952 0.00313925 -3899.23 186.415
66 21.5457 12.1585 -1571.53 292.731 -18.0312 0.522723 -0.00421295 -3995.37 189.745
67 32.565 12.4314 -926.88 168.879 -9.02734 0.23487 -0.000843809 -3774.73 181.282
68 36.0746 14.6952 -1429.26 286.99 -18.5414 0.565319 -0.00494342 -5984.49 259.365
69 1.25595 13.6741 852.352 -214.957 20.4893 -0.740657 0.0109952 -3859.91 186.432
70 -12.8122 14.8375 -353.17 44.7999 0.351086 -0.06847 0.00277724 -4549.08 209.385
71 -12.9213 16.3552 -840.088 159.744 -9.17888 0.270157 -0.00157667 -4205.08 198.401
72 16.0044 11.7939 -325.46 41.1043 0.361261 -0.0581015 0.00249217 -3639.11 177.237
73 -10.4661 14.7578 60.8441 -48.7907 7.99793 -0.337822 0.00622968 -3657.94 178.852
74 -0.676257 13.6467 -365.851 45.547 0.224397 -0.0609418 0.00266513 -3947.83 188.973
75 11.3628 11.7755 -370.354 46.1458 0.20646 -0.0602622 0.00257003 -4031.86 189.648
76 17.5769 13.1885 -22.7112 -27.9511 6.37361 -0.283883 0.00560565 -4090.05 194.249
77 -27.9069 14.2752 -128.703 -0.761009 3.24441 -0.146843 0.00350551 -3498.73 171.267
78 -20.6415 14.6966 -571.995 88.8968 -3.102 0.0485352 0.00132225 -4412.78 203.727
79 -0.291683 12.7065 -289.064 36.3575 0.337067 -0.0467107 0.00220588 -4525.44 205.088
80 -14.5326 15.2219 -115.01 -3.68784 3.83672 -0.177875 0.00410271 -4077.83 194.449
81 -1.56611 14.4905 1794.85 -410.939 35.2963 -1.22183 0.0166683 -4098.97 194.038
82 5.55199 13.7974 -251.382 33.8585 0.436951 -0.0492064 0.00224553 -3995.58 188.663
83 4.14502 14.6451 -646.299 121.07 -6.45255 0.187963 -0.000742437 -4354.51 200.667
84 36.66 11.8507 192.942 -74.522 9.99937 -0.402346 0.00693762 -4175.44 195.659
85 -2.88876 14.3908 297.075 -88.5803 10.3059 -0.387184 0.00645264 -4305.38 199.765
86 15.0008 13.7429 -573.624 96.0885 -3.75474 0.0733616 0.00094314 -3673.87 178.406
87 0.472155 12.6834 -200.007 1.64427 4.19714 -0.211054 0.0046038 -3513.97 171.752
88 -24.9268 13.8543 -894.685 171.414 -10.9251 0.361842 -0.00315032 -4805.96 216.082
89 -1.39836 15.9586 383.027 -103.088 11.2285 -0.408913 0.00659364 -3712.61 180.173
90 20.7025 13.2363 -330.119 43.7945 0.389706 -0.0708211 0.00279992 -4290.79 198.541
91 24.8008 12.5207 -1295.93 252.043 -16.0824 0.493717 -0.00425837 -4073.75 192.264
92 1.93531 14.4166 -268.277 35.3961 0.367499 -0.0422722 0.00205314 -3959.73 187.344
93 4.4555 14.0242 -329.641 42.8194 0.270215 -0.0557479 0.00246272 -3647.27 177.481
94 -1.41212 16.8588 -906.58 191.869 -12.8795 0.436243 -0.00415791 -3777.66 183.517
95 -8.94155 15.5401 -690.79 135.011 -7.99929 0.257711 -0.00181163 -3966.47 188.543
