0 -64.1741 10.5948 2349.69 -507.901 39.6551 -1.28143 0.015798 -10480.3 354.44
1 30.1192 4.50119 2732.98 -569.095 43.3312 -1.37346 0.0165788 -10315.5 348.614
2 40.3772 2.87648 2451.31 -522.457 40.6298 -1.31135 0.0161603 -10290.7 351.008
3 -22.3665 8.07028 1824.1 -399.872 31.6845 -1.02721 0.0127954 -9278.5 317.589
4 9.79113 5.72817 2548.21 -542.72 42.131 -1.35625 0.0165933 -9826.94 336.422
5 17.7677 4.57145 2525.39 -543.217 42.4761 -1.37845 0.0169996 -10741.3 362.792
6 20.4174 4.39356 2650.44 -567.072 44.1486 -1.43005 0.0176129 -10360.4 353.576
7 32.6396 4.54394 2187.58 -461.562 35.6646 -1.13623 0.0138351 -9359.94 317.75
8 38.9457 2.02342 1974.82 -429.41 33.6983 -1.08552 0.0134216 -10068.3 339.963
9 -56.2658 10.9177 2044.94 -441.558 34.5238 -1.10802 0.0136039 -9914.68 334.47
10 4.34501 5.04403 2366.64 -507.873 39.4934 -1.26932 0.0155253 -9730.32 330.944
11 38.962 4.91508 2108.79 -446.016 34.7409 -1.11432 0.0136703 -9285.47 317.289
12 -11.9658 8.09516 2213.02 -483.915 38.424 -1.25529 0.015613 -10464.1 355.452
13 -7.90814 6.2663 2269.35 -481.213 37.11 -1.1822 0.0143712 -9478.28 321.386
14 11.4587 4.79317 2016.17 -433.565 33.8537 -1.08575 0.0133338 -10028.3 337.045
15 9.63401 4.83419 2343.51 -499.495 38.5846 -1.233 0.0150146 -9532.55 323.992
16 -6.36743 5.98685 1810.31 -397.012 31.553 -1.02626 0.0128258 -10270.9 344.616
17 46.3276 4.89715 2139.45 -447.595 34.5992 -1.1004 0.0133966 -9303.68 317.558
18 -59.1753 10.3726 1681.95 -375.374 30.1036 -0.983858 0.0123699 -9860.05 333.724
19 42.0674 3.77846 2611.83 -549.817 42.2898 -1.34922 0.0163354 -9585.6 326.616
20 50.0803 0.72905 2131.35 -456.143 35.3239 -1.12655 0.0137427 -10022.6 336.315
21 24.1464 5.99151 2049.93 -434.976 33.8694 -1.08297 0.0132728 -9560.91 325.087
22 22.0829 3.25982 2259.84 -483.203 37.2613 -1.18508 0.0143719 -9939.48 333.736
23 30.6366 3.80841 2696.75 -565.11 43.0202 -1.35814 0.0162501 -9997.49 336.024
24 18.7876 3.76021 2647.07 -560.409 43.1647 -1.38226 0.0168523 -9925.8 339.968
25 46.9185 3.87685 3084.24 -630.708 47.5572 -1.50202 0.0180431 -9864.44 338.312
26 16.6557 4.81988 2569.83 -554.18 43.3152 -1.40233 0.0171972 -10009.4 341.671
27 38.1653 2.18684 2661.82 -559.818 42.7269 -1.3546 0.0163054 -10196.1 342.638
28 -62.8028 10.9424 2266.92 -502.026 39.9946 -1.31281 0.016352 -10256.6 349.009
29 47.3484 3.55957 2299.02 -480.292 36.8583 -1.16841 0.0141745 -9603.62 326.79
30 20.2461 4.72417 1620.65 -357.122 28.5165 -0.926273 0.0115902 -9607.81 323.774
31 -29.0685 7.87737 2327.12 -493.388 37.8893 -1.20373 0.0145707 -9502.16 320.913
32 87.39 5.44862 3199.18 -671.798 52.6271 -1.72197 0.0213741 -7577.55 288.686
33 103.199 5.31725 2915.88 -602.564 46.8829 -1.51927 0.0187353 -9701.39 341.765
34 64.1492 7.41641 2651.72 -565.734 45.1241 -1.49243 0.0187646 -8733.08 317.846
35 96.8705 7.14317 2698.48 -561.344 44.1449 -1.43855 0.0178273 -9555.25 337.553
36 77.9854 7.17028 2570.16 -535.826 42.0163 -1.36354 0.0168357 -10222.9 352.036
37 80.5104 8.38486 2675.53 -547.584 42.5347 -1.37127 0.0168948 -9730.51 341.362
38 70.5237 7.54391 2624.15 -553.797 43.9981 -1.45054 0.018237 -8625.6 315.272
39 84.7178 8.05693 2892.14 -590.42 45.5503 -1.46183 0.0178303 -10194.7 351.881
40 91.1122 5.63076 2851.01 -587.296 45.3971 -1.46059 0.0178932 -9410.44 331.498
41 64.3893 8.86086 2390.82 -494.633 38.8198 -1.2574 0.0155781 -10096.9 349.185
42 92.0082 6.5581 2862.74 -584.631 45.1398 -1.45099 0.0177567 -9503.84 333.831
43 82.6921 6.77014 2579.84 -534.472 41.6621 -1.3458 0.0165958 -10120 350.23
44 66.46 6.74751 2784.91 -574.504 44.3573 -1.42357 0.0174108 -9947.98 345.239
45 75.9383 6.91378 2817.3 -593.205 46.7589 -1.53074 0.019022 -9395.13 334.899
46 115.077 7.58051 2474.05 -507.121 39.9162 -1.29851 0.0161483 -9349.13 330.931
47 82.4348 5.96995 2738.38 -564.622 43.6668 -1.40203 0.0171305 -9964.58 344.287
48 102.27 7.36348 3006.69 -633.562 50.3546 -1.66737 0.0209221 -6962.36 273.024
49 57.1963 8.47622 2434.3 -520.826 41.9042 -1.39595 0.0177294 -9056.59 326.804
50 71.2456 7.75935 2823.01 -596.457 47.2632 -1.55594 0.0194647 -7795.35 293.611
51 102.257 5.34864 3270.44 -674.74 52.0623 -1.6767 0.0204371 -9763.7 343.709
52 88.0044 5.29347 3355.89 -695.477 53.7536 -1.73985 0.0213413 -8768.3 319.15
53 88.5792 7.21873 2631.28 -542.837 42.2894 -1.36387 0.0167853 -10179.8 353.06
54 49.5183 7.9091 2431.17 -516.986 40.9402 -1.33732 0.0166158 -10227.4 352.162
55 56.0044 7.95756 2512.2 -530.776 41.9304 -1.36953 0.0170087 -9852.71 342.498
56 131.506 3.57811 3603.62 -736.782 56.4067 -1.80967 0.0219581 -9144.21 328.749
57 91.6999 7.45926 2872.58 -596.331 46.6764 -1.51946 0.0187793 -9734.7 342.559
58 65.041 6.21497 2906.53 -613.69 48.1702 -1.57164 0.0194395 -9924.57 348.593
59 85.9211 6.72212 2782.43 -569.409 43.891 -1.4052 0.0171358 -10194.6 351.29
60 35.577 8.14607 2860.77 -587.044 45.002 -1.43739 0.017485 -10413.5 356.293
61 33.3003 8.09363 2414.94 -510.127 40.077 -1.30148 0.0161244 -10132 349.049
62 85.6811 7.57364 2671.45 -553.198 43.2513 -1.40118 0.017289 -9205.48 326.48
63 80.306 6.68266 2708.48 -561.031 43.5829 -1.40636 0.0172806 -9647.75 336.973
64 16.1448 2.08132 2912.1 -623.83 48.4828 -1.57333 0.0193667 -10670.2 364.701
65 2.17088 4.66339 2802.69 -597.259 46.1592 -1.48508 0.0181221 -10138 346.561
66 7.56302 5.72453 2392.92 -506.17 39.0898 -1.2506 0.0153005 -9953.81 339.401
67 71.1379 3.09116 2841.53 -596.425 46.0595 -1.48135 0.0180643 -10402.2 354.721
68 50.6327 4.15337 2396.78 -511.689 40.074 -1.29998 0.0161018 -10313.7 353.559
69 24.5504 4.824 2063.96 -439.199 34.1452 -1.0939 0.0134354 -9576.39 324.616
70 28.225 2.49353 2245.13 -482.902 37.7179 -1.21917 0.015095 -11076.3 371.808
71 28.9313 4.49494 2081.27 -447.867 35.2373 -1.14428 0.0142881 -9587.17 330.504
72 34.6748 4.27065 2616.37 -548.356 41.9463 -1.3336 0.0161531 -10256.1 346.053
73 60.1369 1.82299 2905.06 -607.571 46.4547 -1.48181 0.0179314 -10537.6 355.92
74 31.0657 5.09614 2361.23 -503.379 39.186 -1.25952 0.0154005 -9601.38 328.11
75 63.255 1.92774 2539.86 -538.554 41.8828 -1.35462 0.016688 -10320.8 351.818
76 81.4144 2.47685 2475.4 -515.735 39.6002 -1.25866 0.0152402 -9523.94 324.994
77 57.2603 3.5773 2001.96 -422.88 32.8125 -1.04649 0.0128035 -9169.06 312.125
78 37.7203 5.45677 1973.45 -418.723 32.7564 -1.05175 0.0129512 -9440.98 320.987
79 12.9276 6.61338 1985.63 -430.54 34.041 -1.10417 0.0137071 -9632.85 328.467
80 38.9982 1.03688 2584.12 -546.922 41.7859 -1.32667 0.0160396 -10369.7 348.083
81 62.2224 2.91098 2318.51 -488.541 37.6631 -1.19809 0.0145319 -9718.92 328.872
82 58.115 2.07032 2264.5 -476.585 36.7113 -1.16866 0.0142272 -9443.44 322.013
83 29.4058 4.09831 1887.12 -411.092 32.442 -1.04911 0.0130099 -9854.38 332.467
84 67.7207 1.37492e-10 2495.34 -521.544 39.5181 -1.24295 0.0149328 -9881.06 332.824
85 23.2286 5.8914 2063.35 -438.958 34.2189 -1.09665 0.0134629 -9803.37 331.677
86 50.8657 1.66988 2261.77 -479.519 36.934 -1.17331 0.0142313 -10076.3 337.696
87 28.2959 6.20112 2048.64 -439.462 34.4913 -1.11072 0.0136639 -9827.82 332.124
88 48.8309 2.39065 2327.44 -502.744 39.2667 -1.26595 0.0155063 -9860.27 334.247
89 49.9453 1.73238 2327.84 -492.096 37.9233 -1.20874 0.0147036 -9788.34 331.336
90 12.2532 4.66574 2141.56 -449.798 34.4776 -1.08899 0.0131843 -9446.68 319.228
91 49.7206 1.83833 2517.53 -527.984 40.2927 -1.2766 0.0154146 -9589.2 325.607
92 72.8363 0.585121 2435.27 -512.338 39.1749 -1.23788 0.0148706 -9486.37 320.469
93 74.7755 1.81518 2699.31 -569.238 43.9562 -1.40886 0.0171311 -9927.34 339.107
94 63.6008 2.13058 2470.73 -530.787 41.6165 -1.3531 0.0167413 -9648.37 334.001
95 9.11707 6.91573 1936.11 -415.624 32.6264 -1.0507 0.0129763 -9773.1 330.582
