0 -75.2088 10.4391 2466.3 -533.434 41.3355 -1.32719 0.0162692 -10710.3 361.315
1 -71.8552 10.6371 2530.98 -544.396 42.1478 -1.35325 0.0165514 -10470.4 353.866
2 27.6968 2.57479 2754.53 -589.492 45.4277 -1.45359 0.017657 -10758 362.322
3 47.5065 2.45463e-09 2670.99 -572.277 43.785 -1.39071 0.0167851 -10473.1 351.063
4 51.9847 8.50464e-08 3095.08 -650.16 48.8589 -1.53284 0.018238 -11013.6 366.212
5 -22.3501 6.87246 2482.57 -532.667 41.1926 -1.31989 0.0161215 -10724.7 360.259
6 -12.2844 5.47781 2339.09 -500.73 38.6796 -1.23522 0.0150659 -9866.66 334.3
7 48.2672 3.21265e-11 2919.56 -613.726 46.2245 -1.44921 0.0172368 -10842.3 360
8 -28.0705 8.21934 3157.34 -670.27 51.7407 -1.66745 0.0203516 -10348.2 357.627
9 49.0163 2.39644 2425.91 -522.054 40.5712 -1.29933 0.0158025 -10368.2 348.743
10 42.4066 1.33492e-10 2722.72 -591.65 45.7794 -1.47108 0.0179376 -10339.1 351.156
11 52.3727 1.82409e-09 2983.02 -632.45 48.1541 -1.5262 0.0183207 -10589 356.263
12 43.553 1.72109e-10 2760.37 -583.446 44.3446 -1.40128 0.0168627 -10204.4 345.341
13 10.4882 4.7897 2477.79 -527.496 40.6295 -1.29305 0.0156719 -10360.9 348.816
14 29.2056 3.17179 2495.31 -525.466 40.0572 -1.26437 0.0152247 -9716.82 329.118
15 55.8265 9.88321e-12 3211.37 -665.984 49.5694 -1.54413 0.0182336 -10196.7 341.412
16 -77.9331 10.8481 1868.32 -415.989 32.9996 -1.07014 0.0133148 -10129.2 341.307
17 -29.7863 7.11002 2372.35 -515.816 40.2675 -1.29784 0.0158938 -9811.55 333.36
18 -4.75261 5.12193 2864.83 -599.857 45.418 -1.43362 0.0172191 -10245.4 346.294
19 47.7903 2.33597 2781.33 -582.987 44.3639 -1.40141 0.0168132 -10825.8 361.707
20 56.637 0.252456 2817.31 -600.477 46.0641 -1.46619 0.0176751 -10316.8 348.679
21 54.4728 0.403404 2836.21 -593.119 44.8052 -1.40906 0.0168604 -10498.9 352.247
22 48.3632 9.57734e-10 2701.55 -574.129 43.7529 -1.38357 0.0166175 -10091.1 339.868
23 -28.7249 8.01289 2648.65 -556.862 42.1437 -1.31805 0.015637 -9650.44 324.498
24 -49.49 8.23245 2784.96 -598.004 45.8785 -1.46089 0.0176459 -10373.4 350.597
25 52.7775 8.78186e-13 2356.03 -498.923 37.8232 -1.1851 0.0142125 -9826.16 330.067
26 49.0798 1.4199e-08 2752.44 -587.338 44.9233 -1.42862 0.01726 -10475.1 352.438
27 -3.8073 6.23989 2710.5 -569.624 43.3028 -1.36185 0.0162165 -9580.75 323.351
28 -11.7558 5.49964 2173.82 -478.903 37.6806 -1.2212 0.0151136 -10731.7 360.178
29 51.3899 9.97248e-08 2487.09 -527.892 40.1562 -1.26625 0.0152566 -10437.2 348.542
30 42.2065 2.91977 2766.94 -574.59 43.6063 -1.37737 0.0165833 -10651.5 357.832
31 53.4246 3.44445e-08 2635.61 -553.653 41.7295 -1.30863 0.0156497 -10139.1 338.933
32 59.9327 1.0931e-10 3516.06 -732.785 55.3502 -1.75648 0.0210865 -10395.8 354.706
33 74.5774 6.21725e-13 3191.1 -667.455 50.7218 -1.61081 0.019336 -10159.6 344.844
34 53.3796 6.38971e-09 3102.9 -662.689 50.9389 -1.63732 0.0198839 -10423.3 353.794
35 62.3062 1.8732e-09 3279.24 -688.501 52.2734 -1.66047 0.0199025 -10480.5 353.286
36 49.8326 4.71556e-09 3064.76 -647.441 49.3399 -1.57078 0.0189045 -9636.92 329.217
37 54.8445 4.66422e-10 2772.4 -593.298 45.7854 -1.47272 0.0179587 -10279.1 348.025
38 49.5808 1.10258 2823.67 -602.094 46.4298 -1.49102 0.018124 -10192.8 345.367
39 58.9862 9.30962e-10 3132.26 -655.118 49.4258 -1.55811 0.0185613 -10050.4 338.25
40 28.7888 2.0834 3134.26 -655.284 49.5679 -1.56722 0.0187312 -10005.3 338.391
41 28.2711 2.30481 3100.43 -649.557 49.1727 -1.55516 0.0185841 -10013.6 337.447
42 55.3315 1.62831 2680.4 -568.82 43.8788 -1.40635 0.0170577 -10323.9 346.457
43 60.8853 4.09228e-11 2647.02 -560.813 42.8383 -1.35814 0.0163033 -9471.61 319.776
44 72.775 1.14623 2934.92 -618.857 47.5948 -1.5248 0.0184637 -10134.3 344.099
45 49.3308 0.757387 3011.6 -633.803 48.3071 -1.53575 0.0184422 -10048.8 339.264
46 54.3555 0.380079 2785.3 -588.587 44.9001 -1.42335 0.017071 -9882.59 332.812
47 65.3931 1.52857e-10 2909.09 -615.006 46.9787 -1.49616 0.0180236 -10211.6 343.975
48 62.8077 6.18305e-10 2885.84 -603.842 45.6819 -1.43877 0.0171393 -9942.04 333.383
49 9.15423 4.14872 2824.36 -593.045 45.1229 -1.42846 0.0171276 -10092.2 339.39
50 53.5501 9.10607e-09 3277.02 -680.677 50.9751 -1.60364 0.0190938 -10225.7 343.257
51 78.3655 1.01982e-09 2698.84 -569.682 43.5995 -1.38501 0.0166306 -9906.11 332.124
52 70.231 4.99681e-09 3126.37 -653.293 49.4393 -1.56154 0.0186343 -9769.36 331.654
53 76.8607 6.01741e-13 2905.05 -610.29 46.6423 -1.48445 0.0178536 -10567.3 353.295
54 72.7856 4.27769e-12 2902.13 -610.174 46.5885 -1.48141 0.0177963 -10049.3 338.323
55 59.7862 4.34968e-10 3025.51 -646.962 49.8 -1.59788 0.0193283 -10524.2 354.373
56 79.5299 9.66516e-11 3241.71 -670.871 50.4362 -1.5849 0.018807 -9862.51 333.506
57 52.8713 3.25463e-07 2968.66 -628.321 47.9733 -1.52838 0.0184222 -10762.6 359.982
58 59.6778 6.26132e-11 2724.09 -570.803 43.1076 -1.35522 0.0161777 -10264.5 341.503
59 60.9585 5.3887e-08 3233.9 -674.302 50.6883 -1.59213 0.0188685 -10128.9 339.893
60 24.4055 3.00065 2803.08 -593.872 45.5055 -1.45244 0.0175536 -10462.9 350.619
61 62.5143 2.91878e-12 3225.84 -666.384 49.8005 -1.55474 0.0183023 -9646.84 324.118
62 73.7614 6.6247e-12 2968.51 -621.331 47.3848 -1.50881 0.0181916 -10131.4 342.984
63 63.9349 0.341089 2892.74 -609.533 46.5696 -1.48387 0.017882 -10057.8 339.022
64 39.6273 4.50484 3597.65 -737.248 55.1976 -1.73503 0.0205978 -10295.3 349.261
65 67.1372 3.47437 3042.91 -637.557 49.0017 -1.57168 0.0190511 -10247.7 349.013
66 67.8415 3.82659 2662.06 -569.877 44.9732 -1.47506 0.0183363 -10648.2 363.871
67 47.7931 3.94006 2297.39 -485.363 37.6079 -1.20632 0.0147845 -9289.81 318.327
68 73.9634 3.61627 3177.97 -649.062 48.8532 -1.53823 0.0183739 -10270 348.124
69 95.885 2.65901 2899.36 -591.872 44.8395 -1.41526 0.0169474 -9810.84 333.292
70 100.143 1.67518 2606.5 -534.006 40.5669 -1.27986 0.0153769 -9408.92 320.409
71 52.7574 4.93421 2547.07 -538.549 41.7104 -1.33736 0.0162646 -10538.6 353.12
72 73.7965 1.81486 2491.36 -532.346 41.4877 -1.3394 0.0163997 -9969.14 338.013
73 87.5526 1.84168 3166.48 -641.73 47.8929 -1.49251 0.0175891 -9551.37 323.082
74 105.798 1.81563 2762.25 -565.695 42.8756 -1.35166 0.0161851 -9865.05 333.272
75 49.5616 5.14552 2677.76 -563.039 43.3993 -1.38694 0.0167775 -9666.69 329.085
76 78.3506 1.98137 3218.31 -663.503 50.2011 -1.5886 0.0189948 -10465.8 352.253
77 84.7304 1.44581 2551.73 -530.505 40.5399 -1.28372 0.0154317 -9942.7 333.532
78 83.545 2.12782 2868.36 -594.134 45.1959 -1.42951 0.0171237 -9876.2 334.898
79 91.286 3.22028 2574.9 -527.217 40.1985 -1.27406 0.0153938 -9102.26 312.9
80 112.293 8.12099e-10 2766.87 -572.543 43.6194 -1.38267 0.0166156 -9985.82 336.773
81 91.8021 2.29208 2691.76 -557.004 42.4445 -1.34028 0.0160602 -9898.33 334.466
82 86.5396 1.65483 2807.79 -579.205 43.9423 -1.3865 0.0165791 -9944.54 334.994
83 101.51 2.45039 2512.55 -513.293 39.0336 -1.23112 0.0148085 -9621.03 325.988
84 125.82 4.28182e-10 3138.91 -641.244 48.2646 -1.51449 0.0179489 -10075 339.17
85 84.8884 1.09124 2646.67 -552.162 42.2418 -1.34047 0.0161358 -9766.7 329.896
86 88.5075 2.90498 2830.32 -584.139 44.72 -1.42502 0.0172028 -9484.59 325.416
87 89.4872 1.48865 3189.78 -655.228 49.3524 -1.55025 0.0183746 -9653.49 327.69
88 99.5984 1.26334 2941.97 -602.754 45.4506 -1.4283 0.0170286 -9878.89 334.298
89 116.858 0.131035 3355.95 -687.036 51.9412 -1.64496 0.0196914 -9960.28 340.846
90 74.2777 2.94189 2755.57 -568.026 43.1235 -1.36173 0.0163207 -9758.02 330.236
91 98.9377 1.36273 3087.15 -630.227 47.5461 -1.49913 0.0179212 -9947.66 338.095
92 118.494 6.71398e-10 3237.51 -660.438 49.671 -1.55995 0.0184945 -9663.3 328.45
93 98.7085 2.81433 2807.16 -583.158 44.9366 -1.44198 0.0175721 -10356.8 352.563
94 90.8666 2.23066 2596.39 -544.693 42.1184 -1.35159 0.0164633 -9718.94 331.866
95 48.5605 2.85195 2757.42 -582.981 44.8522 -1.43766 0.0174454 -9427.1 322.298
