0 -23.5142 9.7165 1303.6 -294.147 24.4315 -0.813494 0.0105483 -11066 371.403
1 -23.5418 10.212 1551.88 -350.175 28.9113 -0.965589 0.0124207 -10223.1 351.035
2 -57.0945 10.6415 734.999 -180.394 15.8785 -0.540335 0.00738441 -6473.19 246.243
3 -48.2189 10.2122 645.129 -159.647 14.1859 -0.480691 0.00659412 -11296.3 372.179
4 -68.957 11.4128 1179.35 -273.919 22.8692 -0.762445 0.00990432 -10222.6 345.119
5 -4.97376 10.055 1175.36 -265.865 22.4768 -0.755806 0.00992855 -10742.7 362.618
6 -21.4643 8.13326 833.135 -202.033 17.7239 -0.604589 0.00819145 -8928.94 315.678
7 -14.4056 7.71306 835.761 -201.496 17.6565 -0.603031 0.00820025 -14502.4 467.688
8 -29.2842 9.38025 1194.24 -276.664 23.2682 -0.781903 0.0102538 -7255.36 266.865
9 -5.21642 10.5073 1052.27 -235.299 19.8487 -0.660295 0.00865846 -11287.2 374.677
10 3.33686 8.01865 1100.55 -249.318 20.9213 -0.696132 0.00911554 -10390.9 352.808
11 -1.45768 8.48329 912.52 -208.79 17.8132 -0.59454 0.0078711 -7426.03 267.23
12 -19.8327 9.59606 1439.96 -323.685 26.6313 -0.884789 0.0113612 -7937.98 283.158
13 -4.4721 6.50943 981.618 -228.305 19.3229 -0.644137 0.0084945 -11717 387.731
14 27.2381 7.75352 1273.48 -278.729 22.9777 -0.756201 0.00973154 -7589.37 273.598
15 -37.4914 9.51132 794.383 -188.796 16.3037 -0.546948 0.00738029 -15842.2 507.429
16 -6.81948 8.18272 1265.81 -283.827 23.3613 -0.770166 0.00989763 -8763.36 304.15
17 5.49785 7.68699 1052 -239.111 20.1875 -0.673807 0.00885387 -8579.18 301.563
18 27.8631 7.01208 1484.49 -318.935 25.6201 -0.8316 0.0104853 -8880.94 306.675
19 11.0072 8.60124 1270.19 -285.242 23.9281 -0.803232 0.0105135 -11911.1 400.071
20 -15.9177 7.82733 1216.85 -277.419 22.956 -0.760666 0.00984246 -11327.7 375.532
21 -19.691 10.1353 971.636 -223.57 19.0639 -0.640409 0.00850702 -9478.8 327.776
22 7.17945 9.26965 1218.13 -270.451 22.5415 -0.74865 0.00971179 -7775.44 279.06
23 -39.9581 10.0288 655.401 -158.423 13.9223 -0.46702 0.00637476 -9855.89 337.068
24 -3.07787 9.32204 1452.87 -321.934 26.3378 -0.868954 0.0111196 -9839.7 338.394
25 -9.02394 8.25819 1592.31 -350.697 28.2673 -0.923919 0.0116326 -10354.7 347.798
26 -7.50554 8.78755 1595.79 -349.851 28.2733 -0.926129 0.0117195 -14338.4 461.264
27 -7.62173 10.0064 1089.76 -245.669 20.6227 -0.68306 0.0088687 -10138.5 341.219
28 -15.5055 10.1522 1115.31 -253.165 21.3363 -0.714068 0.00936577 -12035.2 397.46
29 3.90431 7.96834 1448.77 -319.395 25.9426 -0.849383 0.010771 -10226 345.111
30 6.2408 7.80285 963.686 -223.747 19.1887 -0.644948 0.00851527 -9682.84 329.35
31 -15.4221 9.48247 829.961 -196.275 17.0526 -0.572208 0.00760637 -11330 372.424
32 25.9017 8.247 1087.32 -242.41 20.5078 -0.687761 0.00909735 -9461.94 327.144
33 44.7564 7.83583 1785.5 -379.269 30.3715 -0.991397 0.0124416 -9047.97 314.071
34 20.0825 7.19452 1246.31 -272.838 22.344 -0.732047 0.00940965 -12930.7 419.39
35 9.02853 9.78044 693.215 -155.531 13.6832 -0.461279 0.00636277 -9885.23 337.567
36 12.6798 7.56499 1242.88 -275.59 22.7862 -0.756662 0.00985113 -7709.58 277.405
37 21.6238 7.51948 1184.8 -263.301 21.9689 -0.732114 0.0095753 -10044.9 342.865
38 18.6603 8.55901 1202.53 -264.82 21.9245 -0.723091 0.00934033 -11946.1 393.222
39 32.5355 6.73319 1744.68 -367.01 28.9151 -0.930395 0.0115944 -8362.87 293.932
40 46.5893 6.17948 1265.14 -275.266 22.7392 -0.753924 0.00979892 -9278.19 321.4
41 47.8034 6.80546 1173.24 -252.915 20.8318 -0.683425 0.00885301 -8344.57 294.162
42 33.1258 7.47275 1447.2 -310.319 25.0631 -0.817263 0.0103729 -8850.8 307.084
43 29.8413 7.8022 791.665 -176.517 15.3071 -0.513593 0.00696354 -12058.9 397.078
44 45.1649 8.12695 1423.39 -306.773 25.2592 -0.840687 0.0109026 -9978.45 343.57
45 28.5122 7.14236 1222.36 -263.477 21.5023 -0.701478 0.00899939 -8431.57 295.184
46 36.847 7.93332 1353.66 -289.817 23.6635 -0.777349 0.00995678 -12710.9 414.033
47 29.7218 8.42658 887.044 -194.953 16.6183 -0.553308 0.00738633 -9816.98 334.094
48 37.1115 8.64937 1305.41 -282.19 23.2823 -0.770928 0.00997176 -11472.2 381.725
49 43.1982 7.9081 1410.71 -303.066 24.7726 -0.815221 0.0104436 -10835.8 366.01
50 28.0549 8.33902 1372.32 -294.014 23.8691 -0.780265 0.00997371 -11011.9 368.215
51 42.1513 9.15628 1086.84 -232.026 19.2536 -0.631772 0.00820392 -8429.42 294.571
52 26.2729 9.57277 1094.1 -238.751 20.1444 -0.675225 0.00892874 -10681.6 361.401
53 11.369 9.68144 742.773 -166.112 14.4428 -0.483106 0.00655772 -11762.7 388.421
54 30.1576 8.51195 1171.71 -256.724 21.3325 -0.705533 0.00914046 -9968.49 338.648
55 12.6563 9.4843 617.202 -139.561 12.3798 -0.413623 0.00570916 -14066.2 448.906
56 25.1173 8.00639 876.427 -195.424 16.723 -0.559474 0.00749714 -6694.68 247.288
57 21.0494 7.85999 1400.21 -304.388 24.8543 -0.819508 0.010532 -8292.03 294.78
58 59.2576 7.60297 1308.57 -278.534 22.8802 -0.75301 0.00970917 -13188.2 431.723
59 34.0046 7.96253 933.948 -205.342 17.3844 -0.575973 0.00761777 -12947.4 422.186
60 9.76394 9.22447 912.506 -204.277 17.3986 -0.581624 0.00778085 -11007.2 369.045
61 43.135 7.84391 1227.33 -264.414 21.7978 -0.71664 0.00922297 -8430.24 293.743
62 23.1827 8.94955 1000.2 -220.989 18.6079 -0.615024 0.00804434 -8797.69 304.307
63 43.1518 6.60012 999.527 -218.551 18.4015 -0.609597 0.00799095 -9458.23 322.633
64 9.68812 8.1794 1881.78 -406.484 32.3141 -1.04955 0.0131044 -8578.31 302.651
65 -9.54768 8.09262 1612.79 -357.284 28.8859 -0.948064 0.0120026 -7901.92 284.289
66 46.6265 7.87261 1274.59 -277.044 22.9503 -0.758795 0.00982791 -13216.7 433.142
67 35.831 7.06287 601.121 -136.293 12.1948 -0.40892 0.00567492 -13545.7 437.855
68 6.93784 9.03718 1158.49 -260.585 22.0029 -0.741183 0.00982472 -8689.86 309.87
69 9.24126 8.66933 1218.3 -270.194 22.4917 -0.749026 0.00980065 -10315.3 353.99
70 7.71863 6.91768 1327.35 -295.492 24.2608 -0.801045 0.0103127 -10207.7 347.424
71 30.2287 7.36737 1794.69 -387.104 31.1103 -1.01876 0.0128486 -13045.4 429.45
72 42.5928 7.63572 1643.62 -349.432 27.9768 -0.907123 0.0113607 -7016.99 257.731
73 -0.231066 8.08635 1294.03 -290.708 24.1183 -0.805112 0.0104812 -10223 349.975
74 37.9588 7.83755 1352.17 -291.152 23.8117 -0.780768 0.0099984 -12210.7 404.574
75 50.1208 5.06549 791.784 -176.633 15.274 -0.508596 0.00682612 -13739.2 442.638
76 -3.84088 9.98941 1498.67 -330.006 26.962 -0.888716 0.0113062 -10563.3 357.277
77 -8.81874 8.64752 1061.55 -239.595 19.926 -0.657929 0.00858841 -9416.06 322.393
78 33.5055 7.75532 1242.35 -268.307 21.9787 -0.718623 0.0092008 -8118.6 285.921
79 28.6817 8.07037 1284.51 -280.333 23.1381 -0.764593 0.00988276 -12163.7 404.448
80 27.8985 7.81221 1949.62 -413.231 32.6509 -1.05692 0.013152 -8256.8 294.462
81 40.2071 6.45561 1421 -305.23 24.7663 -0.810745 0.0103512 -10677.8 359.331
82 31.3539 8.26117 1305.18 -283.169 23.1819 -0.758915 0.00969039 -11977.4 393.451
83 15.4063 9.36443 892.779 -194.842 16.3811 -0.534672 0.00701501 -10138.2 340.556
84 13.8713 9.21573 1884.62 -403.592 32.132 -1.04479 0.013029 -11347.4 379.091
85 12.7222 7.07378 1845.01 -396.512 31.4072 -1.01627 0.0126452 -9536.77 327.998
86 32.3378 8.13995 1604.67 -345.425 27.9267 -0.912463 0.0115073 -12857.6 419.808
87 -13.5835 8.92048 1246.65 -276.714 22.7261 -0.748328 0.00962085 -4771.98 191.907
88 9.98818 9.34137 1474.12 -323.84 26.5745 -0.881185 0.0113099 -13009.6 424.749
89 -7.73276 10.6994 1197.06 -265.937 22.1903 -0.736869 0.00957733 -15072.3 480.79
90 17.1659 8.86052 1203.85 -264.361 21.8589 -0.719059 0.00927854 -10443.3 355.162
91 28.5411 8.55385 1221.5 -266.775 22.1532 -0.732854 0.00947432 -17293.8 543.218
92 29.5378 8.28263 1385.51 -303.717 25.1828 -0.840061 0.0108471 -11749.1 389.571
93 -4.13299 10.5382 1213.91 -266.21 21.9355 -0.721071 0.00929364 -6532.63 243.368
94 31.7331 8.86407 1260.41 -274.765 22.8375 -0.758775 0.00982142 -12971.5 421.922
95 24.8296 7.4672 856.592 -189.059 16.1279 -0.537094 0.0071936 -5090.23 205.003
