0 -103.705 14.7304 1439.46 -337.645 28.3604 -0.958459 0.0125833 -9868.43 346.534
1 -98.5375 14.0956 1213.2 -287.023 24.1874 -0.811918 0.0106893 -9890.74 343.585
2 -96.3841 14.556 927.793 -226.505 19.7979 -0.677836 0.00922745 -6770.41 257
3 -46.8272 8.18633 1124.09 -277.41 24.0224 -0.828562 0.0111938 -9705.2 341.206
4 -49.5544 10.6472 43.6625 -31.8543 4.36393 -0.152876 0.00271995 -9848.09 342.516
5 -25.843 9.35964 1460.85 -335.406 27.8641 -0.930757 0.0120571 -6641.52 250.076
6 -29.1972 9.10173 1356.3 -314.102 26.3766 -0.888594 0.0116477 -11364.5 386.445
7 -64.9019 9.63906 991.152 -246.31 21.2961 -0.726046 0.00975974 -13545.6 447.381
8 -30.4369 8.73892 1944.15 -434.78 35.2391 -1.16749 0.0148597 -8565.88 308.168
9 -24.4111 8.68582 1277.01 -295.728 24.7508 -0.827396 0.0108111 -11735.5 395.823
10 -36.0428 11.5465 1530.35 -346.186 28.621 -0.952923 0.0122876 -10996.4 375.05
11 -24.6277 8.25997 1382.1 -317.264 26.4259 -0.885964 0.0115665 -10681 366.862
12 -51.1957 10.3709 1100.73 -262.441 22.4016 -0.755795 0.0100402 -10077.8 350.395
13 -27.3602 9.18161 1171.84 -273.705 23.0763 -0.771246 0.0100834 -10946 369.879
14 -77.9647 12.7623 1004.6 -239.759 20.504 -0.69032 0.00920777 -10196.6 352.587
15 -57.5018 10.2346 1947.48 -436.384 35.1838 -1.16058 0.0146808 -8909.17 314.598
16 -58.014 10.2997 2395.51 -522.439 41.1546 -1.33784 0.0166509 -11220 384.993
17 -16.5275 7.5424 870.824 -212.097 18.4674 -0.624436 0.00841298 -5487.43 215.791
18 -72.5464 11.9353 1299.76 -303.567 25.3514 -0.847082 0.0110443 -9431.32 328.941
19 -66.9556 12.5395 233.143 -73.6447 7.69842 -0.266167 0.00406978 -9551.11 329.098
20 -56.249 9.66637 1017.46 -246.642 21.0116 -0.704408 0.00933337 -13324.4 441.46
21 -47.5858 9.29457 2548.71 -545.787 42.0379 -1.33507 0.016121 -7809.66 278.663
22 -75.6699 11.8506 834.859 -204.912 17.8267 -0.600496 0.0080765 -9367.59 324.741
23 -87.7269 12.526 1422.63 -332.811 27.6884 -0.926136 0.0119993 -10361.8 356.183
24 -35.3804 7.3997 1716.52 -391.505 31.7274 -1.0438 0.0132443 -9636.67 334.935
25 -47.2932 8.87492 1889.39 -425.345 34.0908 -1.11176 0.0139022 -9258.16 321.838
26 -21.8126 9.06328 1237.73 -287.923 24.3654 -0.821967 0.0108482 -9879.13 345.652
27 -51.0654 10.2294 923.723 -226.321 19.679 -0.668053 0.00896744 -10824.7 368.925
28 -20.2126 8.13611 807.76 -196.982 17.186 -0.575806 0.0076897 -9074.14 313.866
29 -58.5956 10.5335 1230.51 -289.933 24.354 -0.81394 0.0106222 -9086.59 318.188
30 -93.5491 12.6073 950.741 -231.389 19.7097 -0.656886 0.00865283 -9455.26 326.513
31 -45.4615 10.0417 1442.82 -329.001 27.0406 -0.893608 0.0114475 -8509.46 299.714
32 -41.942 9.83982 1801.66 -400.52 32.1813 -1.05341 0.0132379 -9784.19 335.224
33 -64.7424 10.3098 880.355 -215.695 18.563 -0.623895 0.00827506 -7322.43 262.526
34 -31.5836 9.12078 1944.24 -430.214 34.3488 -1.1196 0.0139551 -8540.67 300.299
35 -54.8422 10.2901 1205.04 -281.655 23.6354 -0.792462 0.0103461 -5747.76 219.999
36 -11.4 8.21332 1968.44 -429.669 34.1026 -1.1058 0.0137177 -7356.8 265.663
37 -36.6469 8.37417 2146.75 -463.863 36.1707 -1.15862 0.0141709 -7862.92 277.625
38 2.52098 9.03195 1147.7 -260.658 22.0141 -0.736349 0.00964094 -11563.9 385.958
39 -23.23 8.53988 961.595 -225.104 19.1104 -0.63784 0.00842204 -10396.5 350.078
40 -27.3169 9.65841 327.065 -90.4905 8.93359 -0.306999 0.00453016 -9905.95 339.181
41 -97.1692 13.7269 368.293 -94.0923 8.5236 -0.276654 0.00400459 -11430.9 378.732
42 -62.2631 11.3662 874.751 -213.162 18.5818 -0.631959 0.00848146 -8841.06 307.296
43 -60.1108 11.1772 600.687 -151.847 13.5639 -0.455874 0.00621972 -10105.7 339.936
44 -66.4201 10.982 704.781 -179.477 15.9194 -0.540621 0.00735791 -8457.21 296.688
45 -63.5144 10.7771 1002.75 -237.415 20.0724 -0.669831 0.00881694 -8941.21 309.65
46 -70.7361 11.5646 872.633 -209.242 17.8857 -0.598234 0.00796702 -7200.34 260.631
47 -17.7739 9.27091 463.178 -117.97 11.0101 -0.374454 0.00528479 -10367.6 348.015
48 -29.7918 8.53799 1703.02 -377.498 30.316 -0.990713 0.012458 -9752.48 333.313
49 -21.1584 9.78247 1434.71 -320.066 26.2139 -0.864832 0.0110884 -9764.65 336.787
50 -37.583 7.91491 1392.57 -314.81 25.3514 -0.819586 0.0102792 -7533.54 265.884
51 -61.8203 11.6463 745.61 -181.427 15.8549 -0.532841 0.00717123 -6085.47 226.641
52 -12.3267 8.03293 1585.53 -346.91 27.6194 -0.888788 0.0110453 -8198.83 285.859
53 -75.9444 11.3011 1382.67 -316.013 25.7546 -0.844493 0.010751 -9143.01 314.502
54 -66.5097 11.4543 689.449 -168.259 14.6556 -0.488006 0.0065973 -10237.7 345.644
55 -62.2386 10.2293 722.624 -180.309 15.6982 -0.525497 0.00708339 -7422.2 265.64
56 -37.1709 8.59611 2309.27 -496.637 38.564 -1.23328 0.0150274 -8156.59 287.172
57 -14.8684 8.41713 2549.53 -543.683 42.254 -1.35729 0.0165548 -8639.3 303.757
58 -33.127 9.45236 653.697 -162.159 14.4988 -0.49094 0.006717 -8790.91 307.125
59 -40.2953 8.44829 1028.2 -243.172 20.4114 -0.676058 0.00879936 -10241.6 344.613
60 -22.8098 8.39356 673.365 -166.204 14.7196 -0.494748 0.00669573 -8561.29 298.096
61 -11.0163 8.59704 1440.62 -319.233 25.8888 -0.843858 0.0106657 -7918.1 279.965
62 -48.0263 9.84811 1463.86 -329.353 26.6983 -0.873014 0.0110405 -8227.42 287.951
63 -49.7193 10.6393 647.769 -159.103 14.0457 -0.47086 0.00640754 -10974.3 364.73
64 9.42751 7.13726 1767.06 -387.501 31.1404 -1.02339 0.012935 -9291.56 321.483
65 21.669 7.46866 1813.26 -391.873 31.252 -1.01737 0.0127197 -9684.28 331.236
66 21.1489 7.69019 939.764 -215.185 18.5538 -0.628628 0.00842816 -11699 391.484
67 18.0374 6.83582 848.152 -194.524 16.7204 -0.560463 0.00750678 -7071.87 257.046
68 20.4267 8.04667 1843.14 -396.771 31.6977 -1.03491 0.0129713 -9238.94 320.218
69 37.1315 7.18377 1004.97 -217.954 18.1449 -0.595626 0.00775373 -9015.79 308.987
70 -4.53913 8.79011 566.971 -137.446 12.4948 -0.426412 0.00597536 -12201.6 402.938
71 37.4817 7.24402 607.615 -140.472 12.7275 -0.434187 0.00606703 -8134.23 289.74
72 23.0756 7.37539 1707.43 -369.627 29.7186 -0.973863 0.0122826 -7985.17 282.073
73 15.4504 6.5964 1366.21 -301.348 24.5677 -0.806837 0.010295 -6880.44 249.201
74 36.0391 5.83175 2792.48 -585.827 44.9751 -1.43385 0.0173214 -8074.75 287.372
75 24.0671 7.9866 1818.58 -389.059 30.9802 -1.00863 0.0126295 -8143.73 288.302
76 24.5356 8.38309 513.743 -117.387 10.6147 -0.352797 0.00496176 -10285 348.59
77 25.7442 5.82039 1682.61 -362.605 28.9119 -0.941845 0.0118403 -8454.7 294.165
78 46.0012 8.35563 1715.07 -364.593 29.271 -0.95653 0.0120405 -7094.58 257.565
79 17.7991 8.03186 1591.53 -345.059 27.8019 -0.90888 0.0114476 -7728.65 273.636
80 27.8353 8.44033 1537.16 -329.573 26.5079 -0.863406 0.0108921 -7632.13 271.647
81 35.4031 6.91803 2649.23 -551.176 42.161 -1.33402 0.0160215 -8050.86 285.207
82 44.8728 8.19401 1191.21 -254.675 20.9868 -0.688946 0.00888848 -9905.37 337.068
83 32.5074 7.93714 1661.12 -358.457 28.9271 -0.94955 0.0120307 -9613.91 331.219
84 6.42463 8.20447 1821.88 -393.531 31.3412 -1.01967 0.0127346 -7084.73 256.62
85 7.78316 7.95069 2210.36 -473.024 37.251 -1.20862 0.0149445 -7272.48 263.427
86 17.8038 6.52882 1951.11 -420.78 33.4361 -1.09055 0.013641 -8252.73 291.949
87 40.694 8.97275 1380.06 -296.535 24.3938 -0.808628 0.010437 -8032.66 285.745
88 34.2768 6.17576 1919.51 -409.023 32.3229 -1.04569 0.0129842 -8836.08 307.727
89 9.88321 7.6852 1532.08 -334.121 27.0251 -0.884825 0.0112137 -11756.4 390.218
90 18.1945 8.04113 1350.16 -298.076 24.6598 -0.821906 0.0106581 -4918.74 195.867
91 11.5549 8.86016 1321.97 -289.553 23.7618 -0.7821 0.0100268 -8103.38 286.389
92 7.24792 8.13065 1336.27 -297.954 24.5797 -0.816042 0.0105116 -7456.66 267.556
93 35.574 6.88195 2286.29 -481.936 37.7292 -1.22003 0.0150502 -10253.6 349.556
94 -9.67306 10.0924 1314.91 -294.637 24.5622 -0.822327 0.0106735 -13696.5 448.682
95 31.4242 6.48391 540.935 -127.655 11.7214 -0.400434 0.00564994 -8485.42 297.763
