0 40.0911 8.69785 867.164 -195.161 17.2536 -0.594067 0.00821911 -7871.97 290.575
1 37.4618 9.19142 697.162 -155.735 13.9389 -0.475042 0.00661869 -10407.1 356.712
2 63.8069 7.94278 560.134 -124.382 11.6012 -0.399404 0.00570125 -9378.84 326.268
3 56.7752 7.59324 948.404 -210.633 18.3863 -0.629754 0.0086139 -9596.23 338.03
4 30.2608 7.80301 1219.91 -271.562 22.8941 -0.77326 0.0102572 -10310.4 356.515
5 55.5364 7.65218 1104.51 -240.733 20.3276 -0.680686 0.00904097 -11571.4 391.315
6 43.4238 6.7008 1610.66 -350.478 28.6204 -0.951107 0.0122717 -8871.75 315.628
7 43.4504 7.02876 1075.26 -236.177 19.7523 -0.655238 0.00861423 -8642.06 302.7
8 47.32 8.05198 692.427 -151.621 13.3926 -0.449375 0.00621123 -8735.92 309.318
9 54.7945 6.31242 1180.7 -259.536 21.7672 -0.730501 0.00967291 -10657.8 365.834
10 53.7818 6.70825 1513.61 -330.176 27.2693 -0.91382 0.0118905 -9726.91 340.208
11 57.8725 7.08118 994.286 -215.767 18.2793 -0.608822 0.00807871 -10489.3 355.821
12 67.8055 5.39527 928.306 -205.903 17.6421 -0.59102 0.00788093 -7651.81 274.551
13 46.9702 7.56203 666.815 -153.485 13.8893 -0.477584 0.00667715 -10620.3 362.294
14 52.8563 9.07775 478.372 -103.7 9.71251 -0.328292 0.0047867 -7762.13 281.604
15 63.5861 5.42716 2080.08 -435.623 34.2012 -1.10438 0.0137084 -9000.48 314.488
16 60.23 6.79151 1244.06 -270.797 22.5857 -0.752939 0.00986066 -11420 386.598
17 70.3934 6.69689 1390.74 -296.211 24.1786 -0.794564 0.0102056 -9886.34 340.262
18 92.1153 6.56056 1784.61 -370.336 29.4978 -0.957973 0.0120202 -8582.91 301.923
19 37.4208 7.75852 935.425 -206.084 17.4566 -0.579435 0.00770025 -9354.3 323.003
20 52.3986 6.79179 1022.65 -223.351 18.8048 -0.623441 0.00820238 -8522.68 298.768
21 46.5072 7.73183 989.545 -218.518 18.7092 -0.630788 0.00849022 -8441.5 303.208
22 80.3023 5.66177 1587.07 -336.462 27.2865 -0.899072 0.0115113 -9792.7 339.795
23 54.276 6.92871 1149.98 -251.181 20.9961 -0.697271 0.00913328 -9747.75 335.612
24 42.5261 7.26384 1119.3 -247.984 20.8717 -0.699098 0.00927207 -8696.14 309.204
25 53.1089 7.59867 882.413 -194.938 16.771 -0.561085 0.00752192 -9314.08 322.445
26 41.7469 8.72288 767.448 -171.03 15.0736 -0.511671 0.00710114 -12164.7 411.341
27 49.2506 8.19934 728.043 -160.413 14.091 -0.472297 0.00645138 -8573.59 300.297
28 15.3645 7.77041 1093.94 -242.324 20.3226 -0.67968 0.00904781 -8950.92 317.224
29 48.5352 7.25202 700.145 -157.449 14.0262 -0.476171 0.00659587 -9151.76 320.569
30 62.1753 6.63807 1478.62 -318.953 26.2572 -0.875555 0.0113871 -7713.03 282.338
31 53.4123 7.02177 1677.65 -363.066 29.6819 -0.989024 0.0127211 -8927.67 315.995
32 82.5267 7.35152 905.748 -191.391 16.5222 -0.558969 0.00762121 -11497.7 388.817
33 45.4881 9.09653 567.377 -116.71 10.3321 -0.343183 0.00491418 -9923.24 343.641
34 24.3211 9.749 876.517 -195.863 17.1818 -0.5914 0.00812002 -9512.88 332.136
35 84.4422 6.97171 1154.16 -245.062 20.6067 -0.69113 0.00913023 -8753.18 308.175
36 32.9799 8.64157 733.789 -165.95 14.8373 -0.512225 0.00714609 -10299.5 352.896
37 47.9613 10.0965 520.185 -104.744 9.44436 -0.315797 0.00464883 -9203.62 325.995
38 86.7113 8.40265 750.114 -154.17 13.6635 -0.465069 0.00649326 -12456.6 416.007
39 92.0325 6.77987 1313.69 -276.865 23.0093 -0.769195 0.0100423 -8387.64 297.322
40 69.4406 8.64764 961.727 -206.094 17.8542 -0.608039 0.00825505 -10018 346.389
41 59.98 7.77995 764.121 -167.653 14.922 -0.514827 0.00716768 -9630.68 333.127
42 74.8602 6.01407 1244.38 -267.839 22.4044 -0.75359 0.00993604 -9754.13 336.723
43 68.1099 7.57749 1188.8 -255.383 21.4551 -0.721374 0.00950962 -9254.06 322.166
44 77.1823 8.23016 862.764 -183.124 15.9951 -0.54432 0.0074684 -10630.8 362.654
45 87.5932 6.44028 1224.98 -261.343 21.893 -0.73623 0.0097301 -8970.09 315.108
46 81.6213 7.15642 1599.22 -337.028 27.5568 -0.920552 0.0119274 -9141.53 321.676
47 70.5293 7.10773 1433.18 -306.005 25.2492 -0.845028 0.0110079 -9053.73 318.327
48 74.7804 7.29149 982.147 -208.19 17.7497 -0.598359 0.00805857 -9737.13 336.506
49 104.248 7.2357 1107.66 -230.639 19.5655 -0.661118 0.00884339 -10560 360.569
50 66.638 6.61282 1372.32 -294.225 24.329 -0.814408 0.0106291 -9080.15 317.419
51 84.5173 7.34306 1157.9 -242.404 20.3192 -0.68157 0.00901336 -8786.05 308.286
52 103.62 6.06068 1517.26 -318.753 26.2068 -0.875485 0.0113696 -9616.5 334.562
53 52.3171 9.31264 677.786 -141.587 12.4399 -0.417395 0.00578087 -12129 401.681
54 57.082 12.4706 1406.2 -276 21.7748 -0.69375 0.00883825 -6332.9 239.611
55 80.7811 7.32589 1836.13 -382.769 30.7267 -1.01304 0.0128717 -9492.69 331.093
56 108.291 5.93505 1735.21 -362.149 29.2651 -0.96667 0.0123144 -8036.3 287.277
57 79.1965 6.69312 1610.1 -344.364 28.2083 -0.94088 0.0121167 -9346.65 325.686
58 62.0197 6.79673 1408.27 -304.154 25.1092 -0.837644 0.0108536 -10555.7 358.674
59 60.0429 7.10635 1584.24 -341.288 28.0355 -0.939309 0.0121593 -10432.1 358.117
60 48.4328 7.89119 773.431 -169.541 14.9493 -0.512245 0.00709882 -8835.97 310.201
61 56.4048 7.41427 1122.17 -239.032 19.892 -0.66201 0.00870894 -8678.15 302.851
62 83.3251 6.7145 1593.76 -334.886 27.2822 -0.907769 0.011744 -9622.18 336.35
63 79.0353 7.15721 1250.79 -266.793 22.3955 -0.755502 0.0099616 -9506.52 330.132
64 11.832 5.48227 1298.85 -293.402 24.1433 -0.798808 0.0103685 -9839.19 340.104
65 -19.5508 10.1183 723.273 -157.933 13.2735 -0.432083 0.00593862 -6694.79 249.873
66 -6.58662 7.33967 804.432 -193.067 16.8248 -0.568887 0.00773896 -8821.16 310.772
67 1.4024 6.56368 1020.23 -231.3 19.1736 -0.629317 0.00824508 -9335.03 323.41
68 5.46218 7.16541 1207.52 -269.07 22.3089 -0.742878 0.00980855 -10752.2 368.882
69 -10.8356 7.42054 797.074 -189.177 16.299 -0.546082 0.00737442 -9120.2 317.068
70 -7.22438 8.41587 691.017 -157.534 13.5644 -0.447595 0.00613086 -11150.8 376.29
71 -67.0764 11.2076 663.72 -163.817 14.3734 -0.482943 0.00663243 -10389.5 353.258
72 35.7519 5.13839 1452.69 -322.684 26.3856 -0.870472 0.0111596 -8688.05 306.569
73 -11.4158 8.68552 594.079 -145.307 13.0313 -0.44043 0.0061636 -8639 305.931
74 24.3503 6.84997 706.901 -163.408 14.3271 -0.481402 0.00667725 -9495.16 334.241
75 -32.2387 8.61343 532.943 -134.611 11.993 -0.398496 0.00551686 -10029.5 339.547
76 -4.46221 7.96478 1012.93 -233.665 19.7032 -0.654938 0.00863716 -9492.85 328.585
77 12.9336 6.1986 927.437 -210.536 17.5647 -0.575239 0.00755171 -9649.11 329.519
78 36.5731 4.02931 1465.1 -321.579 25.8585 -0.840465 0.0106578 -8528.59 299.259
79 44.6557 5.23909 1809.58 -386.138 30.5652 -0.987938 0.0123303 -8807.82 308.221
80 33.5206 5.60562 1259.58 -280.134 23.0952 -0.763092 0.0099002 -9222.57 321.65
81 34.1954 6.64748 796.243 -181.259 15.5663 -0.51476 0.00689111 -10106.8 343.757
82 21.8058 7.16301 979.581 -217.453 18.1341 -0.59587 0.00786009 -8190.69 291.209
83 13.6445 7.49469 827.344 -188.587 16.0604 -0.530589 0.00711819 -9959.53 341.433
84 48.7674 5.33834 1329.22 -292.315 23.8656 -0.78078 0.00999381 -7545.42 273.1
85 50.1834 1.33185 1648.58 -361.325 28.619 -0.922066 0.0115191 -9422.85 323.88
86 -5.19551 8.76214 795.222 -180.451 15.3638 -0.506845 0.00683565 -8368.81 297.96
87 42.0961 4.68312 1032.54 -233.931 19.7144 -0.655421 0.00864866 -7243.32 264.284
88 -8.08335 8.9835 884.834 -201.792 17.0793 -0.564676 0.00757203 -10142.2 350.074
89 38.0331 4.79231 1224.39 -276 22.9669 -0.763029 0.00995439 -11009.8 374.101
90 33.8891 5.72572 1310.31 -290.695 23.9229 -0.788575 0.0101798 -9495.65 330.177
91 -9.88335 8.03431 703.37 -167.048 14.5648 -0.48483 0.00656661 -8685.38 303.103
92 -13.7694 8.62737 1012.4 -231.895 19.5149 -0.650128 0.00861101 -8804.18 309.225
93 5.8537 8.38272 1043.06 -234.882 19.6868 -0.650085 0.00850202 -10158.4 346.613
94 5.39171 8.92911 665.599 -151.697 13.2227 -0.436552 0.00593287 -9411.37 324.122
95 -20.5626 8.46563 645.818 -154.932 13.5356 -0.449753 0.00616693 -8854.77 309.091
