0 186.612 5.90245e-09 577.328 -143.255 11.6729 -0.364085 0.00490262 -10433.5 351.567
1 52.6365 3.5683e-09 474.992 -135.544 12.1075 -0.403998 0.00559319 -10373.7 347.011
2 48.3059 2.4406e-11 1171.86 -273.239 21.9779 -0.710055 0.00907857 -12308.6 403.364
3 171.031 2.25852e-09 645.365 -160.072 13.23 -0.423875 0.00570953 -8181.37 289.918
4 79.8024 1.98267e-10 260.727 -87.8755 8.32568 -0.27812 0.00408265 -12760.3 411.921
5 454.002 1.40752e-07 580.864 -167.054 14.826 -0.499275 0.00677462 -12036.6 393.168
6 90.048 2.37671e-09 348.651 -110.09 10.1445 -0.340642 0.0048808 -14800.9 471.575
7 69.5421 5.06851e-09 814.225 -199.531 16.5131 -0.533406 0.00694225 -10859.3 357.906
8 207.303 1.5266e-08 628.994 -160.894 13.5052 -0.438083 0.00590974 -10318.1 347.276
9 58.3115 3.67845e-10 464.079 -135.458 12.183 -0.406718 0.0055959 -11717.4 384.221
10 53.1748 8.72924e-10 376.966 -113.744 10.5334 -0.354455 0.00502499 -9246.36 316.625
11 72.1453 1.40315e-08 617.121 -161.911 13.9119 -0.458752 0.00619638 -9989.59 337.059
12 65.2769 1.01935e-08 389.471 -113.73 10.2561 -0.339964 0.00481241 -9661.24 330.312
13 45.0089 2.22495e-09 670.777 -170.217 14.2322 -0.461109 0.00614255 -9853.9 330.787
14 338.629 6.16425e-10 708.966 -181.826 15.3621 -0.504222 0.00673037 -12013.8 392.715
15 54.5994 8.94959e-09 1005.05 -240.534 19.7637 -0.641322 0.00823597 -11789.2 384.37
16 206.553 3.86229e-08 340.289 -106.273 9.64829 -0.315644 0.00444376 -10988.4 362.047
17 118.188 2.22045e-14 540.962 -149.079 12.9195 -0.425079 0.0057392 -12179.9 391.707
18 620.942 1.31133e-09 1182.87 -279.476 22.4645 -0.726285 0.00926898 -10095.2 340.706
19 53.3234 1.53156e-10 462.315 -129.732 11.3878 -0.370977 0.00508175 -8881.03 303.887
20 108.534 5.87853e-09 8.17167 -46.2525 5.89745 -0.21585 0.00347982 -10122 338.264
21 470.16 0.000444547 482.121 -129.553 10.7994 -0.341018 0.00462329 -9319.68 313.222
22 201.714 5.65556e-09 808.69 -199.469 16.388 -0.525624 0.00680831 -10242.9 341.647
23 183.053 8.32448e-08 814.251 -198.294 16.2469 -0.523529 0.00686431 -12045.5 394.322
24 44.0938 7.99501e-09 513.711 -140.225 12.2799 -0.404035 0.00549902 -11018.4 363.067
25 213.29 4.02125e-08 594.592 -169.768 15.1532 -0.514757 0.00699496 -8795.34 304.715
26 47.7364 4.69786e-09 643.643 -165.924 14.3006 -0.471019 0.00628703 -11116.2 364.817
27 69.3891 5.20856e-10 554.032 -152.879 13.3962 -0.443409 0.00597106 -10221.8 338.227
28 63.5054 8.31425e-08 594.927 -152.554 12.9306 -0.420089 0.00567851 -9685.67 329.07
29 52.4959 5.88418e-14 605.179 -159.111 13.8575 -0.46136 0.00630449 -6156.84 232.76
30 37.7477 2.04636e-11 1125.55 -263.171 21.2788 -0.688839 0.00883105 -6416.41 241.386
31 600.619 9.57345e-12 924.049 -232.91 19.5327 -0.647241 0.00845493 -10942 362.256
32 23.8268 8.3433 1002.85 -225.994 19.3236 -0.649488 0.00867177 -8388.02 301.063
33 17.5535 9.7061 754.575 -174.915 15.6636 -0.536461 0.00741878 -10803.9 367.509
34 -10.2506 8.84107 250.613 -77.0428 8.33843 -0.304339 0.00478148 -9703.87 339.135
35 -14.3006 9.90852 599.071 -142.843 12.9116 -0.438801 0.00614178 -10610.2 359.405
36 27.9144 7.90755 1418.51 -311.47 25.7534 -0.859055 0.0111916 -10790.9 370.589
37 -12.879 10.4644 723.894 -172.981 15.5042 -0.531094 0.00733869 -8004.84 291.422
38 4.73557 12.2401 289.356 -70.0309 7.38682 -0.256613 0.00395039 -13061.9 426.868
39 11.273 9.04725 698.472 -163.445 14.5736 -0.494299 0.00681844 -9277.51 325.694
40 8.69691 9.54809 845.385 -191.565 16.6229 -0.55772 0.00751464 -10295.6 351.037
41 34.8344 7.22998 1617.91 -348.31 28.1748 -0.92612 0.0118039 -11119.5 374.269
42 35.563 8.87522 698.472 -157.396 13.9888 -0.472568 0.006534 -9360.2 326.038
43 42.817 6.93841 825.794 -180.474 15.3696 -0.505479 0.00673089 -11858.4 389.154
44 33.9716 8.76743 1239.77 -272.304 22.7082 -0.754911 0.009862 -10306.7 355.828
45 29.4921 7.8331 540.38 -135.542 12.9339 -0.45534 0.00652597 -10618.7 364.175
46 36.3668 7.66711 560.207 -130.666 11.953 -0.405215 0.0056664 -10196.1 345.433
47 30.0838 7.02874 1822.07 -382.241 29.8838 -0.953474 0.0117654 -9328.6 319.757
48 28.2558 9.08564 820.485 -182.888 15.7965 -0.526507 0.00707562 -10198.3 347.516
49 23.7762 8.48177 1016.66 -229.911 19.6741 -0.663279 0.00887714 -10801.6 370.303
50 13.6996 10.2153 304.95 -79.2357 8.32048 -0.296321 0.00459645 -10133.3 350.929
51 21.1874 10.2748 455.782 -103.611 9.79822 -0.333482 0.0048574 -11560.9 387.592
52 20.9226 8.20645 1533.3 -335.739 27.3545 -0.900851 0.0115135 -9718.46 336.322
53 33.0431 7.52664 891.18 -196.637 16.7716 -0.555788 0.00737822 -9352.08 321.875
54 35.5295 8.67186 805.859 -177.037 15.2508 -0.50573 0.00679458 -9681.33 331.29
55 33.9428 9.76733 758.1 -170.279 15.1512 -0.516087 0.00710095 -8621.42 305.551
56 1.38346 9.81655 486.83 -117.792 10.9916 -0.374024 0.00536601 -9056.13 321.605
57 -2.78367 9.74397 856.827 -199.308 17.4432 -0.59266 0.00804697 -10592.2 362.43
58 12.8233 9.21597 1098.14 -245.74 20.6849 -0.687868 0.00902653 -11321.7 380.223
59 -4.46451 8.62378 1001.56 -224.069 18.6077 -0.607724 0.00791233 -10953.7 365.754
60 1.74007 8.65067 466.064 -111.431 10.2134 -0.341141 0.00484812 -10698.5 358.799
61 28.6157 7.26853 1112.68 -244.287 20.2516 -0.667333 0.00871391 -9812 336.512
62 13.7585 9.42169 724.813 -165.546 14.5562 -0.489151 0.00665967 -12966.2 420.436
63 24.5981 9.35799 744.01 -164.801 14.3685 -0.479254 0.00648793 -9071.24 313.855
64 -3.16495 9.00139 811.368 -188.359 16.2622 -0.541528 0.00728646 -10441.6 354.331
65 0.94157 9.00633 912.143 -208.262 17.8016 -0.593637 0.00791238 -9305.89 322.81
66 4.29998 8.08346 550.886 -133.082 12.0836 -0.407253 0.00571502 -8837.35 308.659
67 -6.19568 9.31454 650.761 -156.104 13.9276 -0.470126 0.00652136 -12473.2 412.639
68 34.8422 8.17982 586.807 -133.515 12.1294 -0.410163 0.0058395 -9423.78 333.65
69 -15.0395 9.59414 541.176 -133.781 12.2888 -0.418889 0.0059622 -9314.47 328.515
70 -6.64318 8.08833 839.079 -199.553 17.2941 -0.581102 0.00782734 -12262.6 403.959
71 21.821 8.82152 1055.03 -239.638 20.558 -0.693302 0.00927156 -10590.7 365.756
72 -8.7193 7.34821 1312.13 -296.281 24.3191 -0.801959 0.0103968 -10612.5 361.729
73 -8.16377 9.26565 363.814 -95.42 9.3393 -0.321404 0.00478823 -9816.71 343.223
74 -17.0534 10.048 597.277 -143.677 12.8645 -0.429949 0.00592007 -10401.9 351.248
75 0.916363 9.24316 643.134 -153.79 13.8425 -0.470407 0.0065951 -11805.5 396.598
76 33.6808 8.33143 809.005 -182.363 16.0154 -0.54118 0.00742455 -11317.1 385.317
77 19.8653 6.53212 1030.34 -233.456 19.6299 -0.652663 0.00864414 -10087 347.782
78 -1.13943 8.76151 527.51 -128.757 11.7694 -0.397163 0.00557122 -10937.9 364.332
79 -27.937 10.0393 780.878 -185.918 16.1477 -0.541315 0.00733495 -10855 366.289
80 3.78553 9.25282 555.382 -128.844 11.5346 -0.383382 0.00536214 -9039.33 315.009
81 -11.8197 9.18366 1324.12 -292.448 23.9264 -0.786071 0.0101784 -9166.12 324.457
82 20.5371 8.30182 755.69 -171.863 15.0053 -0.50312 0.00690375 -9247.85 325.167
83 -2.29107 9.31352 701.111 -163.517 14.3689 -0.480975 0.00660577 -11466 386.191
84 -18.0121 9.97982 431.227 -103.973 9.48753 -0.311613 0.0044492 -9510.32 327.649
85 14.2985 9.21903 606.216 -142.984 12.97 -0.438318 0.0060933 -12327.8 405.08
86 27.1535 8.95478 802.308 -178.208 15.397 -0.512247 0.0069994 -7023.38 267.524
87 -27.8016 9.94645 728.237 -175.693 15.4676 -0.52027 0.0070855 -10291.3 349.887
88 9.38743 9.33167 956.213 -220.245 19.0564 -0.643033 0.00865291 -11181.5 381.557
89 9.10578 8.6128 2086.05 -447.555 35.5484 -1.15868 0.0145406 -9861.02 346.892
90 -11.0305 9.70895 522.395 -128.549 11.8048 -0.398015 0.00561303 -8336.69 296.053
91 -8.52559 9.12847 666.835 -159.616 14.256 -0.481718 0.00661652 -10347 349.592
92 -21.9727 9.84755 527.209 -126.354 11.3558 -0.379458 0.00543594 -9493.77 336.09
93 -22.2348 11.5282 625.155 -148.097 13.2812 -0.446367 0.00617305 -11060.9 371.435
94 -14.9806 9.91168 307.677 -81.5867 8.10548 -0.274643 0.00413878 -14868 477.691
95 5.80066 8.38829 926.761 -214.44 18.5281 -0.626621 0.00845274 -9509.13 331.344
