0 11.302 9.82219 1708.06 -379.704 31.4224 -1.05438 0.0135869 -9989.51 348.214
1 11.0092 8.97668 1383.13 -309.372 25.7306 -0.85935 0.0111407 -6584.45 247.573
2 1.04639 8.75111 876.79 -202.634 17.5101 -0.58904 0.00790795 -7065.77 258.898
3 17.8145 9.73117 1222.37 -269.72 22.5496 -0.749511 0.00974262 -9951.49 341.529
4 19.3983 7.99317 1868.87 -404.132 32.2666 -1.04801 0.0130531 -10792.7 365.119
5 11.9481 8.4962 954.939 -215.733 18.4453 -0.618836 0.00827 -10309.2 351.407
6 0.71696 8.59234 1052.39 -239.182 20.268 -0.679184 0.00900151 -10506.2 358.598
7 25.4439 9.03896 1230.28 -268.301 22.2446 -0.733936 0.00947944 -7156.44 261.114
8 31.57 7.56281 1323.09 -289.519 23.8315 -0.784534 0.0100771 -6669.74 245.856
9 -0.268924 9.25402 936.872 -214.186 18.4639 -0.622461 0.00835472 -8110.92 289.652
10 21.9176 8.4349 1325.44 -292.66 24.2672 -0.807094 0.0104584 -11758 394.192
11 -14.2971 9.13785 1520.95 -339.789 27.8254 -0.920587 0.0117504 -8539.83 301.103
12 5.34358 7.25914 1631.92 -358.722 28.9951 -0.950974 0.0120087 -7384.95 265.529
13 20.6463 8.15455 979.453 -217.377 18.3575 -0.608367 0.00800659 -6093.63 228.375
14 3.12041 8.0911 1720.48 -374.798 29.9143 -0.968525 0.0120671 -8647.85 302.547
15 0.0651496 9.34678 958.213 -219.143 18.7681 -0.631163 0.00841756 -9848.62 338.306
16 27.2023 9.21763 552.43 -128.541 11.9268 -0.408057 0.0057661 -8342.38 295.287
17 51.73 7.662 1109.74 -239.291 19.96 -0.657914 0.00854901 -7886.75 279.191
18 15.8715 7.64627 1285.88 -284.802 23.53 -0.779002 0.0100722 -8432.96 297.682
19 -2.35709 7.57714 1174.77 -262.711 21.5102 -0.699225 0.00892639 -7723.07 273.985
20 -4.9253 8.27797 913.98 -210.911 17.9871 -0.599633 0.0079714 -9247.52 319.251
21 4.44253 9.33625 1396.76 -307.934 25.3366 -0.83835 0.0107694 -7196.53 262.023
22 71.6135 6.62514 1811.41 -379.225 30.1694 -0.977385 0.0122035 -8130.86 289.656
23 20.0749 8.92148 1414.46 -310.401 25.6211 -0.851707 0.0110161 -7701.95 280.121
24 29.6086 7.28998 1296.35 -282.433 23.0492 -0.750473 0.00956383 -7732.76 275.682
25 33.2439 8.51879 1570.21 -338.266 27.3518 -0.893106 0.0112667 -7596.77 272.466
26 38.8388 6.88173 1792.47 -380.858 30.1675 -0.971478 0.0120483 -8069.03 286.034
27 19.6803 8.05446 1468.61 -318.111 25.7227 -0.837465 0.010578 -7864.49 279.896
28 6.07881 8.00011 1409.54 -313.445 25.6677 -0.844024 0.0107446 -9408.82 322.873
29 30.5024 8.35048 1334.32 -289.986 23.8947 -0.788771 0.010132 -8447.17 296.495
30 31.251 7.49179 1515.98 -324.604 25.966 -0.83734 0.0104334 -7346.87 261.426
31 6.48598 9.61023 854.626 -190.282 16.2412 -0.539267 0.00719229 -10745.3 361.174
32 17.3937 8.42925 925.208 -212.483 18.4041 -0.623517 0.00839676 -8634.72 304.096
33 27.2125 9.16292 1425.59 -312.004 25.8568 -0.86439 0.0112488 -6517.76 246.303
34 35.9882 7.11194 1552.96 -337.995 27.594 -0.913278 0.0116954 -8887.39 311.323
35 34.9365 8.08094 1279.77 -280.407 23.3913 -0.782304 0.0102306 -7606.21 276.092
36 20.7853 8.92677 953.06 -214.455 18.4441 -0.621656 0.00832793 -8348.96 295.224
37 10.1474 8.83309 1065.38 -241.08 20.5213 -0.69227 0.00921768 -10146.3 347.41
38 12.811 9.12715 1017.11 -228.796 19.6179 -0.663414 0.00886672 -9078.02 317.402
39 12.223 7.08354 1337.42 -295.671 24.1748 -0.794855 0.0101812 -6776.33 248.325
40 49.6747 7.65298 902.786 -203.376 17.8204 -0.607388 0.00823885 -12550.3 418.346
41 29.466 8.87849 1318.73 -288.343 23.924 -0.796945 0.0103696 -7708.8 278.886
42 29.8424 7.9131 977.802 -218.486 18.6834 -0.627958 0.00840197 -11079.3 375.025
43 28.2953 8.64222 1135.23 -250.497 21.107 -0.707014 0.0093502 -8452.72 301.659
44 49.2292 8.51567 631.329 -137.695 12.376 -0.417014 0.00583175 -8426.36 298.836
45 6.92557 8.50769 1223.29 -273.657 22.8249 -0.761722 0.00996553 -9556.23 330.418
46 19.252 8.27764 1034.82 -226.958 18.9007 -0.621416 0.008127 -8124.61 286.844
47 10.7236 7.95622 1447.74 -315.593 25.6068 -0.840864 0.0107583 -8271.47 293.955
48 26.639 8.76637 1355.3 -296.505 24.4673 -0.810845 0.0104676 -8941.02 312.452
49 28.7209 8.59113 584.804 -131.947 11.8717 -0.39836 0.00556835 -9658.98 331.118
50 21.9247 9.21536 1006.24 -223.026 18.9566 -0.633452 0.00837383 -8311.66 292.853
51 38.2439 7.76108 1377.3 -295.25 23.9156 -0.778011 0.00989238 -9629.16 330.765
52 8.13634 9.39194 1098.22 -243.798 20.3679 -0.674032 0.00881347 -7129.05 259.184
53 17.82 8.5229 1279.3 -281.429 23.1927 -0.764554 0.00986609 -7980.95 284.176
54 19.1411 8.35914 1407.82 -306.691 24.9539 -0.816658 0.0103981 -7574.09 271.589
55 15.2983 8.66822 1328.47 -293.198 24.1707 -0.798042 0.0102637 -10851 366.724
56 59.6008 7.68653 1291.51 -277.071 22.8743 -0.753445 0.0096934 -7950.27 281.501
57 -7.83483 9.26965 1122.28 -254.895 21.4351 -0.716452 0.00943012 -10729.5 364.342
58 16.9697 8.12297 1549.24 -338.956 27.6747 -0.91554 0.0117526 -8367.22 298.724
59 43.4451 7.77769 1723.39 -366.29 29.2251 -0.945738 0.0118034 -8526.13 299.9
60 22.3241 8.97884 930.501 -208.032 17.7709 -0.592378 0.00784822 -9082.09 313.416
61 23.056 8.1327 1582.27 -340.858 27.4742 -0.897511 0.0113685 -9503.9 327.414
62 20.0437 7.98518 1488.6 -321.536 25.9533 -0.846042 0.0107088 -9259.64 319.375
63 35.5599 8.15864 838.386 -187.468 16.3055 -0.548887 0.00739144 -7740.42 277.081
64 50.3015 9.00841 1299.06 -281.47 23.5403 -0.789938 0.0103672 -10640.6 363.905
65 34.5517 8.03006 1765.97 -386.397 31.6704 -1.06209 0.0137179 -8512.74 306
66 62.305 8.64799 1596.08 -340.458 27.84 -0.922237 0.0117807 -7861.11 282.452
67 38.1348 8.14092 1665.98 -356.193 28.5959 -0.932488 0.0117526 -9472.35 328.067
68 60.4443 9.13645 701.946 -151.231 13.5395 -0.461113 0.00643316 -6998.82 259.091
69 96.4026 6.8654 1720.75 -358.527 28.9551 -0.953149 0.0121245 -8766.66 309.868
70 6.8798 7.15528 1348.29 -303.472 25.0912 -0.836554 0.0108531 -8691.89 305.375
71 49.3011 7.83647 1573.51 -336.418 27.3571 -0.902084 0.011525 -7766.43 281.152
72 71.5956 8.58924 1469.51 -309.375 25.4102 -0.841812 0.0108537 -7004.6 258.929
73 57.6013 7.89308 1491.44 -318.717 26.1975 -0.873163 0.0113215 -10402.4 356.395
74 42.6171 8.05673 1685.58 -364.606 29.8279 -0.994389 0.0127957 -8543.13 305.465
75 56.7057 8.37015 1120.3 -242.086 20.347 -0.679757 0.00896879 -11441.1 384.294
76 37.9077 9.3721 1224.07 -266.314 22.3398 -0.748247 0.00982198 -9979.56 343.631
77 46.2793 7.43064 1403.9 -302.566 24.7561 -0.817985 0.0105362 -8221.06 290.783
78 18.5345 10.013 1442.29 -314.874 26.0312 -0.870277 0.0113092 -7319.07 268.01
79 43.1032 8.12308 1907.26 -404.442 32.3554 -1.06217 0.0134046 -9052.23 318.647
80 46.6499 8.38444 1544.68 -333.456 27.355 -0.910062 0.0117381 -10103.4 348.04
81 34.7864 9.40622 1355.09 -288.814 23.6585 -0.779955 0.0100547 -8206.18 291.462
82 38.8591 7.75251 1702.1 -363.878 29.3213 -0.964828 0.0122749 -9126.61 319.42
83 69.7883 8.11896 1833.27 -381.692 30.3494 -0.985619 0.0123272 -10000.9 342.976
84 30.538 10.5234 1102.58 -233.406 19.4099 -0.640183 0.00836046 -10372.7 350.547
85 10.1504 9.09088 1421.86 -314.863 26.1713 -0.879463 0.0114605 -9625.79 332.442
86 41.9241 8.16368 1871.14 -398.633 32.011 -1.05235 0.0132985 -8135.95 291.015
87 61.3159 8.67553 1795.43 -383.723 31.2356 -1.03834 0.0132766 -10133 352.113
88 22.9659 8.9082 1818.51 -397.651 32.4643 -1.08368 0.0138771 -10593.2 363.375
89 76.0251 8.15727 2143.32 -450.292 36.0268 -1.18376 0.014867 -8407.9 301.743
90 24.0202 8.77984 1642.73 -359.341 29.3578 -0.974502 0.0124885 -10030.9 348.347
91 18.3699 9.85513 1717.13 -370.796 30.06 -0.991199 0.0125835 -10187.4 349.723
92 67.6551 6.28335 1265.4 -274.929 23.0267 -0.772459 0.010155 -7634.53 278.34
93 38.6555 7.8337 1976.44 -423.118 33.9553 -1.12018 0.0141666 -7020.87 259.665
94 28.8978 8.63435 1358.74 -296.764 24.6309 -0.824838 0.0107732 -10956.7 372.497
95 41.7192 9.11318 1863.37 -397.144 32.0605 -1.05959 0.0134369 -9147.56 321.179
