0 -151.065 20 -1073.14 215.225 -15.6394 0.559508 -0.00579368 -4588.02 213.89
1 -64.1587 14.5115 -2932.19 575.952 -40.5278 1.30397 -0.0139767 -4843.25 222.89
2 -141.001 20 -1285.69 225.304 -13.4903 0.394644 -0.0026959 -4658.95 215.989
3 -142.536 20 -1133.41 198.719 -11.9308 0.359089 -0.00250078 -4694.44 216.53
4 -69.1133 14.47 -514.704 55.6413 0.42427 -0.0967921 0.00364393 -4869.01 225.036
5 -142.423 20 -1245.66 212.628 -12.3695 0.358012 -0.00234567 -4855.69 222.279
6 -126.882 19.2287 -1173.01 210.05 -12.9756 0.40167 -0.00317133 -4627.09 213.818
7 -83.2457 15.7881 -771.344 114.487 -4.65259 0.0931007 0.000927518 -4298.67 201.158
8 -145.121 20 -763.678 104.793 -3.70786 0.0593105 0.00147681 -5332.49 239.589
9 -54.3488 15.801 -1356.66 243.684 -14.7232 0.436366 -0.00321351 -4530.51 215.075
10 -86.8539 16.4518 -1048.4 171.263 -8.99015 0.239866 -0.000816221 -5061.76 229.867
11 -95.2546 16.7195 -1056.46 180.507 -10.2266 0.293685 -0.00166269 -4659.58 213.79
12 -111.997 19.4613 -2196.11 469.532 -36.281 1.29341 -0.0155033 -4212.27 201.088
13 -50.8724 15.2961 -1088.97 192.812 -11.1749 0.327732 -0.00209456 -4363.17 206.724
14 -87.0539 16.5337 -464.426 49.013 0.37153 -0.0722565 0.00298601 -4606.76 214.046
15 -81.587 16.4961 -921.759 152.686 -7.91225 0.208918 -0.000524093 -5140.37 230.62
16 -77.5744 17.9063 -1660.62 354.668 -26.9692 0.969404 -0.0113536 -4446.29 208.468
17 -54.587 14.8824 -1686.3 305.834 -18.9729 0.559521 -0.0045644 -4770.98 220.827
18 -161.908 20 -1477.62 256.238 -15.612 0.458021 -0.00347937 -4839.29 219.54
19 -146.635 20 -1154.68 199.72 -11.951 0.36136 -0.0025571 -4734.91 218.399
20 -71.1637 16.7755 -1852.55 383.255 -28.275 0.978641 -0.0109747 -4822.13 222.663
21 -148.676 20 -1835.55 354.265 -24.7447 0.818853 -0.00861388 -4483.77 207.159
22 -132.871 19.7237 -156.88 -23.584 6.39017 -0.288809 0.00582102 -5162.29 232.151
23 -84.757 17.3215 314.034 -117.776 13.5166 -0.520664 0.00855821 -4521.69 210.701
24 -165.675 20 325.294 -135.462 15.2985 -0.594998 0.00963783 -4482.26 207.571
25 -140.135 20 -1129.53 204.266 -12.8467 0.405943 -0.00327089 -3905.45 190.742
26 -56.941 14.0904 -1334.6 227.871 -12.8746 0.353477 -0.00202979 -4603.82 214.512
27 -84.4839 17.3339 -973.99 167.437 -9.31575 0.268498 -0.00145419 -4448.03 207.645
28 -129.157 20 -1190.71 216.121 -13.5623 0.423454 -0.00348895 -4114.72 195.636
29 -116.04 18.9675 -486.978 51.2063 0.341342 -0.075485 0.00309246 -4703.81 217.542
30 -82.2587 16.5456 -1001.33 161.901 -8.10843 0.201593 -0.000258274 -4750.17 218.81
31 -95.4166 16.86 -95.4452 -38.0211 7.59987 -0.330467 0.00628605 -4575.62 211.217
32 64.7155 2.23404e-08 -489.022 45.3432 0.36551 -0.0661735 0.00279506 -4325.9 199.774
33 47.584 1.27187e-08 651.628 -196.263 18.6394 -0.669013 0.00999837 -4101.89 188.4
34 -77.9103 10.9792 -881.711 136.032 -7.15145 0.193575 -0.000476529 -4554.3 205.902
35 57.7637 2.25968e-10 -99.8615 -41.5054 7.1213 -0.289773 0.00534389 -4011.43 185.477
36 57.5945 2.33343e-10 -562.651 50.8861 0.401779 -0.0822416 0.00309707 -4225.08 194.407
37 49.2754 1.91033e-08 -1307.62 212.767 -12.4578 0.36205 -0.00254037 -4617.81 207.347
38 59.1216 1.01941e-11 1196.74 -319.175 28.799 -1.02591 0.0146144 -4390.57 200.677
39 -117.321 15.2594 6.35112 -66.0891 9.42119 -0.376802 0.00648308 -3993.77 185.573
40 37.1816 0.77772 -419.442 37.1103 0.337543 -0.050223 0.00239526 -5327.18 231.38
41 48.4454 6.77554e-10 -264.472 -8.99534 4.76222 -0.221309 0.00473506 -4491.85 203.126
42 53.6173 3.21377e-10 430.781 -152.599 15.7178 -0.587097 0.00917708 -3578.12 170.643
43 -47.0897 8.57702 -1372.88 230.335 -13.8921 0.411332 -0.00313407 -4256.34 196
44 -93.8393 12.5506 -973.574 147.667 -7.59384 0.200523 -0.00060124 -4536.64 202.848
45 55.3372 1.15725e-09 -39.3981 -48.3484 7.30393 -0.288855 0.00526336 -4264.26 193.186
46 60.8849 7.41883e-10 1256.61 -327.958 29.1895 -1.02429 0.0143488 -4030.3 188.362
47 56.6308 2.7696e-10 1059.86 -284.069 25.5771 -0.903379 0.0128321 -3992.86 183.823
48 -74.3104 11.0473 -1561.4 271.035 -16.9458 0.511318 -0.00436643 -4632.58 207.795
49 -70.3984 9.99188 -1355 250.31 -17.2395 0.573939 -0.00570263 -4142.72 190.71
50 -115.052 15.589 -28.5055 -54.6375 8.46551 -0.344424 0.00612266 -4569.98 205.733
51 -120.871 16.8212 252.407 -113.057 13.0212 -0.501358 0.0081185 -3910.81 183.601
52 -160.762 19.3303 -1198.1 199.865 -11.6163 0.334265 -0.00216702 -3908.06 184.766
53 -120.513 14.4492 -80.2235 -34.5696 5.88127 -0.230571 0.00442365 -4200.22 191.065
54 -51.9274 8.85259 155.002 -101.712 12.3462 -0.481031 0.00784054 -3947.63 183.655
55 -18.4152 6.85721 -692.137 88.5347 -2.90738 0.042173 0.00137995 -4350.9 198.431
56 -158.653 18.7086 -429.631 39.3721 0.450154 -0.0590099 0.00246275 -4152.98 190.368
57 56.6198 9.42868e-11 286.039 -115.552 12.3306 -0.45116 0.00721315 -4249.06 194.144
58 57.9093 1.54154e-11 -108.928 -38.0865 6.81874 -0.281895 0.00535151 -4191.93 192.642
59 -113.274 14.1598 -412.155 36.187 0.42109 -0.046055 0.00217047 -4349.72 197.477
60 -133.698 16.2088 178.297 -99.738 11.8597 -0.459313 0.00758546 -4325.9 196.844
61 -146.479 17.1517 -396.836 35.0171 0.413591 -0.0460207 0.00218776 -4068.01 187.538
62 -71.7311 10.6913 1620.77 -403.878 34.8758 -1.20558 0.0163766 -3976.79 185.131
63 52.9447 2.68564e-08 20.0087 -70.9418 9.68688 -0.388597 0.00671045 -4058.51 186.727
64 -5.60207 12.8803 -1403.78 277.538 -18.7 0.605486 -0.00597521 -4201.85 194.96
65 -21.9624 14.2528 -373.553 44.1043 0.363947 -0.0646471 0.00257117 -3786.77 180.274
66 -0.105853 13.7078 -1252.79 268.362 -19.5754 0.685166 -0.00760986 -3760.74 178.452
67 -1.73633 12.0951 -1080.92 193.831 -11.1377 0.316856 -0.00208087 -3911.05 183.524
68 -41.0817 14.1434 -1725.54 345.387 -24.3278 0.804921 -0.00858481 -3681.26 175.44
69 4.88758 13.1135 -1418.56 266.533 -16.7373 0.506763 -0.00446127 -3999.52 187.116
70 19.4105 10.0252 -453.177 53.5818 0.202125 -0.0769179 0.00291898 -3866.05 182.981
71 15.5282 12.6055 82.215 -50.6401 7.84249 -0.32004 0.00571814 -3612.54 173.438
72 21.1702 10.5851 -973.109 168.442 -9.06297 0.250102 -0.00135306 -4044.21 188.112
73 -9.08555 14.1884 -836.933 155.812 -9.12333 0.279826 -0.00194047 -4186.99 194.694
74 -9.54997 13.1926 -892.078 161.657 -9.23735 0.270087 -0.00165889 -3977.02 186.67
75 -12.0941 12.0343 -39.5079 -32.7059 6.46311 -0.275177 0.00521928 -4113.75 189.905
76 -19.5725 13.9293 -1340.79 261.657 -17.2945 0.547775 -0.00511811 -4271.5 196.751
77 -23.4922 13.2228 -319.759 32.2225 1.22973 -0.0971111 0.00301933 -3838.07 179.595
78 5.22748 12.6324 994.687 -244.58 22.5391 -0.797806 0.0113808 -3501.71 169.76
79 1.59297 12.6743 -157.012 0.0745239 3.81239 -0.184874 0.00409476 -3666.59 175.144
80 7.32372 12.3362 -395.905 48.2496 0.34454 -0.075986 0.00287198 -3676.98 176.741
81 -31.5673 12.9089 -332.29 37.3944 0.384747 -0.0503261 0.00221266 -3672.08 174.749
82 10.0369 12.1348 545.755 -150.444 15.5053 -0.576124 0.00887167 -3873.84 182.252
83 16.4047 13.1579 74.0267 -42.4868 6.85828 -0.279536 0.00518171 -4042.36 188.514
84 77.0555 3.77476e-14 0 0 0 0 0 0 0
85 -6.81993 13.4621 -821.122 150.027 -8.46957 0.250322 -0.00150112 -3857.43 182.882
86 5.32731 12.9937 641.857 -168.824 16.7251 -0.607518 0.00911756 -3547.48 171.413
87 -7.74056 12.1327 -8.07 -42.1053 7.55931 -0.323038 0.00594678 -4087.21 189.864
88 -8.70727 13.0212 -266.905 33.4372 0.402654 -0.0434967 0.00205113 -5493.46 236.78
89 -6.80152 12.1729 45.0727 -44.3058 7.21643 -0.294163 0.00540972 -3770.59 179.605
90 14.1771 9.44502 -1055.27 176.92 -9.2304 0.23836 -0.000970861 -4474.12 202.732
91 0.996621 12.5782 -28.7762 -26.5653 5.76238 -0.243341 0.00468872 -3650.35 174.687
92 -37.7576 14.6988 -1075.69 211.874 -14.2793 0.47884 -0.00465599 -4045.52 189.56
93 -18.0471 13.9483 -291.443 35.4046 0.410712 -0.0495157 0.00220215 -4226.5 194.146
94 2.97122 13.931 -107.212 -1.7368 3.39111 -0.148754 0.00341455 -4510.17 205.426
95 19.286 12.7553 470.915 -140.133 15.352 -0.590905 0.00930878 -4171.49 193.891
