0 -2.63009 6.06043 3814.29 -965.736 89.8313 -3.56338 0.053435 -2336.65 130
1 -0.67041 4.1016 2242.36 -620.755 61.4883 -2.53936 0.0396747 -2378.3 130
2 9.07188 4.14411 -361.873 42.9531 0.350954 -0.103174 0.00420361 -2319.48 130
3 -16.1135 6.50481 1799.96 -507.656 51.2952 -2.1481 0.0342978 -2340.56 130
4 -61.7811 10.5712 4312.04 -1085.78 99.6254 -3.90209 0.0575848 -2378.41 130
5 -10.6016 5.18259 -583.414 65.4536 0.189246 -0.154135 0.00552105 -2382.57 130
6 -27.8701 7.37772 -664.17 74.6242 0.206404 -0.179913 0.00615102 -2369.83 130
7 -6.43889 6.03179 1599.55 -416.759 39.2595 -1.52167 0.0229352 -2391.86 130
8 12.3043 5.97262 -654.544 78.2597 0.161937 -0.192733 0.00664925 -2310.25 130
9 1.473 5.33386 2972.83 -742.386 67.5505 -2.58769 0.0376788 -2363.1 130
10 -4.83129 5.46621 -497.405 57.9213 0.23017 -0.139108 0.0051794 -2353.6 130
11 11.0244 5.1622 -443.995 52.9391 0.29043 -0.126735 0.00477519 -2341.97 130
12 15.145 5.51888 -479.149 55.9996 0.312835 -0.132171 0.00474903 -2365.54 130
13 6.88934 6.08412 3674.75 -904.16 81.4731 -3.11126 0.0448243 -2401.31 130
14 -12.3471 5.6478 -2053.42 483.431 -41.7188 1.63093 -0.0220063 -2378.98 130
15 -7.57066 5.64294 -338.578 39.5058 0.317329 -0.091934 0.00381536 -2377.47 130
16 12.7157 5.08337 -475.253 55.9038 0.314484 -0.134286 0.00487235 -2346.84 130
17 -5.0532 5.31964 -300.896 34.7341 0.320885 -0.0743548 0.00336167 -2364.6 130
18 -14.5546 6.47062 2206.91 -572.022 53.9525 -2.13238 0.0322832 -2381.27 130
19 -3.07457 5.4335 1968.79 -517.462 49.5178 -1.97412 0.0302338 -2355.69 130
20 -9.22406 5.52641 -450.268 51.6262 0.23411 -0.122849 0.00473345 -2385.33 130
21 17.7567 6.25807 1269.37 -353.178 36.0248 -1.50053 0.0241586 -2370.48 130
22 -6.64106 5.49062 4558.43 -1107.92 98.5382 -3.74617 0.0537428 -2403.67 130
23 1.97865 4.55454 3766.56 -924.198 83.282 -3.19607 0.0464379 -2394.94 130
24 -57.9475 10.6805 3740.76 -945.481 86.9005 -3.39716 0.0501633 -2396 130
25 10.909 5.44664 -2383.61 544.746 -45.4419 1.72458 -0.0228355 -2354.3 130
26 -8.96747 6.18849 -410.16 47.0555 0.201825 -0.0947382 0.00380204 -2377.12 130
27 -12.079 6.37504 2110.02 -556.103 53.1246 -2.11976 0.0322685 -2409.06 130
28 -11.677 6.80722 3636.31 -904.834 82.4154 -3.19035 0.046699 -2400.29 130
29 -17.0049 6.93618 1613.33 -435.618 42.5331 -1.7155 0.0266579 -2385.85 130
30 -44.8221 9.47298 2244.87 -595.146 56.6737 -2.2588 0.0342734 -2415.92 130
31 -10.384 7.40801 2983.25 -752.703 69.5385 -2.71273 0.0401248 -2385.76 130
32 22.9942 8.25356 2688.66 -699.435 67.8257 -2.77722 0.0432375 -2288.68 130
33 6.77875 8.03411 3140.91 -790.002 73.232 -2.86873 0.0426509 -2321.42 130
34 4.34084 6.86182 -439.673 53.9574 0.14612 -0.115943 0.00451316 -2328.83 130
35 5.28918 6.52627 -479.574 56.5778 0.25519 -0.126942 0.00464998 -2352.03 130
36 -11.3827 7.32032 2123.52 -541.826 50.471 -1.96197 0.0293042 -2364.97 130
37 12.7463 6.83355 2819.9 -720.42 68.0085 -2.71454 0.0412093 -2339.59 130
38 23.0246 4.82083 -435.66 54.2391 0.253129 -0.133842 0.00503195 -2338.48 130
39 -0.658128 5.07783 -424.426 50.8455 0.309922 -0.130131 0.0048782 -2388.05 130
40 28.4482 7.32047 3970.09 -972.072 88.3934 -3.42883 0.0503325 -2340.85 130
41 11.603 7.06409 -1939.63 435.627 -35.1082 1.29024 -0.0160915 -2360.11 130
42 6.05174 8.90941 -390.54 50.7229 0.176272 -0.116628 0.00459967 -2332.79 130
43 -3.71268 8.08143 2234.29 -570.922 53.4555 -2.08916 0.0312231 -2352.57 130
44 -27.1194 7.86455 1396.74 -377.924 36.9889 -1.49629 0.0236269 -2394.17 130
45 24.2956 5.79085 -353.379 44.6442 0.267812 -0.100487 0.00399282 -2368.51 130
46 -9.1588 7.81796 2108.42 -549.984 52.5416 -2.09768 0.0320107 -2381.1 130
47 9.07514 6.96294 -1343.61 286.235 -21.5348 0.756401 -0.00844541 -2402.48 130
48 -12.1354 6.11038 3506.8 -882.082 80.8811 -3.14504 0.0462041 -2403.61 130
49 14.3539 7.37071 -1963.96 434.873 -34.5196 1.255 -0.0155172 -2356.69 130
50 -3.21895 5.92974 -453.18 53.5286 0.261101 -0.129611 0.00480476 -2394.67 130
51 23.6569 5.15669 1444.39 -387.773 38.4964 -1.57569 0.0249249 -2380.5 130
52 -10.4112 8.04342 1080 -304.186 31.2246 -1.30634 0.0213361 -2406.2 130
53 0.320014 7.71046 -455.524 56.5893 0.184044 -0.137152 0.00511702 -2366.98 130
54 16.4824 7.24987 -254.041 33.9264 0.220919 -0.0660352 0.00301974 -2390.9 130
55 -4.08276 8.81562 1494.24 -408.535 40.9378 -1.69021 0.0268164 -2382.67 130
56 -0.239365 7.61068 -1460.66 340.043 -28.5505 1.10665 -0.0144395 -2392.07 130
57 -0.400038 7.55628 3916.82 -974.113 89.2152 -3.48236 0.051246 -2392.68 130
58 1.96546 5.92295 -281.674 34.287 0.316522 -0.0749457 0.00331047 -2382.89 130
59 9.6284 6.79202 -227.586 29.2629 0.332608 -0.0567877 0.00274096 -2369.92 130
60 -1.61827 6.81091 -1910.57 447.846 -38.1936 1.48854 -0.0200842 -2390.12 130
61 -24.8836 7.93339 1368.6 -365.229 35.4241 -1.41707 0.0221061 -2419.91 130
62 3.82441 4.72818 -521.519 61.4653 0.153465 -0.143186 0.00512716 -2402.38 130
63 -15.7807 9.00044 -326.946 39.9546 0.299514 -0.0906461 0.00365662 -2415.69 130
64 -42.283 8.48464 72.6975 -13.0883 0.179792 0.0823024 -0.00082578 -2483.82 130
65 -29.1761 8.25026 -505.156 57.737 0.257106 -0.135975 0.00500562 -2348.4 130
66 -52.6945 11.0688 2321.98 -628.711 61.3141 -2.5024 0.0388304 -2331 130
67 37.8071 2.20986 2293.83 -614.444 59.1758 -2.3893 0.0367493 -2384.45 130
68 -75.6743 12.9569 1560.98 -450.955 46.1466 -1.94416 0.03136 -2336.71 130
69 67.6978 4.02593e-09 2838.63 -728.689 67.4322 -2.62803 0.0389433 -2376.07 130
70 -9.25135 5.42585 -585.406 67.1756 0.237894 -0.165056 0.00586234 -2328.65 130
71 -56.3336 10.7767 1713.22 -482.711 48.4852 -2.01396 0.031955 -2364.83 130
72 -10.7227 5.64716 3996.15 -995.258 90.4323 -3.50262 0.0513068 -2382.41 130
73 73.2666 4.31931e-10 1165.1 -337.463 34.2917 -1.41812 0.0228486 -2371.43 130
74 -43.4998 9.55681 3670.82 -927.401 85.2972 -3.33354 0.0492554 -2365.04 130
75 -18.5967 7.38447 94.207 -22.9284 1.04951 0.09159 -0.00199231 -2390.65 130
76 -83.6362 11.7772 -1943.17 411.511 -32.3228 1.15791 -0.0136904 -2375.65 130
77 -75.7418 12.6217 -428.493 48.0719 0.312327 -0.119284 0.00466357 -2371.43 130
78 -97.4093 14.2661 -2347.38 515.06 -41.7336 1.53909 -0.0195286 -2375.86 130
79 14.9271 3.43975 2224.32 -587.88 55.7929 -2.22569 0.0340722 -2394.05 130
80 -20.3684 6.51633 2839.05 -726.084 66.851 -2.59111 0.0381534 -2417.62 130
81 -80.8988 12.4888 1184.26 -351.974 36.4296 -1.53444 0.0249917 -2381.23 130
82 -52.6238 9.42772 2926.09 -755.333 70.445 -2.77741 0.0415704 -2412.38 130
83 -21.8214 7.13406 1887.5 -517.635 50.4912 -2.04426 0.0316409 -2390.92 130
84 44.8248 1.79301e-11 4133.69 -1016.39 90.482 -3.43154 0.0491318 -2447.12 130
85 -48.6283 9.77374 2667.92 -694.424 65.4547 -2.59789 0.0392041 -2396.22 130
86 -51.8924 9.80758 1648.79 -481.991 49.2922 -2.06833 0.0329153 -2380.17 130
87 -58.3426 10.5653 3619.7 -914.305 83.8028 -3.25693 0.0478186 -2391.63 130
88 -1.83357 4.7257 5035.32 -1249.62 112.661 -4.34009 0.0628014 -2410.89 130
89 6.39094 4.59763 1995.06 -545.127 53.7525 -2.19687 0.0341318 -2345.56 130
90 -8.79248 5.63717 2988.71 -777.3 73.1022 -2.88651 0.0429735 -2366.85 130
91 45.5304 1.76045e-08 3123.26 -801.789 74.2229 -2.9141 0.0434486 -2419.17 130
92 -55.3432 9.284 -2808.29 672.464 -60.4002 2.4422 -0.034957 -2404.16 130
93 -49.7855 9.76231 2501.42 -654.89 61.5862 -2.41758 0.035998 -2383.84 130
94 -0.0579442 5.14507 4651.32 -1063.37 88.2582 -3.1172 0.0416417 -2448.65 130
95 -63.9434 10.6842 -505.354 55.1727 0.405828 -0.141707 0.00501273 -2407.97 130
