0 30.2338 6.61248 1048.64 -236.389 20.0911 -0.674066 0.0089346 -8833.29 310.211
1 2.56628 7.58353 1023.03 -236.33 20.1192 -0.678793 0.00906045 -10527.5 358.062
2 37.898 6.62484 873.591 -198.392 17.078 -0.57178 0.00764197 -8534.85 299.321
3 -8.95426 7.47412 521.759 -127.683 11.5397 -0.389494 0.0055003 -12047.1 397.269
4 13.0535 5.01182 1135.69 -259.853 21.6091 -0.717386 0.00936516 -13199.5 429.249
5 -24.2112 8.1276 844.135 -199.307 16.9716 -0.563835 0.00748726 -5964.39 225.758
6 18.2666 6.82125 1093.64 -246.895 20.668 -0.685732 0.00894093 -10630.5 356.399
7 -0.551281 7.87474 859.268 -200.158 17.2771 -0.583307 0.00787976 -13000.4 427.159
8 -37.1029 8.55022 1675.39 -376.665 30.4836 -1.0051 0.0127686 -9475.06 328.241
9 25.3996 6.78104 1133.65 -252.416 21.1108 -0.703626 0.00922296 -10604.2 358.35
10 -2.46973 6.00766 1152.55 -263.346 21.6922 -0.712673 0.00918773 -9439.23 323.052
11 22.7951 6.8988 819.267 -185.727 15.8409 -0.525012 0.00701038 -9252.72 316.489
12 19.3153 7.27715 1202.73 -263.527 21.5828 -0.704737 0.00904945 -10359.1 350.201
13 19.7069 6.76586 1290.27 -284.908 23.3008 -0.764132 0.00979255 -6417.12 239.243
14 -18.7663 8.56637 894.836 -205.274 17.31 -0.572483 0.00758009 -10120.6 342.758
15 20.5147 7.54167 1068.62 -241.216 20.4083 -0.685344 0.00906806 -10624.7 359.762
16 0.952922 7.14649 434.495 -109.15 10.0306 -0.335666 0.00477159 -9702.13 330.261
17 27.4433 6.54375 994.601 -224.727 18.9605 -0.629655 0.00825859 -9613.73 326.003
18 6.38315 6.54327 1129.55 -259.229 21.6981 -0.722661 0.0094461 -8841.48 310.815
19 26.6519 7.04607 865.177 -195.287 16.7243 -0.557635 0.00744035 -14347.7 458.781
20 31.3979 6.00601 1108.37 -245.224 20.3032 -0.666588 0.00863088 -8461.99 295.287
21 24.4384 6.70927 1162.66 -261.03 21.8087 -0.727554 0.00951954 -11596.5 386.714
22 31.3387 6.37568 1287.54 -284.518 23.4482 -0.77544 0.0100127 -11270.3 374.882
23 12.7695 6.73122 818.376 -191.7 16.6293 -0.561879 0.00758768 -8794.37 306.985
24 9.10358 4.98805 1381.37 -310.219 25.2739 -0.831727 0.0106483 -8815.85 307.241
25 13.0562 8.26819 825.293 -190.212 16.4896 -0.553565 0.00744599 -7349.26 266.762
26 18.942 6.12337 1324.99 -297.165 24.5328 -0.814338 0.0105309 -9048.32 316.621
27 24.2316 6.241 1340.5 -296.741 24.3035 -0.801917 0.010313 -8539.04 299.192
28 -65.6767 11.1479 1022.82 -240.651 20.2652 -0.676577 0.00891238 -4851.73 196.872
29 13.0833 4.73246 984.5 -233.18 19.8871 -0.670054 0.00891479 -14025.3 453.366
30 -55.3297 10.7352 765.173 -180.618 15.4047 -0.509259 0.00676305 -8784.26 299.522
31 -21.4006 6.84556 1242.87 -288.474 23.976 -0.801326 0.0104125 -11045.9 366.825
32 79.0224 6.79518 1466.58 -315.248 26.1677 -0.876247 0.011472 -10398.8 361.47
33 40.4276 7.64384 1358.85 -297.993 24.8259 -0.834541 0.0110058 -10381.6 360.305
34 63.1744 6.51936 1966.87 -426.553 34.6676 -1.15353 0.0146961 -8828.17 315.113
35 40.2515 9.00873 1406.7 -305.723 25.4761 -0.855318 0.011196 -6817.89 259.827
36 53.4081 8.67494 674.536 -151.812 13.8503 -0.477598 0.00675631 -9098.6 323.632
37 45.8485 8.45668 1058.62 -232.998 20.0137 -0.681919 0.00926333 -6867.03 265.005
38 53.9892 7.37472 1440.37 -318.705 26.8532 -0.913904 0.0120984 -9709.78 343.933
39 14.4851 9.0811 1235.07 -271.75 22.6469 -0.75558 0.00991262 -10730.9 364.88
40 21.4737 8.87204 968.729 -218.424 18.8825 -0.641237 0.00869625 -13493.5 445.584
41 38.2406 8.79035 1209.3 -264.995 22.2929 -0.748417 0.00990311 -10895.8 371.915
42 51.0838 7.46246 1166.39 -257.028 21.7508 -0.732019 0.00972171 -12506.9 416.072
43 84.2573 6.34933 2055.99 -433.239 34.7465 -1.14476 0.0144939 -9094.46 324.468
44 69.9117 6.28909 1214.69 -265.651 22.3839 -0.751949 0.00992674 -10367.2 356.383
45 63.5509 6.11387 1750.22 -379.179 31.0896 -1.04127 0.0134841 -13971.7 461.229
46 83.9893 5.84308 1494.99 -322.927 26.685 -0.891326 0.0115569 -11681.3 392.294
47 89.6999 5.66462 1711.67 -359.251 29.0297 -0.956661 0.0122366 -9344.11 329.795
48 37.4319 7.18028 1206.7 -268.001 22.3344 -0.741678 0.00968407 -11600.4 387.961
49 32.9019 10.314 1068.78 -234.189 20.0084 -0.675186 0.00901425 -12584.5 417.796
50 74.0006 6.3263 1839.75 -394.642 32.0762 -1.06356 0.0135813 -9590.86 336.926
51 69.3063 8.0277 1183.98 -255.718 21.6445 -0.728194 0.00965085 -11416.1 386.5
52 48.966 6.26812 1680.93 -364.938 29.6573 -0.98051 0.0124927 -9976.48 341.512
53 55.5703 7.41082 1473.23 -318.753 26.2718 -0.875203 0.0113359 -8253.09 296.498
54 71.8191 6.34191 1445.79 -316.155 26.3832 -0.888229 0.0116085 -9944.73 344.936
55 45.7803 7.96848 1137.54 -251.601 21.3189 -0.718074 0.00955679 -6141.3 240.389
56 64.9673 7.67026 1569.01 -334.151 27.2659 -0.902632 0.0116437 -7934.28 290.431
57 107.743 5.08515 2172.27 -455.339 36.2589 -1.18499 0.014815 -10483.6 359.479
58 70.8719 6.53995 1465.86 -317.865 26.3291 -0.87968 0.0114421 -11186.6 380.422
59 63.5692 7.41298 1686.78 -362.875 29.6365 -0.984346 0.0126495 -9743.45 342.901
60 53.3881 7.49369 1105.04 -237.387 19.8235 -0.655803 0.00862564 -7781.53 282.01
61 78.8692 7.59562 1361.85 -294.002 24.5976 -0.824547 0.0107831 -10035.7 347.673
62 61.838 7.52026 1675.33 -358.945 29.3311 -0.978531 0.0126759 -8508.27 308.999
63 68.8839 5.06044 1755.33 -382.051 30.9481 -1.01923 0.0129061 -11986.7 399.432
64 93.4127 7.34105 1698.79 -352.038 28.4106 -0.937682 0.0120059 -8726.88 310.305
65 84.852 8.69743 1286.02 -263.667 21.7257 -0.720037 0.00939414 -11175.3 374.829
66 94.5627 6.55963 1789.5 -370.199 29.5654 -0.965603 0.0121657 -8968.63 313.808
67 86.2407 8.59244 1296.25 -273.933 22.9781 -0.773975 0.0102123 -6370.24 245.953
68 98.7037 6.83223 1872.67 -390.78 31.6408 -1.05467 0.0135643 -9459.6 334.774
69 95.4674 6.73168 1897 -395.643 31.7546 -1.04454 0.0131867 -10856.2 367.601
70 78.3661 7.97698 1953.22 -400.956 31.7502 -1.03296 0.0129293 -9302.83 322.37
71 100.043 8.09786 759.275 -152.174 13.2815 -0.44407 0.00611417 -10447.6 355.067
72 71.0493 8.41697 1406.75 -296.637 24.4601 -0.816453 0.0106463 -9795.87 339.738
73 76.8962 9.39511 1481.09 -309.322 25.3852 -0.841741 0.0108245 -11148.4 374.755
74 80.278 8.79494 1654.89 -342.805 27.7752 -0.916827 0.0117406 -7592.18 278.663
75 88.1726 8.29852 1002.7 -206.303 17.4539 -0.581846 0.00773737 -4966.37 201.621
76 90.4242 8.81482 1322.86 -268.53 22.0309 -0.72803 0.0094675 -9378.83 326.487
77 110.98 7.68915 959.284 -194.849 16.6123 -0.555757 0.00744527 -12143.8 401.549
78 100.579 7.88883 1534.85 -313.89 25.4562 -0.837732 0.0107413 -8172.03 294.17
79 89.7923 8.78945 978.284 -201.697 17.2062 -0.576856 0.00774205 -4161.49 182.187
80 95.608 6.14638 1703.91 -355.77 28.665 -0.942037 0.0119551 -9774.08 336.91
81 89.8177 8.0479 1402.96 -291.755 23.9879 -0.79583 0.0103096 -11405.2 383.744
82 86.9497 8.11052 992.743 -204.895 17.2861 -0.573573 0.00761394 -11382.2 379.312
83 90.6387 8.27176 937.242 -186.417 15.5846 -0.510629 0.00677531 -8728.09 303.462
84 115.895 7.24321 1576.57 -319.614 25.7069 -0.840462 0.010673 -8871.52 310.376
85 87.918 9.07329 1303.56 -271.839 22.6816 -0.759107 0.00994972 -8721.12 310.431
86 108.67 8.92086 996.011 -200.555 17.0937 -0.571645 0.00764023 -9299.17 324.551
87 89.0731 8.26665 903.601 -185.223 15.8494 -0.528335 0.00709546 -10931.6 368.91
88 105.318 7.6233 1701.22 -348.991 28.2019 -0.930785 0.0119028 -9417.34 329.447
89 60.477 9.06401 1854.05 -382.99 30.4966 -0.99484 0.0125011 -12194.4 403.472
90 84.3112 8.85637 1221.62 -253.695 21.1036 -0.700021 0.00911961 -10526.3 356.249
91 93.0746 8.25694 1053.07 -216.876 18.2818 -0.609343 0.00808871 -10096.8 345.244
92 75.9227 10.5916 1516.57 -314.117 25.9558 -0.872132 0.0114222 -12370.2 415.464
93 85.1861 7.24855 1203.21 -251.882 20.9093 -0.69353 0.00906555 -11568.4 386.866
94 87.4012 8.76129 996.469 -207.48 17.6906 -0.593723 0.00792944 -7172.93 264.052
95 69.9652 11.0427 821.489 -167.662 14.7101 -0.498537 0.00682857 -5709.54 224.229
