0 -30.8106 13.6236 -430.568 48.7516 0.272407 -0.0680004 0.00276245 -4590.36 208.445
1 -71.025 14.0884 -487.041 51.8993 0.287827 -0.0787275 0.0030429 -3908.57 185.584
2 -38.3671 11.9407 -1354.44 239.585 -14.2961 0.41114 -0.00297159 -4255.2 198.158
3 -69.2458 15.5913 -1112.04 203.608 -12.4506 0.375515 -0.00282956 -3839.94 183.154
4 -42.7328 14.5098 635.174 -175.926 17.5958 -0.648559 0.00990794 -4031.57 190.369
5 -35.1928 12.8698 338.825 -119.117 13.4123 -0.514109 0.00832095 -4146.43 194.112
6 -62.9414 13.1115 -909.798 145.695 -7.30534 0.18252 -0.000240937 -4122.43 191.754
7 -33.0947 14.6574 9.57939 -37.5363 6.57965 -0.269206 0.00511024 -4235.82 196.979
8 -42.3787 12.94 -399.34 44.3002 0.277747 -0.0594477 0.00254439 -4209.53 195.261
9 -10.9706 12.2732 -187.255 -1.22284 4.07666 -0.191783 0.00417611 -4309.94 198.907
10 -48.7426 13.8168 -153.843 -10.0326 4.58664 -0.205621 0.00435664 -4213.83 195.227
11 -44.1716 13.9183 -221.578 8.99429 2.90366 -0.14475 0.00360131 -4564.93 208.123
12 -47.4942 14.3344 -348.522 38.9351 0.359404 -0.0529847 0.00237627 -3961.15 186.872
13 -46.6281 12.3339 136.83 -78.7192 10.2634 -0.409995 0.00708398 -4005.36 188.859
14 -33.8266 11.7425 510.995 -150.769 15.1384 -0.546561 0.00841469 -4439.01 203.749
15 -53.7999 14.0567 -670.493 105.627 -4.75705 0.114218 0.000350133 -3843.12 181.255
16 -28.2555 13.6301 -484.923 73.609 -2.59784 0.0564188 0.000895237 -4888.4 218.044
17 -8.76152 10.952 -111.783 -20.9701 5.76031 -0.255622 0.00509709 -4044.64 190.319
18 -23.3186 12.022 172.06 -76.8067 9.61392 -0.371385 0.00637626 -4034.32 189.537
19 -17.0585 13.6663 618.35 -166.681 16.5949 -0.603714 0.00917593 -3982 188.369
20 -50.2521 12.8599 -193.811 -3.88593 4.00634 -0.181503 0.00398487 -4157.61 192.774
21 -27.6828 15.1133 -362.62 43.9913 0.263944 -0.0594112 0.00255214 -3933.38 186.094
22 -33.9564 12.297 348.26 -118.228 12.9677 -0.486209 0.00775919 -3837.33 181.655
23 -36.4459 12.8456 391.809 -126.168 13.596 -0.508675 0.00805086 -4061.15 188.729
24 -12.5748 10.5307 -482.937 51.507 0.248889 -0.0679922 0.00273538 -4121.73 192.906
25 -34.3288 14.2449 -100.038 -22.3994 5.8745 -0.258733 0.00508269 -4158.52 193.489
26 -21.8768 12.3113 -395.561 45.0738 0.24081 -0.0586222 0.00248036 -4105.3 190.216
27 -9.57453 12.1191 -416.784 47.5192 0.267426 -0.0650529 0.00264645 -4389.09 201.575
28 2.43653 12.1959 1117.68 -274.107 24.9189 -0.878285 0.0124045 -3678.46 177.064
29 -39.7144 13.2099 89.3925 -59.3145 8.31223 -0.330077 0.00587063 -4151.32 192.224
30 -18.3645 13.4639 630.049 -175.888 17.6885 -0.651326 0.00987766 -4175.12 194.687
31 -28.611 14.2445 -1161.49 215.279 -13.2964 0.404516 -0.00330398 -3844.17 181.857
32 63.0827 13.492 -2.55188 -16.8676 4.90204 -0.210395 0.00436039 -4076.82 194.507
33 35.5157 12.4424 351.436 -111.221 13.0634 -0.510603 0.00830257 -3681.16 178.934
34 44.9885 11.4685 284.417 -92.999 11.3905 -0.448022 0.0075131 -3810.08 184.08
35 42.3678 11.7547 -600.442 94.6455 -3.05535 0.0318469 0.0016904 -4038.3 191.442
36 82.9493 10.9984 851.56 -206.669 20.0857 -0.731977 0.0108476 -3867.03 186.771
37 89.1036 11.3579 948.291 -225.214 21.5761 -0.786153 0.0115777 -3892.08 187.419
38 24.872 13.4718 -474.526 73.9738 -1.8092 -0.00167746 0.0020347 -4140.45 195.371
39 33.7154 12.342 -1307.63 269.75 -18.4979 0.605686 -0.00602604 -4531.95 206.516
40 60.4657 10.7819 189.14 -65.6411 8.8821 -0.351983 0.00618787 -3843.48 185.196
41 47.4913 12.5139 -1184.15 222.176 -12.9799 0.364955 -0.00241595 -4061.06 192.521
42 33.1137 13.0982 -95.044 -6.40578 4.30807 -0.202458 0.00434742 -3963.37 186.775
43 48.1984 12.08 198.433 -75.1105 10.1206 -0.408101 0.00696802 -3828.67 183.049
44 60.526 12.0976 -354.692 50.294 0.123532 -0.0664243 0.00274492 -3846.45 184.648
45 57.1641 10.777 417.049 -120.934 13.574 -0.522568 0.00841776 -3788.89 182.529
46 59.307 12.1944 164.141 -56.0883 8.01793 -0.322468 0.00577871 -3846.16 183.694
47 27.437 14.0391 -1136.2 250.06 -18.2277 0.640576 -0.00702767 -3847.87 183.553
48 75.5625 10.4209 -327.106 45.8381 0.235959 -0.0605653 0.00252064 -4383.89 202.082
49 73.2637 11.3637 -639.498 112.061 -4.69305 0.0966368 0.000703333 -3697.48 179.285
50 40.0126 13.0148 -333.137 45.5435 0.298963 -0.0668643 0.00273672 -3869.53 186.094
51 64.0859 10.4925 -1054.43 197.555 -11.4897 0.330018 -0.00223294 -3823.76 182.112
52 59.7917 10.9395 729.789 -182.736 18.0499 -0.662827 0.00999058 -3706.1 179.128
53 31.8065 12.5345 836.447 -204.044 19.3925 -0.698039 0.0102762 -3634.64 175.002
54 58.0986 11.4163 385.794 -113.282 12.9361 -0.49757 0.00803441 -3468.32 171.401
55 38.5946 11.8353 -1005.58 187.928 -10.9953 0.323256 -0.00228378 -3729.12 178.737
56 65.3186 11.3284 507.143 -135.548 14.497 -0.544999 0.00856485 -3969.9 188.649
57 45.064 13.5231 26.5382 -26.6016 5.59658 -0.232197 0.00454805 -5684.22 246.129
58 43.9398 12.4507 145.213 -57.9488 8.3772 -0.33778 0.00598859 -3747.1 180.161
59 58.8602 12.2509 609.647 -147.552 14.8031 -0.535928 0.00825136 -4136.37 194.797
60 35.0945 11.9267 835.964 -202.822 19.1325 -0.681542 0.0100132 -3955.06 187.145
61 31.1346 13.9752 568.24 -145.002 14.9114 -0.551798 0.00857126 -4025.41 189.449
62 69.9635 11.6131 -672.984 116.761 -4.93729 0.101988 0.000729769 -3784.86 183.756
63 36.0347 12.7419 1426.3 -337.613 30.4047 -1.08638 0.015309 -3763.34 181.644
64 -6.58773 13.1918 223.573 -86.346 10.6908 -0.418477 0.00709418 -4077.76 192.01
65 -33.6383 13.9036 -678.415 102.837 -3.9633 0.0731526 0.00105677 -4205.61 196.034
66 -46.2061 14.0255 -1245.34 227.131 -14.0191 0.422017 -0.00329497 -4189.11 196.447
67 -8.32524 13.0704 -401.412 48.3673 0.219421 -0.0659253 0.00270179 -4225.25 195.912
68 -47.5154 13.0964 -614.635 84.2729 -2.54029 0.027932 0.00153123 -4121.26 191.554
69 -34.8312 13.417 -401.463 45.0317 0.344087 -0.0701936 0.0028627 -4317.66 200.081
70 -45.5811 14.1745 -953.823 168.284 -9.53867 0.270902 -0.00145662 -4281.25 198.108
71 -18.9958 13.0278 -1192.21 225.542 -14.2742 0.443701 -0.00381625 -4467.94 204.264
72 -40.2182 14.2098 -1026.06 190.936 -11.9556 0.379096 -0.00314881 -4562.42 207.516
73 -48.2552 13.2251 -6.16976 -44.8519 7.49583 -0.311911 0.00577986 -4326.07 199.277
74 5.91382 13.6426 141.699 -62.6046 8.68862 -0.344349 0.00609704 -3891.93 186.911
75 -59.8969 13.6857 -878.588 142.83 -7.27066 0.187391 -0.000384668 -4403.4 200.809
76 -28.3831 13.3613 -767.434 129.05 -6.63788 0.183135 -0.000543809 -4527.85 206.383
77 -26.1073 13.3254 -162.629 -1.01926 3.6721 -0.172394 0.00388038 -3860.94 182.064
78 -16.4908 12.4588 -855.105 142.448 -7.13713 0.180855 -0.000265035 -4411.45 202.831
79 -63.0786 13.9956 105.563 -64.6707 8.61715 -0.338831 0.00600827 -4124.64 191.319
80 -31.2051 14.2711 337.615 -111.973 12.6114 -0.476692 0.00767755 -4049.54 190.507
81 -33.3694 12.941 1050.8 -269.984 25.0554 -0.901743 0.0130092 -4043.44 190.193
82 -26.584 13.4633 489.375 -135.638 13.6589 -0.487891 0.00749841 -4358.53 199.345
83 -27.9195 13.2262 -213.223 11.0196 2.46921 -0.118049 0.00303727 -4107.94 191.022
84 -5.21821 12.7327 240.506 -95.4333 11.7463 -0.459749 0.00759281 -4090.37 191.847
85 13.4293 12.7899 286.367 -94.6541 11.2648 -0.431314 0.00716938 -3932.45 188.624
86 -64.2284 15.7233 557.034 -163.41 16.6999 -0.618978 0.0095502 -3902.26 186.275
87 -41.2186 13.7936 -370.714 41.0816 0.340776 -0.0550538 0.00242356 -3935.42 185.933
88 -22.4596 12.9753 1188.45 -296.234 27.0654 -0.968336 0.0138029 -4446.01 203.523
89 -14.9435 14.6524 504.164 -142.446 14.8229 -0.544985 0.00847944 -4449.49 205.941
90 -34.7752 16.0658 230.938 -79.7083 9.64812 -0.364448 0.00619658 -3885.57 185.698
91 -14.9554 12.9746 -52.4681 -19.2489 4.8598 -0.201884 0.00416272 -4182.9 193.881
92 -40.704 13.5811 -456.288 49.5608 0.328227 -0.0732989 0.00286729 -4585.49 209.165
93 -40.2377 14.7391 -303.138 34.9844 0.432992 -0.0436838 0.0021064 -4164.2 194.614
94 -6.06648 15.8853 174.182 -64.8761 8.58269 -0.33061 0.00583462 -4191.16 198.302
95 -17.9433 16.1513 -252.118 33.856 0.43482 -0.0441252 0.00210344 -4759.6 215.476
