0 -77.2931 11.1987 628.682 -162.345 14.5611 -0.498534 0.00690679 -11109.4 372.378
1 -88.7729 11.3929 1032.38 -248.583 20.989 -0.703212 0.00927737 -9222.69 319.644
2 -82.9117 11.9902 997.802 -235.382 19.8007 -0.658334 0.00864433 -8946.91 310.15
3 -28.8102 5.87769 908.373 -221.27 18.7474 -0.624588 0.0082538 -11139.9 371.259
4 -108.241 14.1836 1378.81 -319.591 26.4333 -0.881852 0.0114149 -6581.38 245.969
5 -93.7145 13.4038 518.103 -133.892 12.1846 -0.416536 0.00589719 -6847.32 250.36
6 -98.9884 12.5188 1121.7 -261.779 21.5714 -0.707046 0.0090738 -10598.4 353.332
7 -80.3116 11.4523 885.307 -210.077 17.6579 -0.582546 0.00766264 -7394.67 263.104
8 -79.3264 12.9473 1010.77 -238.124 20.2087 -0.677737 0.00895275 -7111.14 259.086
9 -72.4317 11.5553 1070.44 -249.746 20.8615 -0.690072 0.00894872 -9052.76 310.809
10 -87.6146 12.3622 934.422 -222.033 18.6884 -0.61866 0.00813535 -8282.56 291.027
11 -68.5118 11.762 1244.02 -280.923 22.9812 -0.752191 0.00962533 -9612.71 328.116
12 -39.7041 7.40274 1402.53 -320.021 25.8466 -0.842365 0.0106515 -8731.91 301.616
13 -91.7642 11.647 591.656 -151.953 13.4528 -0.455319 0.00634221 -8722.01 303.813
14 -26.2702 8.93945 1465.94 -326.108 26.3455 -0.857332 0.0107949 -7921.6 279.742
15 -69.6376 10.0087 731.798 -180.091 15.4173 -0.509574 0.00678634 -9694.92 328.412
16 -42.7147 7.66335 1616.15 -363.998 29.2431 -0.956719 0.0121073 -8483.13 300.143
17 -63.1849 10.5512 1070.87 -251.318 21.035 -0.699831 0.00918472 -9455.26 326.72
18 -80.767 10.9231 671.973 -170.011 14.8655 -0.501226 0.00684634 -11373 379.016
19 -121.79 14.1114 966.297 -231.008 19.3512 -0.640897 0.00841415 -9211.79 316.788
20 -67.3234 10.9449 1327.2 -301.77 24.5443 -0.801749 0.0102115 -8600.69 300.007
21 39.5211 6.08846e-12 1471.92 -333.396 26.6006 -0.863026 0.0109033 -10384.6 350.066
22 -76.3641 12.9597 626.318 -153.417 13.5038 -0.450568 0.00612806 -8848.9 304.254
23 -77.1844 12.113 891.88 -212.13 18.0005 -0.598742 0.00791261 -7728.19 274.113
24 -78.0153 12.1975 1141.76 -260.366 21.2626 -0.690607 0.00881248 -6936.51 249.527
25 -33.4434 10.1009 1127.19 -254.422 21.0715 -0.693556 0.00898785 -9874.72 337.341
26 40.771 0.323107 1319.9 -303.683 24.6043 -0.804865 0.0102828 -9209.92 316.484
27 -79.8307 11.6864 956.38 -224.769 18.6957 -0.611369 0.00790963 -9423.64 320.205
28 -69.3771 11.8434 1803.02 -393.061 31.0465 -1.00079 0.0124035 -10523.2 355.006
29 -48.8798 8.31488 763.903 -186.514 15.8347 -0.521012 0.00688353 -9536.33 323.476
30 -71.2196 11.8442 922.581 -217.598 18.3626 -0.608243 0.00798383 -9257.11 317.05
31 -66.0911 11.3912 1319.28 -296.766 24.0544 -0.782133 0.0098801 -8594.83 296.797
32 -24.0271 8.74279 1461.52 -334.644 27.8097 -0.934219 0.0121376 -8544.21 304.766
33 0.500638 8.02695 1100.2 -252.896 21.4404 -0.723356 0.0095883 -9972.18 343.61
34 -53.419 10.0723 664.723 -169.864 15.3499 -0.531639 0.00741824 -11285.7 381.954
35 -13.9765 7.8125 2051.88 -451.278 36.1443 -1.1897 0.0149827 -9654.77 336.835
36 7.96826 9.08224 1346.8 -299.727 24.9464 -0.834972 0.0108675 -9248.31 323.168
37 -66.3119 11.1354 1571.17 -356.84 29.291 -0.980343 0.0126869 -8571.5 306.62
38 -13.1933 8.74889 1675.48 -373.478 30.5538 -1.01798 0.0130745 -10066.4 348.722
39 -9.51606 7.35795 1285.38 -288.219 23.6763 -0.781048 0.0100669 -7284.59 263.862
40 -14.085 9.52729 1224.15 -280.114 23.5794 -0.79615 0.0105276 -9290.01 327.261
41 7.85164 6.90786 1368.08 -302.741 24.7361 -0.814812 0.0104724 -10856.1 367.016
42 5.30023 8.24612 1252.31 -284.132 23.9083 -0.80729 0.0106572 -8895.93 316.359
43 9.44672 8.42243 1075.65 -244.261 20.7193 -0.697394 0.00926591 -11713.7 395.186
44 18.2582 7.62092 1222.49 -272.4 22.755 -0.761443 0.00998687 -7901.25 285.429
45 -81.9705 12.7523 1448.99 -328.664 26.8342 -0.886742 0.0113631 -6774.87 251.476
46 -23.8503 8.88804 1645.29 -366.287 29.6386 -0.97489 0.0123301 -9040.88 314.172
47 -32.7352 8.4372 1408.44 -318.031 26.0214 -0.860928 0.0110798 -9542.94 330.854
48 -12.1613 8.93045 1490.61 -331.847 27.1974 -0.904261 0.0116616 -9844.36 340.821
49 -20.6687 9.56512 1045.73 -240.158 20.3404 -0.684157 0.0090946 -7829.07 282.205
50 -9.97061 8.6191 1581.8 -348.739 28.4005 -0.940697 0.0120321 -8996.22 314.404
51 2.56015 8.04175 1122.95 -252.587 21.0931 -0.701538 0.00920406 -10410.7 355.149
52 1.05741 8.12227 1686.73 -366.961 29.4092 -0.959588 0.012089 -8072.69 287.319
53 5.0148 8.06614 1370.41 -304.693 25.0078 -0.826538 0.0106466 -7117.15 261.287
54 9.62591 8.69505 1566.82 -342.312 27.7583 -0.911954 0.0115969 -10332.1 352.915
55 -31.1215 8.76125 998.04 -233.816 19.7992 -0.662164 0.00874338 -10515.3 355.439
56 -2.13316 8.05079 1862.92 -406.421 32.5072 -1.06454 0.013387 -10053 345.815
57 -77.7796 12.3131 1691.86 -380.415 30.9108 -1.02639 0.0131306 -8406.18 300.864
58 -24.1902 8.5771 1221.02 -281.449 23.5794 -0.791654 0.0103719 -7934.85 285.825
59 -8.96452 7.54789 1135.6 -259.511 21.7544 -0.725487 0.0094862 -10858.2 367.346
60 4.28785 7.77319 1593.38 -346.883 27.851 -0.90674 0.0113999 -10256.7 347.464
61 -21.6146 8.36872 1349.39 -304.909 25.0855 -0.831707 0.0107141 -9140.97 317.548
62 -22.8905 8.03674 1081.76 -247.545 20.584 -0.677638 0.00877767 -8151.07 286.44
63 -13.2452 8.65139 1448.07 -323.284 26.4672 -0.8774 0.0112645 -10977.2 371.525
64 -19.978 7.33252 1645.83 -364.619 29.2521 -0.956036 0.0120741 -10726.3 362.791
65 23.089 7.55744 1093.48 -244.077 20.496 -0.681462 0.00892467 -9293.99 322.218
66 27.0156 7.68233 1009.35 -227.03 19.3484 -0.647562 0.00853397 -8669.99 302.333
67 29.611 7.77048 1181.6 -259.706 21.5102 -0.706572 0.00910522 -11302.2 376.928
68 -8.31473 8.148 1312.81 -294.324 24.2405 -0.802522 0.0103445 -8001.3 284.44
69 -3.60828 7.42265 1890.74 -409.943 32.4267 -1.04782 0.0129772 -7441.01 266.913
70 -8.68424 7.93748 1265.92 -285.926 23.657 -0.784466 0.0101626 -8405.03 296.498
71 -16.8263 8.09449 707.07 -170.817 14.9832 -0.502207 0.00678482 -7789.27 276.764
72 16.7264 7.31633 1285.77 -282.185 23.0885 -0.757447 0.00969618 -10123 343.019
73 -27.9309 10.1022 734.306 -155.693 12.3678 -0.376077 0.00487796 -6406.81 237.63
74 3.23182 8.27891 457.363 -112.102 10.4461 -0.353558 0.00501609 -9137.18 315.593
75 3.58356 7.93519 837.231 -191.293 16.3463 -0.543192 0.00723696 -7015.42 255.431
76 5.5786 8.41939 1392.78 -305.032 24.6908 -0.803524 0.0101744 -8041.3 284.451
77 15.9076 7.76438 1343.13 -293.194 23.8768 -0.781148 0.00996829 -11768.2 390.613
78 -24.9333 8.36981 1111.55 -252.909 20.8504 -0.68253 0.00876086 -9210.99 314.195
79 20.3711 6.34756 1193.05 -262.876 21.6223 -0.709759 0.00911544 -7133.14 255.322
80 0.258538 8.71473 1280.23 -283.256 23.2196 -0.761835 0.0097428 -10677 358.629
81 5.18087 8.10267 1168.84 -258.801 21.2638 -0.695474 0.00892481 -7257.04 260.126
82 -12.9116 8.62258 1007.6 -229.662 19.1772 -0.631724 0.00822232 -10734.1 360.163
83 -11.1603 9.07754 731.948 -168.605 14.5165 -0.479692 0.00638687 -7731.17 271.017
84 -7.17457 9.35165 1105.89 -243.693 19.9908 -0.649413 0.00831262 -8367.66 291.227
85 0.818318 9.04605 1152.04 -255.684 21.1672 -0.695575 0.00896792 -8800.32 305.861
86 26.8007 7.66449 1174.21 -257.978 21.3831 -0.703667 0.00904558 -7270.4 259.675
87 -6.09467 8.62334 1067.16 -240.95 20.1603 -0.667115 0.00868157 -9496.95 324.553
88 0.373714 8.47721 1072.84 -245.121 20.6791 -0.689046 0.00901679 -8971.66 312.15
89 14.0576 8.72468 922.633 -199.093 16.6156 -0.543376 0.00721292 -5353.05 211.019
90 12.2264 8.00271 1295.63 -285.465 23.3894 -0.765812 0.00975305 -7200.91 259.762
91 -6.24024 8.24028 917.508 -209.868 17.7938 -0.588371 0.00769921 -11236 372.948
92 -5.81331 8.62536 771.337 -180.641 15.6711 -0.525032 0.00702853 -7883.76 276.976
93 -12.975 9.06665 1075.74 -246.87 20.7742 -0.690581 0.00901426 -11081.3 371.904
94 -29.5756 9.36479 1158.07 -261.934 21.5126 -0.700336 0.00891147 -8679.35 299.098
95 5.56922 9.46848 1189.26 -263.001 21.8123 -0.719447 0.00923486 -10359.4 348.029
