0 -15.0417 8.40426 -740.58 92.3325 0.193138 -0.265416 0.00927915 -2166.76 130
1 34.7874 7.2897 5349.22 -1375.69 130.92 -5.33263 0.0815377 -2146.1 130
2 63.8117 7.27231 2814.17 -749.713 74.81 -3.14141 0.0500008 -2107.37 130
3 22.8954 6.88013 -790.693 98.4049 0.284759 -0.273092 0.00909676 -2166.49 130
4 58.2048 6.53595 -689.339 90.2093 0.209628 -0.244897 0.00851509 -2116.14 130
5 65.3829 7.15342 -503.372 70.7299 0.216828 -0.183393 0.00675856 -2115.96 130
6 32.4507 7.11374 -749.495 95.4765 0.218787 -0.264663 0.00912156 -2121.52 130
7 50.3571 8.32526 3026.09 -789.585 76.6959 -3.1375 0.0486296 -2143.29 130
8 38.9329 7.40702 -209.395 22.2376 0.720679 -0.00985412 0.000995431 -2128.27 130
9 29.8732 6.7969 3986.33 -1027.14 98.4088 -4.02821 0.0623997 -2153.61 130
10 28.5192 8.70876 3544.36 -937.657 91.8446 -3.8141 0.0598816 -2119.68 130
11 54.7041 9.00339 2527.01 -657.132 64.3599 -2.64747 0.0416467 -2112.12 130
12 56.0263 7.67089 5973.05 -1471.06 134.951 -5.31735 0.07883 -2126.87 130
13 42.2076 7.85916 3610.46 -937.282 90.9488 -3.7623 0.0589677 -2139.57 130
14 12.6568 8.38856 3975.73 -1007.44 94.3989 -3.765 0.0567979 -2173.49 130
15 18.2076 7.21505 3671.72 -955.478 91.3147 -3.69732 0.0564417 -2207.89 130
16 36.5134 6.03939 3902.63 -986.285 92.8632 -3.73688 0.0571327 -2148.09 130
17 59.1535 6.77829 -70.0983 21.348 0.154217 -0.0321382 0.00271347 -2142.8 130
18 23.0163 6.7775 2925.94 -805.016 81.473 -3.48247 0.0561375 -2181.9 130
19 32.603 7.96061 3996.42 -1005.81 93.8799 -3.72621 0.0559271 -2166.49 130
20 54.5458 6.58514 -571.724 74.3883 0.312913 -0.194182 0.00687512 -2142.49 130
21 48.6076 7.64426 3412.14 -861.835 80.7732 -3.19543 0.0479185 -2151.03 130
22 26.4463 8.98549 4938.92 -1210.94 109.94 -4.2591 0.0622009 -2167.59 130
23 39.2992 6.95181 4350.71 -1103.89 103.92 -4.1743 0.0632793 -2162.35 130
24 75.328 7.9537 5751.86 -1419.44 130.577 -5.14815 0.0762906 -2131.78 130
25 54.4492 7.38903 6593.02 -1605.53 145.242 -5.65003 0.0825492 -2160.59 130
26 35.2513 7.95229 3342.75 -842.113 78.9916 -3.1365 0.0473434 -2158.86 130
27 36.5638 8.6284 4387.2 -1101.6 103.138 -4.13249 0.062621 -2153.57 130
28 61.6955 7.9691 -388.594 54.0553 0.424807 -0.134093 0.0049906 -2147.11 130
29 19.7647 8.51905 -389.503 52.7627 0.256923 -0.131536 0.00526418 -2174.2 130
30 37.8005 9.83191 -281.706 40.6869 0.372982 -0.0893275 0.00388983 -2149.85 130
31 41.3162 6.85201 64.5812 -1.16858 0.345532 0.048299 6.35776e-05 -2166.97 130
32 -52.2171 10.8034 4215.39 -1059.89 97.1318 -3.79287 0.055974 -2263.07 130
33 -12.4727 6.46695 5182.62 -1353.35 129.047 -5.2686 0.0807067 -2233.22 130
34 -19.4495 6.94435 3115.27 -833.286 80.9448 -3.32534 0.0516557 -2248.2 130
35 5.92109 6.12901 4973.99 -1263.42 118.329 -4.7564 0.0720134 -2235.42 130
36 -8.2709 5.53811 3703.78 -950.126 88.9212 -3.5388 0.0532414 -2273.13 130
37 10.3156 5.15022 -608.932 72.9465 0.320839 -0.199077 0.00698994 -2227.54 130
38 -6.88435 6.56031 5449.29 -1336.02 120.275 -4.63622 0.0672496 -2235.22 130
39 4.59375 4.93653 4567.93 -1156.48 107.031 -4.21987 0.0625137 -2258.95 130
40 1.47309 6.1689 -578.382 68.8751 0.321976 -0.182113 0.00641143 -2260.66 130
41 1.28264 6.52215 -580.985 70.2931 0.320089 -0.19072 0.00666746 -2250.94 130
42 -17.6406 6.96494 -602.156 68.9096 0.307774 -0.174061 0.00612426 -2258.28 130
43 -15.4956 6.27127 -812.631 94.3399 0.286509 -0.263944 0.00869708 -2279.61 130
44 9.61035 6.9234 2572.96 -681.328 66.6552 -2.75271 0.0433277 -2216.03 130
45 -13.6746 7.51745 2414.98 -672.965 67.958 -2.87912 0.0461061 -2260.23 130
46 -25.7405 8.29786 -180.129 13.2516 0.612159 0.00636454 0.000592272 -2291.17 130
47 -24.5962 7.79746 4819.11 -1229.37 114.898 -4.6026 0.0693342 -2314.58 130
48 -68.9823 12.1051 -593.65 69.3823 0.200128 -0.18548 0.0066874 -2278.35 130
49 -56.2018 11.1936 -487.894 55.1936 0.336611 -0.137976 0.00514059 -2280.18 130
50 -5.87774 7.77562 -370.954 45.5048 0.349281 -0.112138 0.00450262 -2242.04 130
51 7.95007 8.74953 3058.93 -775.764 72.3936 -2.84883 0.0425663 -2235.68 130
52 63.162 2.56563e-08 2632.43 -725.213 71.9311 -3.00951 0.0476805 -2281.99 130
53 -3.14936 7.47283 -575.304 69.2608 0.288997 -0.181678 0.00642862 -2242.35 130
54 -3.71704 7.6928 5220.78 -1330.67 124.496 -4.98661 0.0748857 -2263.12 130
55 -9.65099 6.50344 -312.474 37.8043 0.391659 -0.0933136 0.00397219 -2270.51 130
56 -90.4655 14.5982 -201.654 21.3187 0.398277 -0.0392768 0.00244092 -2279.47 130
57 -12.4663 6.28407 2438.93 -669.329 66.7098 -2.79439 0.0444285 -2257.98 130
58 -2.46594 6.06322 3627.56 -913.712 85.0378 -3.38029 0.051035 -2253.87 130
59 -54.7928 11.7162 3843.57 -958.457 87.0492 -3.35263 0.0487733 -2279.72 130
60 -1.85978 5.52943 -537.283 61.8639 0.38388 -0.158948 0.0056328 -2256.96 130
61 -7.02065 6.90623 2815.53 -735.155 69.9864 -2.80318 0.04258 -2271.67 130
62 0.630138 7.62626 -2083.89 570.592 -56.4936 2.49957 -0.0388166 -2237.38 130
63 -73.8195 12.9535 3896.95 -1007.46 95.3936 -3.8584 0.0588713 -2303.22 130
64 -9.90171 5.80383 1666.91 -505.661 53.7421 -2.34438 0.0387989 -2219.09 130
65 -2.31506 5.15261 5010.26 -1293.99 121.977 -4.91581 0.0744458 -2224.78 130
66 -26.9842 7.38402 4579.57 -1181.64 111.079 -4.46073 0.0674258 -2259.87 130
67 -0.259454 4.73359 5623.59 -1393.84 126.246 -4.89972 0.0715391 -2251.81 130
68 15.609 6.37433 -506.964 53.6295 0.537739 -0.0996323 0.00347334 -2205.57 130
69 2.9892 6.28867 -527.381 63.2614 0.290076 -0.162148 0.0060052 -2227.85 130
70 -13.1267 6.11523 -783.064 91.2872 0.168871 -0.242197 0.00828044 -2240.73 130
71 5.52846 7.25048 1539.11 -475.839 52.2705 -2.34457 0.0398191 -2163.91 130
72 46.6199 2.76991e-09 5537.75 -1404.64 130.043 -5.1715 0.0773927 -2253.61 130
73 -9.38625 5.65171 4734.36 -1237.4 118.285 -4.83935 0.0744046 -2239.62 130
74 -1.57552 5.02284 -35.8427 -12.5374 1.08442 0.0812473 -0.00186413 -2244.71 130
75 -4.1784 5.9451 -741.66 85.5935 0.232769 -0.219853 0.0074721 -2249.81 130
76 -20.6206 6.83227 -697.068 77.0252 0.361668 -0.192591 0.00653186 -2243.49 130
77 11.5468 5.84814 -668.681 76.76 0.346717 -0.192206 0.00650512 -2249.6 130
78 23.6364 5.42159 4930.61 -1232.94 113.204 -4.43146 0.0652162 -2219.79 130
79 -69.7886 12.1296 -399.426 42.227 0.49308 -0.0987478 0.00397753 -2251.94 130
80 1.88615 6.74819 -503.787 60.3235 0.329747 -0.153459 0.00565114 -2234.58 130
81 3.91547 4.73434 -574.806 67.1086 0.363671 -0.183617 0.00654523 -2248.37 130
82 -34.4126 8.52231 433.606 -71.069 1.58453 0.243359 -0.00683702 -2276.82 130
83 21.9872 5.06594 -487.262 58.6753 0.349569 -0.149597 0.00556941 -2216.19 130
84 -1.40211 5.03859 -3799.73 897.322 -78.1088 3.0432 -0.0422251 -2338.11 130
85 -64.092 11.4286 -528.253 60.1371 0.354407 -0.16215 0.00608664 -2238.24 130
86 8.80899 5.19774 5924.17 -1516.85 142.385 -5.72881 0.086288 -2234.29 130
87 -7.6818 6.3074 3630.22 -965.14 93.5252 -3.84718 0.059631 -2230.91 130
88 -0.491209 4.69796 -913.287 104.275 0.153633 -0.266197 0.00881307 -2216.23 130
89 -13.9397 7.0492 -660.079 78.694 0.36659 -0.225108 0.00785545 -2196.67 130
90 0.362092 4.44272 4957.16 -1299 123.86 -5.03822 0.0767682 -2241.28 130
91 -33.7061 8.49263 2508.75 -647.939 59.9702 -2.30328 0.033654 -2256.58 130
92 -13.9216 6.21502 -635.437 75.0948 0.172306 -0.193584 0.00706393 -2208.37 130
93 -72.9638 11.6251 3342.05 -900.972 87.8916 -3.63979 0.0569452 -2253.78 130
94 -6.41248 6.08272 -1079.23 126.777 -0.0884139 -0.327976 0.0106285 -2236.01 130
95 -29.9617 8.03232 -1043.46 121.354 0.127008 -0.332711 0.0107375 -2243.22 130
