5 13 12 36 35 38
5 13 12 36 35 38
5 13 12 36 35 38
5 13 12 29 28 35
5 13 12 29 28 35
5 13 12 27 25 33
5 13 12 35 32 37
5 13 12 35 32 37
5 13 12 24 24 28
5 13 12 30 28 34
5 13 12 30 28 34
5 13 12 23 22 26
5 13 12 35 32 37
5 13 12 35 32 37
5 13 12 35 32 37
5 13 12 35 32 37
5 13 12 37 35 38
5 13 12 36 35 37
5 13 12 36 32 35
5 13 12 36 35 37
5 13 12 36 35 37
5 13 12 35 32 37
5 13 12 35 32 37
5 13 12 35 32 37
5 13 12 35 34 36
5 13 12 35 34 36
5 13 12 35 34 36
5 13 12 35 34 36
5 13 12 35 32 37
5 13 12 35 32 37